10746,[15,52,208,578,3824,4299,4440,4561,9491],[1.0,1.0,1.0,1.0,1.0,1.0,1.0,1.0,1.0]
10746,[53,208,213,5941,6429,7153,7416,7836,8859,10360],[1.0,1.0,1.0,1.0,1.0,1.0,1.0,1.0,1.0,1.0]
10746,[728,936,1037,6603,7319,7491,7518,10536],[1.0,1.0,1.0,1.0,1.0,1.0,1.0,1.0]
10746,[991,1862,3070,4332,4520,5188,5662,8114,10617],[1.0,1.0,1.0,1.0,1.0,1.0,1.0,1.0,1.0]
10746,[1526,4202,6298,6590,8249,8558,9557,9625],[1.0,1.0,1.0,1.0,1.0,1.0,1.0,1.0]
10746,[501,550,2432,3731,4711,5222,5648,7545,9988,10232],[1.0,1.0,1.0,1.0,1.0,1.0,1.0,1.0,1.0,1.0]
10746,[463,2455,2708,4149,6335,7441,8842,9460,10068],[1.0,1.0,1.0,1.0,1.0,1.0,1.0,1.0,1.0]
10746,[2708,4405,4534,6299,8729,10185,10621,10734],[1.0,1.0,1.0,1.0,1.0,1.0,1.0,1.0]
10746,[902,1411,2708,3134,4042,4142,4577,4597,7572,10617],[1.0,1.0,1.0,1.0,1.0,1.0,1.0,1.0,1.0,1.0]
10746,[529,2123,4721,4804,8554,9713],[1.0,1.0,1.0,1.0,1.0,1.0]
10746,[552,988,1237,1301,4649,6335,9270,9379],[1.0,1.0,1.0,1.0,1.0,1.0,1.0,1.0]
10746,[365,991,3075,3299,3897,6229,9292,10103,10300],[1.0,1.0,1.0,1.0,1.0,1.0,1.0,1.0,1.0]
10746,[529,1920,5294,6035,6115,8202,10617],[1.0,1.0,1.0,1.0,1.0,1.0,1.0]
10746,[2425,3946,4873,6257,7390,9632,10024,10529],[1.0,1.0,1.0,1.0,1.0,1.0,1.0,1.0]
10746,[348,515,3036,4525,7003,9185,10024,10445],[1.0,1.0,1.0,1.0,1.0,1.0,1.0,1.0]
10746,[2447,4656,5615,7610,10024,10191],[1.0,1.0,1.0,1.0,1.0,1.0]
10746,[729,2016,4241,4649,6167,6467,6610,9632],[1.0,1.0,1.0,1.0,1.0,1.0,1.0,1.0]
10746,[348,375,507,1099,2022,4520,6467,6574,7423,9632],[1.0,1.0,1.0,1.0,1.0,1.0,1.0,1.0,1.0,1.0]
10746,[843,1340,1830,3685,4649,4873,9465,9607,9632],[1.0,1.0,1.0,1.0,1.0,1.0,1.0,1.0,1.0]
10746,[501,1534,4193,4525,6335,6601,7506,8917,9607],[1.0,1.0,1.0,1.0,1.0,1.0,1.0,1.0,1.0]
10746,[1830,4223,4611,6370,7423,7561,10024,10222],[1.0,1.0,1.0,1.0,1.0,1.0,1.0,1.0]
10746,[725,1535,1757,4188,6590,10536,10617,10621],[1.0,1.0,1.0,1.0,1.0,1.0,1.0,1.0]
10746,[126,1275,1340,3442,4328,4873,7003,7174,10627],[1.0,1.0,1.0,1.0,1.0,1.0,1.0,1.0,1.0]
10746,[4366,4576,6358,7494,7515,7877,8411,10627],[1.0,1.0,1.0,1.0,1.0,1.0,1.0,1.0]
10746,[365,501,2774,3064,6603,6818,7213,8041,9289],[1.0,1.0,1.0,1.0,1.0,1.0,1.0,1.0,1.0]
10746,[13,902,1071,1237,1706,2455,5142,9005,10419],[1.0,1.0,1.0,1.0,1.0,1.0,1.0,1.0,1.0]
10746,[15,52,208,578,3662,4299,9491],[1.0,1.0,1.0,1.0,1.0,1.0,1.0]
