10746,[185,4440,4760,4864,6193,8635,9325,9632],[1.0,1.0,1.0,1.0,1.0,1.0,1.0,1.0]
10746,[213,1944,2253,4864,7493,7542,7989,10247,10360,10463],[1.0,1.0,1.0,1.0,1.0,1.0,1.0,1.0,1.0,1.0]
10746,[158,936,1944,2346,3244,3537,4550,4722,5373],[1.0,1.0,1.0,1.0,1.0,1.0,1.0,1.0,1.0]
10746,[661,747,1299,3685,4862,5320,7379,8114,10361],[1.0,1.0,1.0,1.0,1.0,1.0,1.0,1.0,1.0]
10746,[204,1439,1539,3582,4360,4405,8241,8630,8729],[1.0,1.0,1.0,1.0,1.0,1.0,1.0,1.0,1.0]
10746,[144,2627,2916,3502,3975,4881,6471,8308,9273],[1.0,1.0,1.0,1.0,1.0,1.0,1.0,1.0,1.0]
10746,[233,1791,3062,3582,4405,8262,8579,10621],[1.0,1.0,1.0,1.0,1.0,1.0,1.0,1.0]
10746,[141,6172,8070,8602,8828,9270,9377],[1.0,1.0,1.0,1.0,1.0,1.0,1.0]
10746,[141,610,1060,6198,6891,7275,7413,8139,8683,9926],[1.0,1.0,1.0,1.0,1.0,1.0,1.0,1.0,1.0,1.0]
10746,[856,886,2793,3327,3642,5184,5995,8384,9426,10575],[1.0,1.0,1.0,1.0,1.0,1.0,1.0,1.0,1.0,1.0]
10746,[610,2223,2983,4864,6502,7493,7542],[1.0,1.0,1.0,1.0,1.0,1.0,1.0]
10746,[211,1172,1755,2596,5830,6978,9595],[1.0,1.0,1.0,1.0,1.0,1.0,1.0]
10746,[356,2463,5634,6282,7207,7923,9270],[1.0,1.0,1.0,1.0,1.0,1.0,1.0]
10746,[1903,2095,5513,5771,6502,6597,8946],[1.0,1.0,1.0,1.0,1.0,1.0,1.0]
