10746,[2425,3146,4294,4440,8290,8315,9748,9887],[1.0,1.0,1.0,1.0,1.0,1.0,1.0,1.0]
10746,[1652,2518,4778,4895,5622,7702,8290,9988,10152,10360],[1.0,1.0,1.0,1.0,1.0,1.0,1.0,1.0,1.0,1.0]
10746,[213,698,2272,2876,7101,10463],[1.0,1.0,1.0,1.0,1.0,1.0]
10746,[896,936,3569,4217,4405,7381,10433],[1.0,1.0,1.0,1.0,1.0,1.0,1.0]
10746,[902,2596,3651,3754,4217,7517,8298],[1.0,1.0,1.0,1.0,1.0,1.0,1.0]
10746,[372,956,2162,7955,10536,10682],[1.0,1.0,1.0,1.0,1.0,1.0]
10746,[13,747,1665,4768,5981,8115,10327,10536],[1.0,1.0,1.0,1.0,1.0,1.0,1.0,1.0]
10746,[2885,2916,3651,7506,8875,9165,10308],[1.0,1.0,1.0,1.0,1.0,1.0,1.0]
10746,[765,1903,2019,2916,3515,3714,3741,4534],[1.0,1.0,1.0,1.0,1.0,1.0,1.0,1.0]
10746,[769,869,4888,8729,9714,10492],[1.0,1.0,1.0,1.0,1.0,1.0]
10746,[364,1136,1264,2916,3039,3426,7518,9632],[1.0,1.0,1.0,1.0,1.0,1.0,1.0,1.0]
10746,[5981,7506,7517,8176,8298,9748],[1.0,1.0,1.0,1.0,1.0,1.0]
10746,[902,1626,2162,3188,4789,5793,6341,6400,7955],[1.0,1.0,1.0,1.0,1.0,1.0,1.0,1.0,1.0]
10746,[4954,5001,5759,7419,7519,9049,9419,10033,10634],[1.0,1.0,1.0,1.0,1.0,1.0,1.0,1.0,1.0]
10746,[869,896,1910,3070,5252,9714,10068,10321],[1.0,1.0,1.0,1.0,1.0,1.0,1.0,1.0]
10746,[883,3146,7381,8092,8290,8315,9748,9887],[1.0,1.0,1.0,1.0,1.0,1.0,1.0,1.0]
10746,[856,1652,4895,5184,5622,5740,8290,9988],[1.0,1.0,1.0,1.0,1.0,1.0,1.0,1.0]
