10746,[39,3844,4440,6131,6753,8635,10201],[1.0,1.0,1.0,1.0,1.0,1.0,1.0]
10746,[213,1237,2518,4055,4778,5017,7463,9865,10152,10360],[1.0,1.0,1.0,1.0,1.0,1.0,1.0,1.0,1.0,1.0]
10746,[3844,5975,6022,6753,8104,8140,10188],[1.0,1.0,1.0,1.0,1.0,1.0,1.0]
10746,[663,936,3318,5836,6172,7038,7634,9523,9972],[1.0,1.0,1.0,1.0,1.0,1.0,1.0,1.0,1.0]
10746,[608,4405,5320,5345,6810,7323,7532,8991,10222],[1.0,1.0,1.0,1.0,1.0,1.0,1.0,1.0,1.0]
10746,[663,2022,3149,3311,7338,7502,7792,9595],[1.0,1.0,1.0,1.0,1.0,1.0,1.0,1.0]
10746,[464,822,3472,4332,5144,9523],[1.0,1.0,1.0,1.0,1.0,1.0]
10746,[822,5641,6547,7423,7923,8554,9646],[1.0,1.0,1.0,1.0,1.0,1.0,1.0]
10746,[2916,4113,5345,8327,8854,9523,10350,10557],[1.0,1.0,1.0,1.0,1.0,1.0,1.0,1.0]
10746,[4149,4424,4520,9270,9292,9595,10621,10680],[1.0,1.0,1.0,1.0,1.0,1.0,1.0,1.0]
10746,[747,1255,4934,5571,6335,10068,10508,10621],[1.0,1.0,1.0,1.0,1.0,1.0,1.0,1.0]
10746,[608,869,1411,4113,6549,7317,10508],[1.0,1.0,1.0,1.0,1.0,1.0,1.0]
10746,[3075,3472,4113,4202,6580,7423,8114],[1.0,1.0,1.0,1.0,1.0,1.0,1.0]
10746,[937,4191,4650,4899,5345,7339,8898,9733],[1.0,1.0,1.0,1.0,1.0,1.0,1.0,1.0]
10746,[357,5836,6335,6819,7506,9991,10716],[1.0,1.0,1.0,1.0,1.0,1.0,1.0]
10746,[365,3342,3768,6229,7795,8686,8991,9886],[1.0,1.0,1.0,1.0,1.0,1.0,1.0,1.0]
10746,[3193,3783,7515,8114,9270,9534],[1.0,1.0,1.0,1.0,1.0,1.0]
10746,[827,1238,1255,4114,4332,6547,8991,9910],[1.0,1.0,1.0,1.0,1.0,1.0,1.0,1.0]
10746,[822,3709,4219,4721,8421,9523,9910,9972,10433],[1.0,1.0,1.0,1.0,1.0,1.0,1.0,1.0,1.0]
10746,[827,1706,3127,3890,5345,6547,7813,8991,9364],[1.0,1.0,1.0,1.0,1.0,1.0,1.0,1.0,1.0]
10746,[3651,4332,6877,8196,8942,9189,10327,10362,10508,10617],[1.0,1.0,1.0,1.0,1.0,1.0,1.0,1.0,1.0,1.0]
10746,[822,5315,5756,5840,6819,9005,9107,9460],[1.0,1.0,1.0,1.0,1.0,1.0,1.0,1.0]
10746,[966,2493,3741,3903,7875,8557,10467,10684],[1.0,1.0,1.0,1.0,1.0,1.0,1.0,1.0]
10746,[2493,2916,4755,7653,8509,8557,9362,10684],[1.0,1.0,1.0,1.0,1.0,1.0,1.0,1.0]
10746,[822,3669,3903,7515,8554,9270,9523,9972,10139,10433],[1.0,1.0,1.0,1.0,1.0,1.0,1.0,1.0,1.0,1.0]
10746,[666,2425,3768,7946,8942,9039,10176],[1.0,1.0,1.0,1.0,1.0,1.0,1.0]
10746,[6753,8280,8807],[1.0,1.0,1.0]
