10746,[2527,4191,4440,4561,8982,9812,10360],[1.0,1.0,1.0,1.0,1.0,1.0,1.0]
10746,[213,2518,2779,3597,4778,4895,5254,9988,10152,10247],[1.0,1.0,1.0,1.0,1.0,1.0,1.0,1.0,1.0,1.0]
10746,[265,728,4069,7367,7582,9654,9812],[1.0,1.0,1.0,1.0,1.0,1.0,1.0]
10746,[936,1249,4069,4191,4389,5236,7506,8875,10397],[1.0,1.0,1.0,1.0,1.0,1.0,1.0,1.0,1.0]
10746,[1099,1662,2627,4217,4389,5978,8580,9632,10433],[1.0,1.0,1.0,1.0,1.0,1.0,1.0,1.0,1.0]
10746,[860,1910,2438,3651,4217,5236,8673,9695],[1.0,1.0,1.0,1.0,1.0,1.0,1.0,1.0]
10746,[14,206,1841,3327,3727,5328,8476,9632,10433],[1.0,1.0,1.0,1.0,1.0,1.0,1.0,1.0,1.0]
10746,[2114,3563,4217,8114,8595,8917,9023,9362,10433],[1.0,1.0,1.0,1.0,1.0,1.0,1.0,1.0,1.0]
10746,[1558,1662,4202,4217,4285,4931,8041],[1.0,1.0,1.0,1.0,1.0,1.0,1.0]
10746,[2627,5236,5497,5641,5978,6603,8476,9632,10094],[1.0,1.0,1.0,1.0,1.0,1.0,1.0,1.0,1.0]
10746,[14,673,2743,3728,6182,7019,8476,10665],[1.0,1.0,1.0,1.0,1.0,1.0,1.0,1.0]
10746,[878,2728,3829,7379,8716,8904,9557,9632],[1.0,1.0,1.0,1.0,1.0,1.0,1.0,1.0]
10746,[1534,2799,7244,7899,8584,8904,8906,10621],[1.0,1.0,1.0,1.0,1.0,1.0,1.0,1.0]
10746,[1099,2455,2874,3036,3602,7914,8673,9409,9632,10419],[1.0,1.0,1.0,1.0,1.0,1.0,1.0,1.0,1.0,1.0]
10746,[102,946,1440,3859,5328,7649,7843,9632,10433],[1.0,1.0,1.0,1.0,1.0,1.0,1.0,1.0,1.0]
10746,[2114,2182,2919,3563,3859,4217,4640,7019,7751,10433],[1.0,1.0,1.0,1.0,1.0,1.0,1.0,1.0,1.0,1.0]
10746,[172,5679,6316,6754,7502,8103,9348,9626],[1.0,1.0,1.0,1.0,1.0,1.0,1.0,1.0]
10746,[287,1054,2985,3178,5166,7182,8211,9438,9622],[1.0,1.0,1.0,1.0,1.0,1.0,1.0,1.0,1.0]
10746,[558,1706,2079,2492,6180,6996,10337],[1.0,1.0,1.0,1.0,1.0,1.0,1.0]
10746,[1534,2185,2509,5142,5236,6590,6603,7751,7914,9262],[1.0,1.0,1.0,1.0,1.0,1.0,1.0,1.0,1.0,1.0]
10746,[14,1610,2187,2596,6017,6257,6394,8960],[1.0,1.0,1.0,1.0,1.0,1.0,1.0,1.0]
10746,[259,902,5983,6035,7117,8525,8960,9270],[1.0,1.0,1.0,1.0,1.0,1.0,1.0,1.0]
10746,[956,1673,2627,4191,4294,5592,6341,8170],[1.0,1.0,1.0,1.0,1.0,1.0,1.0,1.0]
10746,[4060,5532,5705,6044,6645,8008,9213,10228],[1.0,1.0,1.0,1.0,1.0,1.0,1.0,1.0]
10746,[1255,5289,5710,5850,6335,9273],[1.0,1.0,1.0,1.0,1.0,1.0]
10746,[597,869,5001,5513,5983,6341,8595,10539],[1.0,1.0,1.0,1.0,1.0,1.0,1.0,1.0]
10746,[1712,2123,3545,4611,5710,8280,8904],[1.0,1.0,1.0,1.0,1.0,1.0,1.0]
10746,[42,4179,4888,8370,9528],[1.0,1.0,1.0,1.0,1.0]
10746,[26,29,447,4042,7285,9420,10170,10327],[1.0,1.0,1.0,1.0,1.0,1.0,1.0,1.0]
10746,[29,447,1255,1616,1920,3515,5710],[1.0,1.0,1.0,1.0,1.0,1.0,1.0]
10746,[4066,5537,6020,6229,6335,6341,7077,9379,9420],[1.0,1.0,1.0,1.0,1.0,1.0,1.0,1.0,1.0]
10746,[4217,7074,7084,7502,9316,10621,10682,10714],[1.0,1.0,1.0,1.0,1.0,1.0,1.0,1.0]
10746,[631,1275,4576,5735,6229,8817,10203,10617],[1.0,1.0,1.0,1.0,1.0,1.0,1.0,1.0]
10746,[2530,5179,5207,7266,8580,9819,9831,10617],[1.0,1.0,1.0,1.0,1.0,1.0,1.0,1.0]
10746,[2530,4534,4950,6368,7384,7423,7511,8421,8673,9393],[1.0,1.0,1.0,1.0,1.0,1.0,1.0,1.0,1.0,1.0]
10746,[567,1099,4066,4217,5770,6257,6335,7074],[1.0,1.0,1.0,1.0,1.0,1.0,1.0,1.0]
10746,[289,2278,3545,7005,8114,8280,9298,9522],[1.0,1.0,1.0,1.0,1.0,1.0,1.0,1.0]
10746,[769,869,2576,2916,3791,5950,6335,6685,7653,10478],[1.0,1.0,1.0,1.0,1.0,1.0,1.0,1.0,1.0,1.0]
10746,[1829,3784,4145,4576,6298,7826,8902,9270,9465],[1.0,1.0,1.0,1.0,1.0,1.0,1.0,1.0,1.0]
10746,[631,766,869,1535,1829,4106,4217,4332,4857,8126],[1.0,1.0,1.0,1.0,1.0,1.0,1.0,1.0,1.0,1.0]
10746,[869,1810,1948,2530,3075,4576,5231,5294,10139],[1.0,1.0,1.0,1.0,1.0,1.0,1.0,1.0,1.0]
10746,[1255,1535,1706,1810,4036,10139,10617],[1.0,1.0,1.0,1.0,1.0,1.0,1.0]
10746,[289,3545,6335,6685,9045,9298,9522,10093,10478],[1.0,1.0,1.0,1.0,1.0,1.0,1.0,1.0,1.0]
10746,[896,1099,2260,3535,5820,8114,8817,10068],[1.0,1.0,1.0,1.0,1.0,1.0,1.0,1.0]
10746,[631,1099,2455,2530,3647,5179,5735,8817,10419],[1.0,1.0,1.0,1.0,1.0,1.0,1.0,1.0,1.0]
10746,[357,631,869,3874,4405,5633,7423,8126],[1.0,1.0,1.0,1.0,1.0,1.0,1.0,1.0]
10746,[869,896,1099,1535,2916,4106,5472,9953,10617],[1.0,1.0,1.0,1.0,1.0,1.0,1.0,1.0,1.0]
10746,[774,2527,2530,4895,5231,8585,8899,8982,9988],[1.0,1.0,1.0,1.0,1.0,1.0,1.0,1.0,1.0]
10746,[2779,3597,5254,5622,8982,9812],[1.0,1.0,1.0,1.0,1.0,1.0]
