10746,[2144,4191,4440,4561,5442,6758,8403,9542],[1.0,1.0,1.0,1.0,1.0,1.0,1.0,1.0]
10746,[728,2144,2518,4069,4778,5442,9654,10152,10360],[1.0,1.0,1.0,1.0,1.0,1.0,1.0,1.0,1.0]
10746,[213,265,1304,1652,5442,5512,7367,7582,8389],[1.0,1.0,1.0,1.0,1.0,1.0,1.0,1.0,1.0]
10746,[728,878,936,1249,1291,4069,8070,9632],[1.0,1.0,1.0,1.0,1.0,1.0,1.0,1.0]
10746,[769,946,1299,3732,4244,5236,7751,9632,10433],[1.0,1.0,1.0,1.0,1.0,1.0,1.0,1.0,1.0]
10746,[501,869,1621,1993,3545,9290,9632],[1.0,1.0,1.0,1.0,1.0,1.0,1.0]
10746,[1924,2691,3545,4191,6176,6182,9632],[1.0,1.0,1.0,1.0,1.0,1.0,1.0]
10746,[1097,1535,2366,2588,3216,5669,9774],[1.0,1.0,1.0,1.0,1.0,1.0,1.0]
10746,[3455,4191,4229,4389,5236,7506,7622,8875,10397],[1.0,1.0,1.0,1.0,1.0,1.0,1.0,1.0,1.0]
10746,[1099,1662,5937,8519,8580,10433],[1.0,1.0,1.0,1.0,1.0,1.0]
10746,[1535,2618,3925,4184,4285,4742,5830,8012,8723],[1.0,1.0,1.0,1.0,1.0,1.0,1.0,1.0,1.0]
10746,[191,6229,9851,10082,10297],[1.0,1.0,1.0,1.0,1.0]
10746,[191,4217,4285,4553,6870,6886,8580],[1.0,1.0,1.0,1.0,1.0,1.0,1.0]
10746,[142,869,1706,2627,4217,4389,5236,5978,9632],[1.0,1.0,1.0,1.0,1.0,1.0,1.0,1.0,1.0]
10746,[896,1679,3560,4011,4217,4405,5166,5236,7182,9632],[1.0,1.0,1.0,1.0,1.0,1.0,1.0,1.0,1.0,1.0]
10746,[126,2075,2335,4008,7515,8552,8744,9165,10618],[1.0,1.0,1.0,1.0,1.0,1.0,1.0,1.0,1.0]
10746,[1036,2493,2627,3408,4389,4405,5236,5978,9632,9851],[1.0,1.0,1.0,1.0,1.0,1.0,1.0,1.0,1.0,1.0]
10746,[860,1910,2438,3651,4191,5592,8673,9695],[1.0,1.0,1.0,1.0,1.0,1.0,1.0,1.0]
10746,[14,206,1841,3327,3727,5328,8476,9632,10433],[1.0,1.0,1.0,1.0,1.0,1.0,1.0,1.0,1.0]
10746,[3563,3727,4217,6229,7506,8114,8595,8917,9023],[1.0,1.0,1.0,1.0,1.0,1.0,1.0,1.0,1.0]
10746,[1098,1291,2530,4217,4611,5710,8114,8630],[1.0,1.0,1.0,1.0,1.0,1.0,1.0,1.0]
10746,[956,1150,2916,5710,7500,8628,9289],[1.0,1.0,1.0,1.0,1.0,1.0,1.0]
10746,[843,889,1712,4032,4534,9409,9420,9632,10539],[1.0,1.0,1.0,1.0,1.0,1.0,1.0,1.0,1.0]
10746,[1099,2455,3036,3602,3859,5328,7914,9632,10419,10433],[1.0,1.0,1.0,1.0,1.0,1.0,1.0,1.0,1.0,1.0]
10746,[102,946,1440,2182,5166,7182,7649,7843,10082],[1.0,1.0,1.0,1.0,1.0,1.0,1.0,1.0,1.0]
10746,[896,902,1008,1284,2255,3013,4405,6083,9920],[1.0,1.0,1.0,1.0,1.0,1.0,1.0,1.0,1.0]
10746,[1054,2114,3859,4114,4217,6083,8041,10115,10433],[1.0,1.0,1.0,1.0,1.0,1.0,1.0,1.0,1.0]
10746,[172,2919,3563,4217,4640,6754,7019,7502,7751],[1.0,1.0,1.0,1.0,1.0,1.0,1.0,1.0,1.0]
10746,[14,1534,5142,5236,6257,6603,7914,9262],[1.0,1.0,1.0,1.0,1.0,1.0,1.0,1.0]
10746,[365,1706,2919,4606,4784,5236,6394,7890,7914],[1.0,1.0,1.0,1.0,1.0,1.0,1.0,1.0,1.0]
10746,[956,1949,4191,5592,6098,9383],[1.0,1.0,1.0,1.0,1.0,1.0]
10746,[4294,5532,5705,6044,6645,8008,9213,10228],[1.0,1.0,1.0,1.0,1.0,1.0,1.0,1.0]
10746,[2156,3409,4060,4188,5850,8624,9273,9569,9632],[1.0,1.0,1.0,1.0,1.0,1.0,1.0,1.0,1.0]
10746,[4598,5345,5372,6082,6645,9521,9569,10139,10617,10621],[1.0,1.0,1.0,1.0,1.0,1.0,1.0,1.0,1.0,1.0]
10746,[980,3257,5710,6713,9841,10232,10445],[1.0,1.0,1.0,1.0,1.0,1.0,1.0]
10746,[1712,1817,4277,4414,8372,8476,8582,9569],[1.0,1.0,1.0,1.0,1.0,1.0,1.0,1.0]
10746,[782,801,1450,4332,4534,6002,9298,9762],[1.0,1.0,1.0,1.0,1.0,1.0,1.0,1.0]
10746,[1290,2206,3409,5289,5738,6335,8163],[1.0,1.0,1.0,1.0,1.0,1.0,1.0]
10746,[597,837,869,1255,5001,5513,5710,6341,10539],[1.0,1.0,1.0,1.0,1.0,1.0,1.0,1.0,1.0]
10746,[182,705,896,2401,4405,6530,7074,10159],[1.0,1.0,1.0,1.0,1.0,1.0,1.0,1.0]
10746,[889,897,3417,7074,7649,8875,9851],[1.0,1.0,1.0,1.0,1.0,1.0,1.0]
10746,[7903],[1.0]
