10746,[513,654,2455,3864,4440,6626,10326],[1.0,1.0,1.0,1.0,1.0,1.0,1.0]
10746,[213,806,851,1310,1652,3261,4955,5622,10360,10463],[1.0,1.0,1.0,1.0,1.0,1.0,1.0,1.0,1.0,1.0]
10746,[936,2913,3428,4405,8578,9708,10025,10433,10621],[1.0,1.0,1.0,1.0,1.0,1.0,1.0,1.0,1.0]
10746,[1160,1793,5985,7166,7842,9438,10025],[1.0,1.0,1.0,1.0,1.0,1.0,1.0]
10746,[303,529,1099,1948,6492,7649,8252,8875],[1.0,1.0,1.0,1.0,1.0,1.0,1.0,1.0]
10746,[1099,1255,2185,2913,3758,5877,6851],[1.0,1.0,1.0,1.0,1.0,1.0,1.0]
10746,[635,1099,1218,2455,6536,7339,7518,10056,10536],[1.0,1.0,1.0,1.0,1.0,1.0,1.0,1.0,1.0]
10746,[1099,2823,3651,3685,6169,6229,7339,8582,10426],[1.0,1.0,1.0,1.0,1.0,1.0,1.0,1.0,1.0]
10746,[896,2181,5181,5353,5985,6172,7660,10541],[1.0,1.0,1.0,1.0,1.0,1.0,1.0,1.0]
10746,[838,5985,6660,9249,9438,9528],[1.0,1.0,1.0,1.0,1.0,1.0]
10746,[356,896,3586,5995,6341,6590,7339,7502],[1.0,1.0,1.0,1.0,1.0,1.0,1.0,1.0]
10746,[838,1634,2427,4332,4336,6181],[1.0,1.0,1.0,1.0,1.0,1.0]
10746,[838,1255,2708,3944,6181,9851,10683],[1.0,1.0,1.0,1.0,1.0,1.0,1.0]
10746,[337,896,1098,4332,5079,5313,8554],[1.0,1.0,1.0,1.0,1.0,1.0,1.0]
10746,[766,838,7784,7874,8619,9494,9851],[1.0,1.0,1.0,1.0,1.0,1.0,1.0]
10746,[676,838,2306,2812,3797,5820,5985],[1.0,1.0,1.0,1.0,1.0,1.0,1.0]
10746,[1535,1706,2123,8162,8252,8276,9337],[1.0,1.0,1.0,1.0,1.0,1.0,1.0]
10746,[838,2493,3142,3257,4977,7502,10433,10536],[1.0,1.0,1.0,1.0,1.0,1.0,1.0,1.0]
10746,[1255,1706,3585,3890,7799,8041,9365,9653],[1.0,1.0,1.0,1.0,1.0,1.0,1.0,1.0]
10746,[51,4971,6080,7033,7184,7799,8041,8729,8908,9653],[1.0,1.0,1.0,1.0,1.0,1.0,1.0,1.0,1.0,1.0]
10746,[956,5596,6080,8035,8041,8729,9058],[1.0,1.0,1.0,1.0,1.0,1.0,1.0]
10746,[650,838,2916,5641,8619,8701,9270,9292],[1.0,1.0,1.0,1.0,1.0,1.0,1.0,1.0]
10746,[3318,4643,7919,9374,9469,10068,10379,10617],[1.0,1.0,1.0,1.0,1.0,1.0,1.0,1.0]
10746,[4028,5641,5885,7105,7769,9469,9776,10115,10379],[1.0,1.0,1.0,1.0,1.0,1.0,1.0,1.0,1.0]
10746,[1099,1868,2398,3094,4858,6956,8252,9841,10743],[1.0,1.0,1.0,1.0,1.0,1.0,1.0,1.0,1.0]
10746,[896,1841,1920,2916,3425,4258,4858,7390],[1.0,1.0,1.0,1.0,1.0,1.0,1.0,1.0]
10746,[4771,4962,5737,6080,7166,8020,10336,10515],[1.0,1.0,1.0,1.0,1.0,1.0,1.0,1.0]
10746,[1255,2812,4183,4332,4344,5212,5805,9494],[1.0,1.0,1.0,1.0,1.0,1.0,1.0,1.0]
10746,[1039,1535,3114,4599,5317,7874,8619,9494],[1.0,1.0,1.0,1.0,1.0,1.0,1.0,1.0]
10746,[1206,1630,3864,5487,5745],[1.0,1.0,1.0,1.0,1.0]
