10746,[1129,1965,2024,2202,4440,5357,9491,9851],[1.0,1.0,1.0,1.0,1.0,1.0,1.0,1.0]
10746,[677,1129,1844,2651,3006,5868,6167,7370,10360],[1.0,1.0,1.0,1.0,1.0,1.0,1.0,1.0,1.0]
10746,[134,213,677,1827,1844,4095,4895,8120,10463],[1.0,1.0,1.0,1.0,1.0,1.0,1.0,1.0,1.0]
10746,[837,936,1740,3578,6530,8120,9087,10514],[1.0,1.0,1.0,1.0,1.0,1.0,1.0,1.0]
10746,[143,365,896,902,2518,2690,3651,4217,5181],[1.0,1.0,1.0,1.0,1.0,1.0,1.0,1.0,1.0]
10746,[14,121,549,1910,6328,6385,6603,7114,7123],[1.0,1.0,1.0,1.0,1.0,1.0,1.0,1.0,1.0]
10746,[837,1535,1735,1910,2032,2354,2455,4525,6530,7544],[1.0,1.0,1.0,1.0,1.0,1.0,1.0,1.0,1.0,1.0]
10746,[121,172,463,1329,1344,1910,3685,6385,7580,7813],[1.0,1.0,1.0,1.0,1.0,1.0,1.0,1.0,1.0,1.0]
10746,[869,2455,2771,5886,6281,6603,9289,10419],[1.0,1.0,1.0,1.0,1.0,1.0,1.0,1.0]
10746,[126,869,896,4217,4534,5513,6952,7079,10714],[1.0,1.0,1.0,1.0,1.0,1.0,1.0,1.0,1.0]
10746,[1129,2024,2202,3581,4534,5357,5885,6985,9491,10523],[1.0,1.0,1.0,1.0,1.0,1.0,1.0,1.0,1.0,1.0]
10746,[902,1099,2383,9027,10082],[1.0,1.0,1.0,1.0,1.0]
