10746,[39,3844,4440,6131,6753,8635,10201],[1.0,1.0,1.0,1.0,1.0,1.0,1.0]
10746,[213,1237,2518,4055,4778,5017,7463,9865,10152,10360],[1.0,1.0,1.0,1.0,1.0,1.0,1.0,1.0,1.0,1.0]
10746,[637,936,3844,4722,5373,7633,8540],[1.0,1.0,1.0,1.0,1.0,1.0,1.0]
10746,[902,3423,4355,5660,6518,7211,9084],[1.0,1.0,1.0,1.0,1.0,1.0,1.0]
10746,[1255,2407,3423,3669,4424,5181,5328,6341,9273],[1.0,1.0,1.0,1.0,1.0,1.0,1.0,1.0,1.0]
10746,[245,1984,2792,3290,4355,4534,8073,8114],[1.0,1.0,1.0,1.0,1.0,1.0,1.0,1.0]
10746,[2087,3423,3444,5985,6518,8280,8673,9632],[1.0,1.0,1.0,1.0,1.0,1.0,1.0,1.0]
10746,[2240,2623,3423,4332,7421,7654,9273],[1.0,1.0,1.0,1.0,1.0,1.0,1.0]
10746,[1535,3420,4823,5006,8258,9148,9237,9270],[1.0,1.0,1.0,1.0,1.0,1.0,1.0,1.0]
10746,[2364,6753,8423,8976,9379],[1.0,1.0,1.0,1.0,1.0]
