10746,[1853,3450,3608,4440,6193,6838,9305,9325,9491],[1.0,1.0,1.0,1.0,1.0,1.0,1.0,1.0,1.0]
10746,[213,936,1960,3244,4722,5373,9305,10463],[1.0,1.0,1.0,1.0,1.0,1.0,1.0,1.0]
10746,[936,1853,3244,3450,3608,4722,5373,9491,10463],[1.0,1.0,1.0,1.0,1.0,1.0,1.0,1.0,1.0]
10746,[172,936,4998,5373,5426,5522,7317,9270,9298],[1.0,1.0,1.0,1.0,1.0,1.0,1.0,1.0,1.0]
10746,[1315,3084,3716,4188,5628,6383,7186,9262,9632],[1.0,1.0,1.0,1.0,1.0,1.0,1.0,1.0,1.0]
10746,[2900,3013,3426,4363,4939,5345,5829,8499,8610],[1.0,1.0,1.0,1.0,1.0,1.0,1.0,1.0,1.0]
10746,[619,1275,1960,2213,5109,6812,10082,10350],[1.0,1.0,1.0,1.0,1.0,1.0,1.0,1.0]
10746,[468,1491,1922,1960,5495,7382,7384],[1.0,1.0,1.0,1.0,1.0,1.0,1.0]
10746,[26,589,3582,4363,4954,7671],[1.0,1.0,1.0,1.0,1.0,1.0]
10746,[956,1960,5961,6838,8729,8917,9239,9486,10419],[1.0,1.0,1.0,1.0,1.0,1.0,1.0,1.0,1.0]
10746,[372,896,2509,2799,3070,6614,9486],[1.0,1.0,1.0,1.0,1.0,1.0,1.0]
10746,[297,556,1542,1699,1960,5496,8621,10350],[1.0,1.0,1.0,1.0,1.0,1.0,1.0,1.0]
10746,[1393,3246,4552,4592,5544,6973,9486,9844],[1.0,1.0,1.0,1.0,1.0,1.0,1.0,1.0]
10746,[297,1542,1699,1706,3257,4205,4592,8621],[1.0,1.0,1.0,1.0,1.0,1.0,1.0,1.0]
10746,[463,1099,1973,3669,5186,9118,9486],[1.0,1.0,1.0,1.0,1.0,1.0,1.0]
10746,[3246,4325,4603,8817,10344,10350,10555],[1.0,1.0,1.0,1.0,1.0,1.0,1.0]
10746,[956,1542,1699,2213,5181,5961,7419,8817,9761],[1.0,1.0,1.0,1.0,1.0,1.0,1.0,1.0,1.0]
10746,[48,3703,3731,4258,4405,5320,5628,7390],[1.0,1.0,1.0,1.0,1.0,1.0,1.0,1.0]
10746,[3582,4405,4681,4954,5181,5320,5495,9792],[1.0,1.0,1.0,1.0,1.0,1.0,1.0,1.0]
10746,[1817,2856,3582,5509,7150,7850,7915,8114,10595],[1.0,1.0,1.0,1.0,1.0,1.0,1.0,1.0,1.0]
10746,[1817,1960,4954,5551,6298,8842,10191],[1.0,1.0,1.0,1.0,1.0,1.0,1.0]
10746,[896,1255,2916,3257,4363,4857,6401,7045,9632],[1.0,1.0,1.0,1.0,1.0,1.0,1.0,1.0,1.0]
10746,[807,2092,7299,8116,8662,9632,9692],[1.0,1.0,1.0,1.0,1.0,1.0,1.0]
10746,[1255,3094,6149,6314,6471,6633,6973,8004,9190],[1.0,1.0,1.0,1.0,1.0,1.0,1.0,1.0,1.0]
10746,[2038,2493,3275,5181,5428,8110,8744,10082,10508],[1.0,1.0,1.0,1.0,1.0,1.0,1.0,1.0,1.0]
10746,[896,1255,1706,3245,4205,4405,6172,8280,9407],[1.0,1.0,1.0,1.0,1.0,1.0,1.0,1.0,1.0]
10746,[589,3144,4217,6335,6633,6872,10289,10433],[1.0,1.0,1.0,1.0,1.0,1.0,1.0,1.0]
10746,[567,2023,2708,3592,3708,4611,7784,9271],[1.0,1.0,1.0,1.0,1.0,1.0,1.0,1.0]
10746,[13,140,544,6229,6633,8908,10289],[1.0,1.0,1.0,1.0,1.0,1.0,1.0]
10746,[1960,3716,4066,4153,4868,5820,5869,7316,9632],[1.0,1.0,1.0,1.0,1.0,1.0,1.0,1.0,1.0]
10746,[1415,7089,7363,7768,9632,9823,10222,10277,10323],[1.0,1.0,1.0,1.0,1.0,1.0,1.0,1.0,1.0]
10746,[2137,3592,4205,6177,8114,8979,9632,9724],[1.0,1.0,1.0,1.0,1.0,1.0,1.0,1.0]
10746,[172,463,662,1571,3886,7423,9595],[1.0,1.0,1.0,1.0,1.0,1.0,1.0]
10746,[365,939,1706,1960,3515,5351,9289,9632],[1.0,1.0,1.0,1.0,1.0,1.0,1.0,1.0]
10746,[589,641,1706,2455,3372,3547,7813,8476,9665],[1.0,1.0,1.0,1.0,1.0,1.0,1.0,1.0,1.0]
10746,[980,3013,4807,4939,5262,5736,6689,7178,8552],[1.0,1.0,1.0,1.0,1.0,1.0,1.0,1.0,1.0]
10746,[292,956,2588,3192,3372,4217,4784,9795],[1.0,1.0,1.0,1.0,1.0,1.0,1.0,1.0]
10746,[544,1706,2998,4324,5592,6179,7533,9708,9764],[1.0,1.0,1.0,1.0,1.0,1.0,1.0,1.0,1.0]
10746,[1800,2137,3179,6177,9262,10082,10188],[1.0,1.0,1.0,1.0,1.0,1.0,1.0]
10746,[13,982,1960,2649,3426,5708,6541,8308],[1.0,1.0,1.0,1.0,1.0,1.0,1.0,1.0]
10746,[1255,1960,2916,6061,6335,6801,6952,7424,8114,9988],[1.0,1.0,1.0,1.0,1.0,1.0,1.0,1.0,1.0,1.0]
10746,[1255,1697,2068,2213,2455,3246,4184,6061,7599,9844],[1.0,1.0,1.0,1.0,1.0,1.0,1.0,1.0,1.0,1.0]
10746,[1960,5277,5604,6405,7616,8580,8911],[1.0,1.0,1.0,1.0,1.0,1.0,1.0]
10746,[1275,1515,1866,2618,7923,8635,8671,9460,10290],[1.0,1.0,1.0,1.0,1.0,1.0,1.0,1.0,1.0]
10746,[956,4217,8421,8455,8498,9611],[1.0,1.0,1.0,1.0,1.0,1.0]
10746,[1185,1275,1960,4217,4611,7117,9460,10433],[1.0,1.0,1.0,1.0,1.0,1.0,1.0,1.0]
10746,[1706,1866,2455,2708,4451,5928,8635,10139,10290],[1.0,1.0,1.0,1.0,1.0,1.0,1.0,1.0,1.0]
10746,[1515,1902,2618,4888,7923,8498,8671],[1.0,1.0,1.0,1.0,1.0,1.0,1.0]
10746,[1366,1706,4405,5641,7506,8449,8697],[1.0,1.0,1.0,1.0,1.0,1.0,1.0]
10746,[55,209,3426,4172,5055,7506,8180,10082,10497],[1.0,1.0,1.0,1.0,1.0,1.0,1.0,1.0,1.0]
10746,[727,837,2708,4807,5795,6633,7205,7390,7580,9841],[1.0,1.0,1.0,1.0,1.0,1.0,1.0,1.0,1.0,1.0]
10746,[2799,4859,6366,7032,7494,8206,8394,9841],[1.0,1.0,1.0,1.0,1.0,1.0,1.0,1.0]
10746,[1960,2243,5216,5259,6366,7654,10459],[1.0,1.0,1.0,1.0,1.0,1.0,1.0]
10746,[795,1814,1829,2243,2887,3898,5949,8114,8697],[1.0,1.0,1.0,1.0,1.0,1.0,1.0,1.0,1.0]
10746,[1514,5820,6585,7117,8476,8499,9331,9939],[1.0,1.0,1.0,1.0,1.0,1.0,1.0,1.0]
10746,[14,888,1960,2939,6355,7379,7494],[1.0,1.0,1.0,1.0,1.0,1.0,1.0]
10746,[2243,3898,6366,7205,8073,8114,8697,9841],[1.0,1.0,1.0,1.0,1.0,1.0,1.0,1.0]
10746,[1829,2087,2278,6703,7303,8917,9273,10433],[1.0,1.0,1.0,1.0,1.0,1.0,1.0,1.0]
10746,[1681,4722,5390,6366,8040,8196,9270,9632],[1.0,1.0,1.0,1.0,1.0,1.0,1.0,1.0]
10746,[2079,3198,3216,4848,8114,9595],[1.0,1.0,1.0,1.0,1.0,1.0]
10746,[108,3779,5630,5877,7117,7518,8474,8935,9298],[1.0,1.0,1.0,1.0,1.0,1.0,1.0,1.0,1.0]
10746,[1198,1516,7465,9270,9298,9632,10621],[1.0,1.0,1.0,1.0,1.0,1.0,1.0]
10746,[860,5628,5641,7074,7187,7649,9555],[1.0,1.0,1.0,1.0,1.0,1.0,1.0]
10746,[1198,2243,5175,6985,7182,7649,8621,9066,9853],[1.0,1.0,1.0,1.0,1.0,1.0,1.0,1.0,1.0]
10746,[1005,1255,2708,3716,3950,6810,7850,8434,9066],[1.0,1.0,1.0,1.0,1.0,1.0,1.0,1.0,1.0]
10746,[463,552,2243,2618,4066,6237,7317,9632],[1.0,1.0,1.0,1.0,1.0,1.0,1.0,1.0]
10746,[297,1198,1829,4066,4217,6170,6394,9273],[1.0,1.0,1.0,1.0,1.0,1.0,1.0,1.0]
10746,[747,1960,2492,4655,5173,6812,7117,9632],[1.0,1.0,1.0,1.0,1.0,1.0,1.0,1.0]
10746,[1099,1960,3545,5069,5145,8917,9298,10186,10419],[1.0,1.0,1.0,1.0,1.0,1.0,1.0,1.0,1.0]
10746,[3426,4042,5946,6229,10186,10433,10621],[1.0,1.0,1.0,1.0,1.0,1.0,1.0]
10746,[1458,1960,2396,3426,3725,5820,5946,7316,8005,9936],[1.0,1.0,1.0,1.0,1.0,1.0,1.0,1.0,1.0,1.0]
10746,[14,1099,1428,2243,6985,8662,8697,9289,10186],[1.0,1.0,1.0,1.0,1.0,1.0,1.0,1.0,1.0]
10746,[2276,3513,4681,5820,8231,10614],[1.0,1.0,1.0,1.0,1.0,1.0]
10746,[144,736,1960,2596,2787,7182,8698,8917],[1.0,1.0,1.0,1.0,1.0,1.0,1.0,1.0]
10746,[736,1099,2091,2243,6985,8697],[1.0,1.0,1.0,1.0,1.0,1.0]
10746,[1960,3679,3835,4885,5034,6315,6838,7744,9331],[1.0,1.0,1.0,1.0,1.0,1.0,1.0,1.0,1.0]
10746,[544,1552,1706,3257,3545,3732,6229,6872,8509,9239],[1.0,1.0,1.0,1.0,1.0,1.0,1.0,1.0,1.0,1.0]
10746,[1685,4205,6080,6711,7317,10068,10546],[1.0,1.0,1.0,1.0,1.0,1.0,1.0]
10746,[1154,6377,7117,7182,9348,9632,9851,10621],[1.0,1.0,1.0,1.0,1.0,1.0,1.0,1.0]
10746,[980,1765,3568,4952,7276,8738,9165,9273],[1.0,1.0,1.0,1.0,1.0,1.0,1.0,1.0]
10746,[1,2243,2333,6335,9273,9298,9331],[1.0,1.0,1.0,1.0,1.0,1.0,1.0]
10746,[143,2493,5873,6000,6801,9851,10714],[1.0,1.0,1.0,1.0,1.0,1.0,1.0]
10746,[365,3442,5173,6340,6510,8593],[1.0,1.0,1.0,1.0,1.0,1.0]
10746,[1315,1535,2243,2548,4217,6167,6812,7205],[1.0,1.0,1.0,1.0,1.0,1.0,1.0,1.0]
10746,[589,4138,4784,6689,9632,10433,10510],[1.0,1.0,1.0,1.0,1.0,1.0,1.0]
10746,[209,1130,1841,4405,5055,6299,7045,9270,10040],[1.0,1.0,1.0,1.0,1.0,1.0,1.0,1.0,1.0]
10746,[463,2708,4405,6002,8180,10595,10617,10621],[1.0,1.0,1.0,1.0,1.0,1.0,1.0,1.0]
10746,[144,4857,5089,6041,6229,8917,10438],[1.0,1.0,1.0,1.0,1.0,1.0,1.0]
10746,[313,833,3515,4103,5741,7506,8904],[1.0,1.0,1.0,1.0,1.0,1.0,1.0]
10746,[902,1735,3318,5167,5213,5592,7317,10082,10449],[1.0,1.0,1.0,1.0,1.0,1.0,1.0,1.0,1.0]
10746,[313,833,2051,4217,7830,9632,10682],[1.0,1.0,1.0,1.0,1.0,1.0,1.0]
10746,[806,833,1005,2478,2618,2856,5089,6041,9851],[1.0,1.0,1.0,1.0,1.0,1.0,1.0,1.0,1.0]
10746,[14,297,902,1099,2618,7094,7117,7232,8476,10526],[1.0,1.0,1.0,1.0,1.0,1.0,1.0,1.0,1.0,1.0]
10746,[14,143,553,4205,6514,6593,7094,9097],[1.0,1.0,1.0,1.0,1.0,1.0,1.0,1.0]
10746,[14,1183,3257,4642,5963,9460,10433],[1.0,1.0,1.0,1.0,1.0,1.0,1.0]
10746,[2051,3257,5519,7084,7213,8347,10419],[1.0,1.0,1.0,1.0,1.0,1.0,1.0]
10746,[833,1706,7018,7213,8114,9420,10599],[1.0,1.0,1.0,1.0,1.0,1.0,1.0]
10746,[2051,3741,5181,7502,8411,9406],[1.0,1.0,1.0,1.0,1.0,1.0]
10746,[705,2335,3535,4427,5120,5328,5878,10203,10433],[1.0,1.0,1.0,1.0,1.0,1.0,1.0,1.0,1.0]
10746,[14,705,956,3535,3741,4258,9420,10621],[1.0,1.0,1.0,1.0,1.0,1.0,1.0,1.0]
10746,[796,3532,4679,5541,5893,7880,10222],[1.0,1.0,1.0,1.0,1.0,1.0,1.0]
10746,[193,3532,3545,3869,4534,4640,9186,9281,10056,10474],[1.0,1.0,1.0,1.0,1.0,1.0,1.0,1.0,1.0,1.0]
10746,[902,2438,4191,6592,7328,7506,8041,8201,9420],[1.0,1.0,1.0,1.0,1.0,1.0,1.0,1.0,1.0]
10746,[463,2627,5580,7317,7379,9289,10621],[1.0,1.0,1.0,1.0,1.0,1.0,1.0]
10746,[172,1706,2478,4424,5089,5120,5628,6454,7379],[1.0,1.0,1.0,1.0,1.0,1.0,1.0,1.0,1.0]
10746,[661,4205,4871,4929,7813,8114,10438],[1.0,1.0,1.0,1.0,1.0,1.0,1.0]
10746,[2916,3732,4092,4606,5320,5524,8670,9933],[1.0,1.0,1.0,1.0,1.0,1.0,1.0,1.0]
10746,[806,1275,3094,4969,5752,6728,7363],[1.0,1.0,1.0,1.0,1.0,1.0,1.0]
10746,[1073,2609,2916,6315,7218,8190,9784,9851],[1.0,1.0,1.0,1.0,1.0,1.0,1.0,1.0]
10746,[902,1144,2493,2728,2916,4239,5167,5660],[1.0,1.0,1.0,1.0,1.0,1.0,1.0,1.0]
10746,[800,833,2769,4103,5440,8877,9420],[1.0,1.0,1.0,1.0,1.0,1.0,1.0]
10746,[705,1144,3535,4239,4680,7205,8114,9632,10621],[1.0,1.0,1.0,1.0,1.0,1.0,1.0,1.0,1.0]
10746,[3669,4888,5120,5328,7084,8190,9292,10433],[1.0,1.0,1.0,1.0,1.0,1.0,1.0,1.0]
10746,[2335,2431,4427,4727,5878,5954,7850,9270,10621],[1.0,1.0,1.0,1.0,1.0,1.0,1.0,1.0,1.0]
10746,[204,1022,2492,2627,4687,7084,9063,9859,10599],[1.0,1.0,1.0,1.0,1.0,1.0,1.0,1.0,1.0]
10746,[297,902,3528,5677,7779,9084,9632],[1.0,1.0,1.0,1.0,1.0,1.0,1.0]
10746,[1891,4103,4205,5167,8114,8231,8670,9289],[1.0,1.0,1.0,1.0,1.0,1.0,1.0,1.0]
10746,[1874,1920,2398,3669,7779,8904,8917,9084],[1.0,1.0,1.0,1.0,1.0,1.0,1.0,1.0]
10746,[1099,2771,4336,4416,5088,5181,8610,9851],[1.0,1.0,1.0,1.0,1.0,1.0,1.0,1.0]
10746,[1255,1516,2398,5088,5475,6698,9379,9675,9845,10130],[1.0,1.0,1.0,1.0,1.0,1.0,1.0,1.0,1.0,1.0]
10746,[1232,2162,2398,4954,5161,5181,8249,9290,9632,9787],[1.0,1.0,1.0,1.0,1.0,1.0,1.0,1.0,1.0,1.0]
10746,[806,1005,3965,6515,7463,8670,9632,10621],[1.0,1.0,1.0,1.0,1.0,1.0,1.0,1.0]
10746,[833,1529,5259,7232,8904,10082],[1.0,1.0,1.0,1.0,1.0,1.0]
10746,[747,860,4294,5167,8114],[1.0,1.0,1.0,1.0,1.0]
10746,[1255,1300,1516,5088,5167,5475,6698,8249,9675],[1.0,1.0,1.0,1.0,1.0,1.0,1.0,1.0,1.0]
10746,[1860,2618,3494,3947,6192,7607,7923,10082],[1.0,1.0,1.0,1.0,1.0,1.0,1.0,1.0]
10746,[171,2199,2398,4066,4103,4332,9851],[1.0,1.0,1.0,1.0,1.0,1.0,1.0]
10746,[2708,4954,5161,7379,7671,8740,9851],[1.0,1.0,1.0,1.0,1.0,1.0,1.0]
10746,[2916,4103,4239,5167,7518,9289,9528,9632],[1.0,1.0,1.0,1.0,1.0,1.0,1.0,1.0]
10746,[574,2126,3433,4355,4722,5628,5935,7221],[1.0,1.0,1.0,1.0,1.0,1.0,1.0,1.0]
10746,[574,3433,3669,4349,5181,5928,7221,8582],[1.0,1.0,1.0,1.0,1.0,1.0,1.0,1.0]
10746,[1275,1284,2114,3433,4606,5938,9430,9575,10433],[1.0,1.0,1.0,1.0,1.0,1.0,1.0,1.0,1.0]
10746,[447,1198,1242,3824,4722,5710,7475,9298],[1.0,1.0,1.0,1.0,1.0,1.0,1.0,1.0]
10746,[632,1299,1731,2126,2333,4875,5986,8554,10068],[1.0,1.0,1.0,1.0,1.0,1.0,1.0,1.0,1.0]
10746,[3532,4534,5983,6547,7390,7527,8729,8840,9292],[1.0,1.0,1.0,1.0,1.0,1.0,1.0,1.0,1.0]
10746,[27,1198,1284,3547,8114,9289,10068,10616],[1.0,1.0,1.0,1.0,1.0,1.0,1.0,1.0]
10746,[7074],[1.0]
