10746,[39,3844,4440,6131,6753,8635,10201],[1.0,1.0,1.0,1.0,1.0,1.0,1.0]
10746,[213,1237,2518,4055,4778,5017,7463,9865,10152,10360],[1.0,1.0,1.0,1.0,1.0,1.0,1.0,1.0,1.0,1.0]
10746,[936,3485,3844,4335,5975,8548,8746,9491,9632],[1.0,1.0,1.0,1.0,1.0,1.0,1.0,1.0,1.0]
10746,[1099,1438,2009,2664,3340,4611,5537,9839],[1.0,1.0,1.0,1.0,1.0,1.0,1.0,1.0]
10746,[4149,4331,6229,6335,7074,7423,8421,9460,9799,10621],[1.0,1.0,1.0,1.0,1.0,1.0,1.0,1.0,1.0,1.0]
10746,[365,871,1791,3842,4405,6229],[1.0,1.0,1.0,1.0,1.0,1.0]
10746,[1903,5917,7363,8398,10536],[1.0,1.0,1.0,1.0,1.0]
10746,[353,956,3651,5641,8280,8621,8908,9270],[1.0,1.0,1.0,1.0,1.0,1.0,1.0,1.0]
10746,[1904,3592,4066,4217,4611,6796,8114],[1.0,1.0,1.0,1.0,1.0,1.0,1.0]
10746,[3257,3297,6267,6497,7390,7826,8310,10536],[1.0,1.0,1.0,1.0,1.0,1.0,1.0,1.0]
10746,[1073,2097,6035,6229,7363,9851,10433],[1.0,1.0,1.0,1.0,1.0,1.0,1.0]
10746,[2618,3651,4217,6033,7306,7317,8114,8582,10433],[1.0,1.0,1.0,1.0,1.0,1.0,1.0,1.0,1.0]
10746,[3297,6497,7390,7515,7826,8310,10536],[1.0,1.0,1.0,1.0,1.0,1.0,1.0]
10746,[871,1073,6035,6229,7363,8893,10366],[1.0,1.0,1.0,1.0,1.0,1.0,1.0]
10746,[1299,2618,6033,6229,7306,10433],[1.0,1.0,1.0,1.0,1.0,1.0]
10746,[2123,3297,3547,6497,7826,8310,10536],[1.0,1.0,1.0,1.0,1.0,1.0,1.0]
10746,[463,4888,5200,6335,6819,7363,8310],[1.0,1.0,1.0,1.0,1.0,1.0,1.0]
10746,[2088,2812,3545,4066,7826,8595],[1.0,1.0,1.0,1.0,1.0,1.0]
10746,[871,1037,4217,5940,6229,6335,9290,9298,9841],[1.0,1.0,1.0,1.0,1.0,1.0,1.0,1.0,1.0]
10746,[1255,4066,6603,6956,7237,9289,9407,10621],[1.0,1.0,1.0,1.0,1.0,1.0,1.0,1.0]
10746,[878,1255,4217,5885,6335,7435,7726,8883,9292],[1.0,1.0,1.0,1.0,1.0,1.0,1.0,1.0,1.0]
10746,[1326,4520,4534,4947,7502,9270,10621],[1.0,1.0,1.0,1.0,1.0,1.0,1.0]
10746,[878,1255,4066,4217,6335,7435,7726,8114,8883],[1.0,1.0,1.0,1.0,1.0,1.0,1.0,1.0,1.0]
10746,[372,878,3144,3661,4405,6002,7435,9903],[1.0,1.0,1.0,1.0,1.0,1.0,1.0,1.0]
10746,[1702,2455,2739,4389,5916,9460,10082,10652],[1.0,1.0,1.0,1.0,1.0,1.0,1.0,1.0]
10746,[1255,2901,5564,8673,9541,9930],[1.0,1.0,1.0,1.0,1.0,1.0]
10746,[878,1255,4405,5580,5793,8114,10028,10554],[1.0,1.0,1.0,1.0,1.0,1.0,1.0,1.0]
10746,[1326,3545,4066,4405,4534,6952,8530],[1.0,1.0,1.0,1.0,1.0,1.0,1.0]
10746,[143,878,1255,2805,4066,4217,7435,8883,10022],[1.0,1.0,1.0,1.0,1.0,1.0,1.0,1.0,1.0]
10746,[878,902,1255,2425,4217,7435,8883,10433],[1.0,1.0,1.0,1.0,1.0,1.0,1.0,1.0]
10746,[966,4217,4592,6229,8630,9524,10139],[1.0,1.0,1.0,1.0,1.0,1.0,1.0]
10746,[966,1315,2576,3257,5382,6753,7105,8630,9524],[1.0,1.0,1.0,1.0,1.0,1.0,1.0,1.0,1.0]
