10746,[183,532,4191,4440,4450,4561,4955,8573],[1.0,1.0,1.0,1.0,1.0,1.0,1.0,1.0]
10746,[183,213,1652,2518,4778,5820,7937,10152,10360],[1.0,1.0,1.0,1.0,1.0,1.0,1.0,1.0,1.0]
10746,[183,265,728,2813,4069,7367,7582,9654,10516],[1.0,1.0,1.0,1.0,1.0,1.0,1.0,1.0,1.0]
10746,[172,365,567,728,936,1249,2238,4069,8904],[1.0,1.0,1.0,1.0,1.0,1.0,1.0,1.0,1.0]
10746,[463,2074,2916,4042,7074,8729],[1.0,1.0,1.0,1.0,1.0,1.0]
10746,[1673,4258,5236,6138,6257,6394,6522,7914,8070],[1.0,1.0,1.0,1.0,1.0,1.0,1.0,1.0,1.0]
10746,[372,936,1613,3216,8070,8114,8941,9632],[1.0,1.0,1.0,1.0,1.0,1.0,1.0,1.0]
10746,[5324,6368,7074,7494,7718,7826,7922,8073,9448],[1.0,1.0,1.0,1.0,1.0,1.0,1.0,1.0,1.0]
10746,[896,1054,2256,2518,5885,6299,6522,10222],[1.0,1.0,1.0,1.0,1.0,1.0,1.0,1.0]
10746,[1673,5885,7183,8401,8524,8554,9302],[1.0,1.0,1.0,1.0,1.0,1.0,1.0]
10746,[878,2530,3651,4405,7218,8070,9632,10068],[1.0,1.0,1.0,1.0,1.0,1.0,1.0,1.0]
10746,[51,1298,1706,6335,8114,8280,8595,10422],[1.0,1.0,1.0,1.0,1.0,1.0,1.0,1.0]
10746,[463,902,3144,5341,5628,6035,10320,10621],[1.0,1.0,1.0,1.0,1.0,1.0,1.0,1.0]
10746,[754,1099,2493,3192,3257,3824,4239,4405,7074],[1.0,1.0,1.0,1.0,1.0,1.0,1.0,1.0,1.0]
10746,[754,902,1304,2278,2596,4294,7074,7649,8457,9406],[1.0,1.0,1.0,1.0,1.0,1.0,1.0,1.0,1.0,1.0]
10746,[5710,7516,7877,8595,9364,9528,10103,10433],[1.0,1.0,1.0,1.0,1.0,1.0,1.0,1.0]
10746,[902,1706,4534,5954,6918,10188],[1.0,1.0,1.0,1.0,1.0,1.0]
10746,[902,2182,3082,3192,4955,5399,6442],[1.0,1.0,1.0,1.0,1.0,1.0,1.0]
10746,[1326,7515,8370,10398,10433,10445],[1.0,1.0,1.0,1.0,1.0,1.0]
10746,[1465,5343,6053,7072,7166],[1.0,1.0,1.0,1.0,1.0]
10746,[14,521,718,3435,7384,7843,10222,10479],[1.0,1.0,1.0,1.0,1.0,1.0,1.0,1.0]
10746,[14,1217,10222,10445],[1.0,1.0,1.0,1.0]
10746,[878,946,1291,3732,4244,5236,8070,9632],[1.0,1.0,1.0,1.0,1.0,1.0,1.0,1.0]
10746,[769,1299,5983,6952,7751,9290,9632,10433],[1.0,1.0,1.0,1.0,1.0,1.0,1.0,1.0]
10746,[3391,5710,5752,6952,7412,9632],[1.0,1.0,1.0,1.0,1.0,1.0]
10746,[2916,3601,3755,4217,6522,7645,8917,10298],[1.0,1.0,1.0,1.0,1.0,1.0,1.0,1.0]
10746,[1099,4191,4389,5236,7506,8580,8875,10397,10433],[1.0,1.0,1.0,1.0,1.0,1.0,1.0,1.0,1.0]
10746,[1662,2627,4217,4389,5236,5978,9632,9695],[1.0,1.0,1.0,1.0,1.0,1.0,1.0,1.0]
10746,[206,860,1841,1910,2438,3651,8673,9695],[1.0,1.0,1.0,1.0,1.0,1.0,1.0,1.0]
10746,[14,589,3727,4217,5328,8476,8552,9632,10433],[1.0,1.0,1.0,1.0,1.0,1.0,1.0,1.0,1.0]
10746,[143,556,1662,5641,5807,6580,6603],[1.0,1.0,1.0,1.0,1.0,1.0,1.0]
10746,[501,1275,2325,3651,5294,8114,9328,9816],[1.0,1.0,1.0,1.0,1.0,1.0,1.0,1.0]
10746,[2618,3465,3651,5146,5579,8576,9882,10433,10553],[1.0,1.0,1.0,1.0,1.0,1.0,1.0,1.0,1.0]
10746,[110,740,1099,2708,4868,8169,8681],[1.0,1.0,1.0,1.0,1.0,1.0,1.0]
10746,[266,646,3327,3563,3808,5195,8114,8418],[1.0,1.0,1.0,1.0,1.0,1.0,1.0,1.0]
10746,[3734,3945,4217,4239,8114,8595,8917,9023],[1.0,1.0,1.0,1.0,1.0,1.0,1.0,1.0]
10746,[143,2114,2123,2455,3755,6049,7074],[1.0,1.0,1.0,1.0,1.0,1.0,1.0]
10746,[289,878,2799,6257,6394,9409,9632],[1.0,1.0,1.0,1.0,1.0,1.0,1.0]
10746,[1099,2455,3036,3602,3859,5328,7914,9632,10419,10433],[1.0,1.0,1.0,1.0,1.0,1.0,1.0,1.0,1.0,1.0]
10746,[102,946,1440,2114,2182,7649,7843,9632,10433],[1.0,1.0,1.0,1.0,1.0,1.0,1.0,1.0,1.0]
10746,[172,2919,3563,3859,4217,4640,7019,7502,7751],[1.0,1.0,1.0,1.0,1.0,1.0,1.0,1.0,1.0]
10746,[3867,4405,6754,6886,8411,9373,10438],[1.0,1.0,1.0,1.0,1.0,1.0,1.0]
10746,[143,2455,2916,4784,5351,6522,7379,8917],[1.0,1.0,1.0,1.0,1.0,1.0,1.0,1.0]
10746,[345,1064,3327,3651,3829,5552,5605,8272,9273],[1.0,1.0,1.0,1.0,1.0,1.0,1.0,1.0,1.0]
10746,[2185,2618,3965,4589,6500,6823,7182,8893,9632,10319],[1.0,1.0,1.0,1.0,1.0,1.0,1.0,1.0,1.0,1.0]
10746,[1255,2919,3532,5543,6660,6918,9273,9976,10203,10419],[1.0,1.0,1.0,1.0,1.0,1.0,1.0,1.0,1.0,1.0]
10746,[1534,3318,4467,5236,6522,6603,7182,9262,9632],[1.0,1.0,1.0,1.0,1.0,1.0,1.0,1.0,1.0]
10746,[14,5142,5864,6229,6257,6335,6394,7914],[1.0,1.0,1.0,1.0,1.0,1.0,1.0,1.0]
10746,[956,4191,4294,5246,5592,9262,9273,9816,10539],[1.0,1.0,1.0,1.0,1.0,1.0,1.0,1.0,1.0]
10746,[4060,5532,5705,6044,6645,8008,9213,10228],[1.0,1.0,1.0,1.0,1.0,1.0,1.0,1.0]
10746,[1255,5289,5710,5850,6335,9273],[1.0,1.0,1.0,1.0,1.0,1.0]
10746,[597,869,5001,5513,6341,6640,9430,10539,10621],[1.0,1.0,1.0,1.0,1.0,1.0,1.0,1.0,1.0]
10746,[501,1255,4217,5462,5710,6053,8476,10355],[1.0,1.0,1.0,1.0,1.0,1.0,1.0,1.0]
10746,[1275,2493,4217,4239,4534,5710,6229,7045],[1.0,1.0,1.0,1.0,1.0,1.0,1.0,1.0]
10746,[852,4191,4650,6281,7227,7503,9145],[1.0,1.0,1.0,1.0,1.0,1.0,1.0]
10746,[699,1596,5328,6901,7515,7769,9008,10082],[1.0,1.0,1.0,1.0,1.0,1.0,1.0,1.0]
10746,[13,1706,3532,4328,5710,6341,6522,7484,9778,10024],[1.0,1.0,1.0,1.0,1.0,1.0,1.0,1.0,1.0,1.0]
10746,[1099,2251,3734,4217,4239,8595,9568,10433],[1.0,1.0,1.0,1.0,1.0,1.0,1.0,1.0]
10746,[4925,5325,5328,5710,8114,9424,10433,10554],[1.0,1.0,1.0,1.0,1.0,1.0,1.0,1.0]
10746,[878,2733,5710,6257,6913,8070,8817,10355],[1.0,1.0,1.0,1.0,1.0,1.0,1.0,1.0]
10746,[463,2182,4606,4611,5713,6017,7247],[1.0,1.0,1.0,1.0,1.0,1.0,1.0]
10746,[1099,4066,4217,6229,6335,7074,9569,10621,10714],[1.0,1.0,1.0,1.0,1.0,1.0,1.0,1.0,1.0]
10746,[501,902,3651,3731,4217,7506,8041,8509,9953],[1.0,1.0,1.0,1.0,1.0,1.0,1.0,1.0,1.0]
10746,[51,357,902,1706,4428,4581,4939,7506],[1.0,1.0,1.0,1.0,1.0,1.0,1.0,1.0]
10746,[1275,6229,7084,7502,9316,10203,10617,10621,10682],[1.0,1.0,1.0,1.0,1.0,1.0,1.0,1.0,1.0]
10746,[631,2530,4576,5179,5207,5735,8817,9819],[1.0,1.0,1.0,1.0,1.0,1.0,1.0,1.0]
10746,[2530,4534,6368,7266,8580,9393,9831,10617],[1.0,1.0,1.0,1.0,1.0,1.0,1.0,1.0]
10746,[4066,4950,5770,7384,7423,7511,8421,8673],[1.0,1.0,1.0,1.0,1.0,1.0,1.0,1.0]
10746,[567,1099,2278,4217,6257,6335,7074,8280],[1.0,1.0,1.0,1.0,1.0,1.0,1.0,1.0]
10746,[289,3545,5950,6685,7005,7653,8114,9298,9522,10478],[1.0,1.0,1.0,1.0,1.0,1.0,1.0,1.0,1.0,1.0]
10746,[769,869,2576,2916,3791,4576,6298,6335,7826,9270],[1.0,1.0,1.0,1.0,1.0,1.0,1.0,1.0,1.0,1.0]
10746,[766,1829,3784,4145,4217,4857,8902,9465],[1.0,1.0,1.0,1.0,1.0,1.0,1.0,1.0]
10746,[631,869,1535,4106,4332,5231,5294,8126],[1.0,1.0,1.0,1.0,1.0,1.0,1.0,1.0]
10746,[1255,1810,1948,2530,3075,4036,4576,10139,10617],[1.0,1.0,1.0,1.0,1.0,1.0,1.0,1.0,1.0]
10746,[1535,1706,1810,6229,9045,10093,10139],[1.0,1.0,1.0,1.0,1.0,1.0,1.0]
10746,[1099,2455,5886,6385,8073,9379,10536],[1.0,1.0,1.0,1.0,1.0,1.0,1.0]
10746,[3412,6823,6952,7506,8172,9460,9595,10419],[1.0,1.0,1.0,1.0,1.0,1.0,1.0,1.0]
10746,[956,957,2681,4217,5328,6987,9290,9726,10617],[1.0,1.0,1.0,1.0,1.0,1.0,1.0,1.0,1.0]
10746,[516,902,2773,2916,2948,4576,7316,7548,7646],[1.0,1.0,1.0,1.0,1.0,1.0,1.0,1.0,1.0]
10746,[60,956,2771,7379,7646,7803,10047],[1.0,1.0,1.0,1.0,1.0,1.0,1.0]
10746,[126,4450,6061,8092,9385],[1.0,1.0,1.0,1.0,1.0]
