10746,[845,4440,8323,9496,9878,10054,10360],[1.0,1.0,1.0,1.0,1.0,1.0,1.0]
10746,[213,1652,1853,3450,3608,5351,6980,8177,9491,10463],[1.0,1.0,1.0,1.0,1.0,1.0,1.0,1.0,1.0,1.0]
10746,[463,936,1853,3329,3442,3450,3608,9305,9491],[1.0,1.0,1.0,1.0,1.0,1.0,1.0,1.0,1.0]
10746,[1255,2260,6229,7317,8480,9289,9365,9632,10093],[1.0,1.0,1.0,1.0,1.0,1.0,1.0,1.0,1.0]
10746,[1847,5626,6609,6685,7352,7390,9595],[1.0,1.0,1.0,1.0,1.0,1.0,1.0]
10746,[4294,4888,6335,8332,8480,9298,9851,10232],[1.0,1.0,1.0,1.0,1.0,1.0,1.0,1.0]
10746,[463,1291,5142,7877,9851,10621],[1.0,1.0,1.0,1.0,1.0,1.0]
10746,[1869,3741,7515,7552,8971,9677,10539],[1.0,1.0,1.0,1.0,1.0,1.0,1.0]
10746,[896,1275,4258,7654,7861,8114,9292,9595,10714],[1.0,1.0,1.0,1.0,1.0,1.0,1.0,1.0,1.0]
10746,[51,121,143,2916,3741,4332,4848,5985,8924],[1.0,1.0,1.0,1.0,1.0,1.0,1.0,1.0,1.0]
10746,[365,2596,3547,4405,4642,7946,9270,10664],[1.0,1.0,1.0,1.0,1.0,1.0,1.0,1.0]
10746,[1324,3419,3741,3944,7074,7843,9632],[1.0,1.0,1.0,1.0,1.0,1.0,1.0]
10746,[2916,4004,4649,7506,8595,8875,9029,9871],[1.0,1.0,1.0,1.0,1.0,1.0,1.0,1.0]
10746,[777,869,1315,1411,8114,10536],[1.0,1.0,1.0,1.0,1.0,1.0]
10746,[888,2530,3329,4405,6002,6167,7379,8398,9030],[1.0,1.0,1.0,1.0,1.0,1.0,1.0,1.0,1.0]
10746,[2067,3022,3438,5651,5683,6547,6754,7643,8216,9273],[1.0,1.0,1.0,1.0,1.0,1.0,1.0,1.0,1.0,1.0]
10746,[1099,2530,3022,4888,6368,8114,9632],[1.0,1.0,1.0,1.0,1.0,1.0,1.0]
10746,[1255,3329,5737,6341,7166,7390,8041,8729],[1.0,1.0,1.0,1.0,1.0,1.0,1.0,1.0]
10746,[902,2530,4669,4768,7877,8904,9424,9632,10438],[1.0,1.0,1.0,1.0,1.0,1.0,1.0,1.0,1.0]
10746,[143,2916,4475,5985,6167,8114,8908,9338],[1.0,1.0,1.0,1.0,1.0,1.0,1.0,1.0]
10746,[4102,4475,4669,5181,7634,9066,9528],[1.0,1.0,1.0,1.0,1.0,1.0,1.0]
10746,[736,1665,1803,2301,3340,4669,4671,10397],[1.0,1.0,1.0,1.0,1.0,1.0,1.0,1.0]
10746,[1428,2596,3426,4472,4669,9424,10056],[1.0,1.0,1.0,1.0,1.0,1.0,1.0]
10746,[3340,4669,5737,6341,7379,7654,8114,9534],[1.0,1.0,1.0,1.0,1.0,1.0,1.0,1.0]
10746,[411,956,1813,2206,2530,4188,6341,8041,9655,10093],[1.0,1.0,1.0,1.0,1.0,1.0,1.0,1.0,1.0,1.0]
10746,[1482,3438,5683,6547,6638,7643,10336,10433],[1.0,1.0,1.0,1.0,1.0,1.0,1.0,1.0]
10746,[411,1706,2530,2997,4126,5737,6341,9262],[1.0,1.0,1.0,1.0,1.0,1.0,1.0,1.0]
10746,[2530,3426,4652,6341,9841,10068,10621],[1.0,1.0,1.0,1.0,1.0,1.0,1.0]
10746,[902,1706,2240,2708,6468,8343,9031,10093,10222],[1.0,1.0,1.0,1.0,1.0,1.0,1.0,1.0,1.0]
10746,[411,2063,3426,3768,5983,9334,9568],[1.0,1.0,1.0,1.0,1.0,1.0,1.0]
10746,[411,1255,2530,2866,3532,4632,4880,6634,9289,10336],[1.0,1.0,1.0,1.0,1.0,1.0,1.0,1.0,1.0,1.0]
10746,[349,2575,2649,4669,5628,5737,6547,9031,10419],[1.0,1.0,1.0,1.0,1.0,1.0,1.0,1.0,1.0]
10746,[2708,4980,5583,6603,7506,7842,10093,10426],[1.0,1.0,1.0,1.0,1.0,1.0,1.0,1.0]
10746,[1255,1665,2649,3509,4669,5628,6341,9066],[1.0,1.0,1.0,1.0,1.0,1.0,1.0,1.0]
10746,[822,860,1150,1255,2762,5628,7390,7506],[1.0,1.0,1.0,1.0,1.0,1.0,1.0,1.0]
10746,[112,860,2123,5628,7421,8114],[1.0,1.0,1.0,1.0,1.0,1.0]
10746,[164,549,2530,4669,8114,9270,10222,10508],[1.0,1.0,1.0,1.0,1.0,1.0,1.0,1.0]
10746,[111,164,2530,4332,5737,8041,9031,10068,10508],[1.0,1.0,1.0,1.0,1.0,1.0,1.0,1.0,1.0]
10746,[4534,4669,5628,5683,6295,9289,9290],[1.0,1.0,1.0,1.0,1.0,1.0,1.0]
10746,[556,1154,5628,5737,6547,8041,9031,10222],[1.0,1.0,1.0,1.0,1.0,1.0,1.0,1.0]
10746,[1198,1607,2506,2530,3257,5181,9705],[1.0,1.0,1.0,1.0,1.0,1.0,1.0]
10746,[463,896,2916,3868,4534,9289,10433],[1.0,1.0,1.0,1.0,1.0,1.0,1.0]
10746,[860,4669,5628,5641,7117,9290,9298],[1.0,1.0,1.0,1.0,1.0,1.0,1.0]
10746,[164,860,3741,4669,5628,9611,10508],[1.0,1.0,1.0,1.0,1.0,1.0,1.0]
10746,[896,4534,5737,6341,6468,8280,9290],[1.0,1.0,1.0,1.0,1.0,1.0,1.0]
10746,[2708,4405,6638,9262,10001,10530,10621],[1.0,1.0,1.0,1.0,1.0,1.0,1.0]
10746,[956,2260,3535,4534,5628,5737,6341,8903],[1.0,1.0,1.0,1.0,1.0,1.0,1.0,1.0]
10746,[1913,2708,3224,3850,4606,5580,8114,8249,9453,10336],[1.0,1.0,1.0,1.0,1.0,1.0,1.0,1.0,1.0,1.0]
10746,[1288,1411,2708,5628,6335,7390,8041,8114,9513],[1.0,1.0,1.0,1.0,1.0,1.0,1.0,1.0,1.0]
10746,[2708,4534,4669,5444,5628,7518,9851],[1.0,1.0,1.0,1.0,1.0,1.0,1.0]
10746,[1099,2364,3669,4534,6468,8114,9799,10678],[1.0,1.0,1.0,1.0,1.0,1.0,1.0,1.0]
10746,[164,567,4962,5641,6468,9534],[1.0,1.0,1.0,1.0,1.0,1.0]
10746,[1275,1369,2640,3545,3592,6468,8690,8904,9132,10082],[1.0,1.0,1.0,1.0,1.0,1.0,1.0,1.0,1.0,1.0]
10746,[282,464,902,1099,4405,4765,7708,9090,9289],[1.0,1.0,1.0,1.0,1.0,1.0,1.0,1.0,1.0]
10746,[2067,2530,3442,3545,4332,7592,8114,8690],[1.0,1.0,1.0,1.0,1.0,1.0,1.0,1.0]
10746,[365,766,3685,6913,7956,9517,9988,10068],[1.0,1.0,1.0,1.0,1.0,1.0,1.0,1.0]
10746,[411,2530,4000,4191,5710,6341,9744,10433],[1.0,1.0,1.0,1.0,1.0,1.0,1.0,1.0]
10746,[1255,5181,5737,6547,8221,9031,10093,10336],[1.0,1.0,1.0,1.0,1.0,1.0,1.0,1.0]
10746,[902,1706,4594,8114,8554,8960,10397],[1.0,1.0,1.0,1.0,1.0,1.0,1.0]
10746,[1141,2472,2492,2530,5181,6810,7105,9420,9435],[1.0,1.0,1.0,1.0,1.0,1.0,1.0,1.0,1.0]
10746,[2582,2916,3658,6172,7116,8673],[1.0,1.0,1.0,1.0,1.0,1.0]
10746,[732,3532,4000,5181,5710,5985,9420],[1.0,1.0,1.0,1.0,1.0,1.0,1.0]
10746,[411,2034,2530,5710,6047,6468,7864],[1.0,1.0,1.0,1.0,1.0,1.0,1.0]
10746,[26,1099,2530,4217,4858,9420,9430,10682],[1.0,1.0,1.0,1.0,1.0,1.0,1.0,1.0]
10746,[902,1255,4534,8729,8907,10054,10139],[1.0,1.0,1.0,1.0,1.0,1.0,1.0]
