10746,[463,1317,4440,4534,7813,9130,10445,10658],[1.0,1.0,1.0,1.0,1.0,1.0,1.0,1.0]
10746,[213,222,2518,4778,5742,7074,9972,10152,10360],[1.0,1.0,1.0,1.0,1.0,1.0,1.0,1.0,1.0]
10746,[158,936,1175,1944,2346,3422,3537,4550,10463],[1.0,1.0,1.0,1.0,1.0,1.0,1.0,1.0,1.0]
10746,[936,1175,1317,2953,3422,5900,7567,7786,9130,10463],[1.0,1.0,1.0,1.0,1.0,1.0,1.0,1.0,1.0,1.0]
10746,[936,1284,2916,3257,3370,4217,7998,8083,9491],[1.0,1.0,1.0,1.0,1.0,1.0,1.0,1.0,1.0]
10746,[2123,3514,3741,4934,6457,10068,10433,10621],[1.0,1.0,1.0,1.0,1.0,1.0,1.0,1.0]
10746,[4606,4934,5001,5205,7718,8398,9219,9972],[1.0,1.0,1.0,1.0,1.0,1.0,1.0,1.0]
10746,[556,1097,1920,6457,7552,8398,8491,9534,9972],[1.0,1.0,1.0,1.0,1.0,1.0,1.0,1.0,1.0]
10746,[4707,4891,6457,7288,10139],[1.0,1.0,1.0,1.0,1.0]
10746,[463,855,1903,2455,2596,2805,3835,6549],[1.0,1.0,1.0,1.0,1.0,1.0,1.0,1.0]
10746,[1302,3198,3892,5580,5820,6564],[1.0,1.0,1.0,1.0,1.0,1.0]
10746,[1903,2618,4868,7495,9214,9364,9632,10082],[1.0,1.0,1.0,1.0,1.0,1.0,1.0,1.0]
10746,[567,1099,1706,2596,2618,6042,7223,7574,9049,9262],[1.0,1.0,1.0,1.0,1.0,1.0,1.0,1.0,1.0,1.0]
10746,[1302,1903,3741,6347,7649,8595,9049],[1.0,1.0,1.0,1.0,1.0,1.0,1.0]
10746,[3661,4534,5580,6347,7502,9324,9364,10401],[1.0,1.0,1.0,1.0,1.0,1.0,1.0,1.0]
10746,[769,2596,3590,4102,5128,6457,8684],[1.0,1.0,1.0,1.0,1.0,1.0,1.0]
10746,[198,1098,4332,4707,6457,9972],[1.0,1.0,1.0,1.0,1.0,1.0]
10746,[5,485,1317,4125,4394,4877,10658],[1.0,1.0,1.0,1.0,1.0,1.0,1.0]
10746,[5327],[1.0]
