10746,[39,2531,3844,4440,6131,6753,10201],[1.0,1.0,1.0,1.0,1.0,1.0,1.0]
10746,[213,2518,4055,4778,4809,5017,7463,9865,10152,10360],[1.0,1.0,1.0,1.0,1.0,1.0,1.0,1.0,1.0,1.0]
10746,[2200,3277,3844,5090,5845,8540,9491,9996],[1.0,1.0,1.0,1.0,1.0,1.0,1.0,1.0]
10746,[871,896,936,1411,1910,2123,7114,9841],[1.0,1.0,1.0,1.0,1.0,1.0,1.0,1.0]
10746,[143,1965,6335,7670,8160,8680,10068],[1.0,1.0,1.0,1.0,1.0,1.0,1.0]
10746,[637,3192,6061,7105,7813,8114,8160,10445],[1.0,1.0,1.0,1.0,1.0,1.0,1.0,1.0]
10746,[1535,2123,2596,5596,7506,7670,7813,10445],[1.0,1.0,1.0,1.0,1.0,1.0,1.0,1.0]
10746,[2466,5181,5320,7022,7419,7634,7757],[1.0,1.0,1.0,1.0,1.0,1.0,1.0]
10746,[871,1389,3437,4405,6639,9799],[1.0,1.0,1.0,1.0,1.0,1.0]
10746,[5991,6167,6585,6753,7419,10419,10445],[1.0,1.0,1.0,1.0,1.0,1.0,1.0]
