10746,[654,838,3428,4405,4440,4778,7953,8022],[1.0,1.0,1.0,1.0,1.0,1.0,1.0,1.0]
10746,[213,2518,3501,5118,7829,10152,10360,10463],[1.0,1.0,1.0,1.0,1.0,1.0,1.0,1.0]
10746,[11,1449,2813,5435,8571,8700,9000,9920,10463],[1.0,1.0,1.0,1.0,1.0,1.0,1.0,1.0,1.0]
10746,[837,936,1449,2813,5435,6530,8571,9829,9920,10621],[1.0,1.0,1.0,1.0,1.0,1.0,1.0,1.0,1.0,1.0]
10746,[1434,2079,7656,9273,9438,9818,10371,10617],[1.0,1.0,1.0,1.0,1.0,1.0,1.0,1.0]
10746,[546,806,1239,1255,1310,2618,3783,10108],[1.0,1.0,1.0,1.0,1.0,1.0,1.0,1.0]
10746,[1706,1903,6115,6193,7274,8581,8729,9565,9871],[1.0,1.0,1.0,1.0,1.0,1.0,1.0,1.0,1.0]
10746,[806,3509,3538,3799,4589,6193,9338,10576],[1.0,1.0,1.0,1.0,1.0,1.0,1.0,1.0]
10746,[838,947,3741,3952,4579,5639,6698,10726],[1.0,1.0,1.0,1.0,1.0,1.0,1.0,1.0]
10746,[902,4589,4801,5537,6379,6784,9407,9494],[1.0,1.0,1.0,1.0,1.0,1.0,1.0,1.0]
10746,[99,838,966,1128,4042,4277,4393,5146,9565],[1.0,1.0,1.0,1.0,1.0,1.0,1.0,1.0,1.0]
10746,[902,3194,4191,8321,8584,9089,10056,10433],[1.0,1.0,1.0,1.0,1.0,1.0,1.0,1.0]
10746,[947,1094,2407,3194,3270,7577],[1.0,1.0,1.0,1.0,1.0,1.0]
10746,[893,1471,3426,3878,6193,8114,9851],[1.0,1.0,1.0,1.0,1.0,1.0,1.0]
10746,[1005,1021,1930,2043,3545,4016,7281,10465],[1.0,1.0,1.0,1.0,1.0,1.0,1.0,1.0]
10746,[837,3155,6342,6530,7436,8070,8842,9438],[1.0,1.0,1.0,1.0,1.0,1.0,1.0,1.0]
10746,[1948,2443,2781,5040,5370,9298,9438,10292],[1.0,1.0,1.0,1.0,1.0,1.0,1.0,1.0]
10746,[654,806,1310,2411,2443,4718,4868,6193,7843],[1.0,1.0,1.0,1.0,1.0,1.0,1.0,1.0,1.0]
10746,[654,806,1005,1310,2455,4268,4891,6626,7502],[1.0,1.0,1.0,1.0,1.0,1.0,1.0,1.0,1.0]
