10746,[39,3844,4440,6131,6753,8635,10201],[1.0,1.0,1.0,1.0,1.0,1.0,1.0]
10746,[213,1237,2518,4055,4778,5017,7463,9865,10152,10360],[1.0,1.0,1.0,1.0,1.0,1.0,1.0,1.0,1.0,1.0]
10746,[936,3485,3844,4335,5641,5975,8548,8746,9491],[1.0,1.0,1.0,1.0,1.0,1.0,1.0,1.0,1.0]
10746,[2342,2808,3685,4294,6341,8893,8907],[1.0,1.0,1.0,1.0,1.0,1.0,1.0]
10746,[2708,4534,4801,6451,6673,8041,8578,9513,9645],[1.0,1.0,1.0,1.0,1.0,1.0,1.0,1.0,1.0]
10746,[463,2916,3290,3695,4801,5142,10226],[1.0,1.0,1.0,1.0,1.0,1.0,1.0]
10746,[837,1498,1673,3340,3741,7039],[1.0,1.0,1.0,1.0,1.0,1.0]
10746,[1965,2074,3695,4163,4534,5592,7371,7866,9039],[1.0,1.0,1.0,1.0,1.0,1.0,1.0,1.0,1.0]
10746,[1099,3078,3339,3340,4414,4611,8904],[1.0,1.0,1.0,1.0,1.0,1.0,1.0]
10746,[316,365,621,4265,5343,7035,7298,7502,7966,9273],[1.0,1.0,1.0,1.0,1.0,1.0,1.0,1.0,1.0,1.0]
10746,[3695,3890,4006,4180,6060,10398],[1.0,1.0,1.0,1.0,1.0,1.0]
10746,[1099,3535,3695,4534,7117,7649,7966,9270,10622],[1.0,1.0,1.0,1.0,1.0,1.0,1.0,1.0,1.0]
10746,[112,2123,3695,6193,6630,8114,10335],[1.0,1.0,1.0,1.0,1.0,1.0,1.0]
10746,[2088,3783,5181,6753,7515,10621],[1.0,1.0,1.0,1.0,1.0,1.0]
