10746,[1853,3450,3608,4440,6193,6838,9305,9325,9491],[1.0,1.0,1.0,1.0,1.0,1.0,1.0,1.0,1.0]
10746,[213,936,1411,1960,3244,4722,5373,10463],[1.0,1.0,1.0,1.0,1.0,1.0,1.0,1.0]
10746,[936,1853,3244,3450,3608,4722,5373,9305,9491,10463],[1.0,1.0,1.0,1.0,1.0,1.0,1.0,1.0,1.0,1.0]
10746,[936,3582,4405,4722,4954,5181,5320,5373,5495],[1.0,1.0,1.0,1.0,1.0,1.0,1.0,1.0,1.0]
10746,[1817,2856,3582,4681,4954,7850,7915,8114,10595],[1.0,1.0,1.0,1.0,1.0,1.0,1.0,1.0,1.0]
10746,[1817,4954,5509,5551,7150,8842,10191],[1.0,1.0,1.0,1.0,1.0,1.0,1.0]
10746,[1255,1960,2916,3257,4363,4857,6298,6401,9632],[1.0,1.0,1.0,1.0,1.0,1.0,1.0,1.0,1.0]
10746,[807,896,2092,7045,7299,8116,8662,9692],[1.0,1.0,1.0,1.0,1.0,1.0,1.0,1.0]
10746,[372,902,3873,4066,4405,7384,7649,9595,9632],[1.0,1.0,1.0,1.0,1.0,1.0,1.0,1.0,1.0]
10746,[13,1085,1785,1960,6812,8575,9239],[1.0,1.0,1.0,1.0,1.0,1.0,1.0]
10746,[1078,3192,4903,6931,7731,9289,9528,9632],[1.0,1.0,1.0,1.0,1.0,1.0,1.0,1.0]
10746,[1706,3582,3583,4687,4755,4954,5751,8904],[1.0,1.0,1.0,1.0,1.0,1.0,1.0,1.0]
10746,[3082,4784,5173,6965,9021,9632,10599],[1.0,1.0,1.0,1.0,1.0,1.0,1.0]
10746,[2618,4312,6405,7897,8114,8642,9851],[1.0,1.0,1.0,1.0,1.0,1.0,1.0]
10746,[169,225,7654,7813,8056,9239,9632,9851,10609],[1.0,1.0,1.0,1.0,1.0,1.0,1.0,1.0,1.0]
10746,[2618,3442,4687,5551,5610,9851],[1.0,1.0,1.0,1.0,1.0,1.0]
10746,[1341,1960,4217,6872,8580,9460],[1.0,1.0,1.0,1.0,1.0,1.0]
10746,[1411,1942,1960,2493,2663,4965,6838,9298,9851,10082],[1.0,1.0,1.0,1.0,1.0,1.0,1.0,1.0,1.0,1.0]
10746,[4312,5173,5911,7424,8027,8114,9390,9632,9818],[1.0,1.0,1.0,1.0,1.0,1.0,1.0,1.0,1.0]
10746,[60,1345,1942,3741,4285,5586,7580,9239],[1.0,1.0,1.0,1.0,1.0,1.0,1.0,1.0]
10746,[896,1338,1706,4217,4405,6872,7296,10433,10621],[1.0,1.0,1.0,1.0,1.0,1.0,1.0,1.0,1.0]
10746,[589,2023,2708,3144,4405,6335,6536,6633,10289],[1.0,1.0,1.0,1.0,1.0,1.0,1.0,1.0,1.0]
10746,[1706,4184,5592,6179,6530,6633,9708,10289],[1.0,1.0,1.0,1.0,1.0,1.0,1.0,1.0]
10746,[2137,3179,4324,6177,9262,10082,10188],[1.0,1.0,1.0,1.0,1.0,1.0,1.0]
10746,[13,982,1800,1960,2649,3426,5708,6541,8308],[1.0,1.0,1.0,1.0,1.0,1.0,1.0,1.0,1.0]
10746,[1814,6299,8554,9270,9290,9595,10188,10617],[1.0,1.0,1.0,1.0,1.0,1.0,1.0,1.0]
10746,[1475,5102,7199,7461,8172,10188,10621],[1.0,1.0,1.0,1.0,1.0,1.0,1.0]
10746,[939,4405,7869,8591,9420,9632,10459],[1.0,1.0,1.0,1.0,1.0,1.0,1.0]
10746,[1662,1705,5796,7813,8114,9712,9841,10056],[1.0,1.0,1.0,1.0,1.0,1.0,1.0,1.0]
10746,[2615,3318,3582,4405,5495,5505,10664,10734],[1.0,1.0,1.0,1.0,1.0,1.0,1.0,1.0]
10746,[14,939,2153,6177,8904,10269,10617],[1.0,1.0,1.0,1.0,1.0,1.0,1.0]
10746,[217,3173,3729,5173,5628,6177,7379,8420,8426],[1.0,1.0,1.0,1.0,1.0,1.0,1.0,1.0,1.0]
10746,[14,1354,3153,3515,4149,7753,8114,10185,10539],[1.0,1.0,1.0,1.0,1.0,1.0,1.0,1.0,1.0]
10746,[266,1960,2728,3523,7317,7813,9420],[1.0,1.0,1.0,1.0,1.0,1.0,1.0]
10746,[939,4084,4971,6177,7813,8591,8904,9632],[1.0,1.0,1.0,1.0,1.0,1.0,1.0,1.0]
10746,[321,365,5173,7384,7386,8610,9430],[1.0,1.0,1.0,1.0,1.0,1.0,1.0]
10746,[217,4066,4242,5169,6177,9262,9632,10269],[1.0,1.0,1.0,1.0,1.0,1.0,1.0,1.0]
10746,[878,2254,2916,6335,6377,6801,7272,7936],[1.0,1.0,1.0,1.0,1.0,1.0,1.0,1.0]
10746,[2068,5173,5604,6335,6801,6983,7843],[1.0,1.0,1.0,1.0,1.0,1.0,1.0]
10746,[733,4217,5181,6128,6801,6872,8114,8421],[1.0,1.0,1.0,1.0,1.0,1.0,1.0,1.0]
10746,[1785,3257,4102,5181,6801,6983,7390,9433],[1.0,1.0,1.0,1.0,1.0,1.0,1.0,1.0]
10746,[1366,1706,3257,4405,6983,7506,8697],[1.0,1.0,1.0,1.0,1.0,1.0,1.0]
10746,[55,209,3426,4172,5055,7205,7506,8180,10082,10497],[1.0,1.0,1.0,1.0,1.0,1.0,1.0,1.0,1.0,1.0]
10746,[727,837,2708,2799,4807,5795,6633,7390,7580,9841],[1.0,1.0,1.0,1.0,1.0,1.0,1.0,1.0,1.0,1.0]
10746,[4859,6366,7032,7494,8206,8394,9841],[1.0,1.0,1.0,1.0,1.0,1.0,1.0]
10746,[1960,2243,2887,5216,5259,6366,7654,10459],[1.0,1.0,1.0,1.0,1.0,1.0,1.0,1.0]
10746,[795,1814,1829,2243,3898,5949,8114,8697,9939],[1.0,1.0,1.0,1.0,1.0,1.0,1.0,1.0,1.0]
10746,[1514,4534,5820,6585,7502,8476,8499,9331,10158],[1.0,1.0,1.0,1.0,1.0,1.0,1.0,1.0,1.0]
10746,[172,3013,3082,3542,4217,8114,8682,9127,9270,9273],[1.0,1.0,1.0,1.0,1.0,1.0,1.0,1.0,1.0,1.0]
10746,[872,1208,1299,2410,3890,4064,5641,9463,10018],[1.0,1.0,1.0,1.0,1.0,1.0,1.0,1.0,1.0]
10746,[1861,4552,7412,7843,8970,9632],[1.0,1.0,1.0,1.0,1.0,1.0]
10746,[491,956,982,3515,4191,4921,4925,7363,7384],[1.0,1.0,1.0,1.0,1.0,1.0,1.0,1.0,1.0]
10746,[491,2771,3515,3754,4389,5762,6335,7363],[1.0,1.0,1.0,1.0,1.0,1.0,1.0,1.0]
10746,[4534,5820,6420,8047,8114,8476,8697,10135,10481],[1.0,1.0,1.0,1.0,1.0,1.0,1.0,1.0,1.0]
10746,[902,1099,4389,4611,4909,6019,7205,9289],[1.0,1.0,1.0,1.0,1.0,1.0,1.0,1.0]
10746,[14,3679,3749,4408,4885,6544,8114],[1.0,1.0,1.0,1.0,1.0,1.0,1.0]
10746,[4399,4909,7316,8947,9464,9928,10613],[1.0,1.0,1.0,1.0,1.0,1.0,1.0]
10746,[992,2596,3334,4921,6366,6544,8498,8499,9433],[1.0,1.0,1.0,1.0,1.0,1.0,1.0,1.0,1.0]
10746,[1428,1458,2243,2396,6985,8642,8697,9289,9595],[1.0,1.0,1.0,1.0,1.0,1.0,1.0,1.0,1.0]
10746,[14,172,1099,3144,8114,8917,10186,10438],[1.0,1.0,1.0,1.0,1.0,1.0,1.0,1.0]
10746,[2114,3545,4332,4921,5983,6217,10295,10444],[1.0,1.0,1.0,1.0,1.0,1.0,1.0,1.0]
10746,[567,1706,1791,1960,2407,6217,10444],[1.0,1.0,1.0,1.0,1.0,1.0,1.0]
10746,[141,2243,2493,4640,6985,8697,9066,9289,9632],[1.0,1.0,1.0,1.0,1.0,1.0,1.0,1.0,1.0]
10746,[522,625,1552,3835,6762,7744,8216,9820,10082],[1.0,1.0,1.0,1.0,1.0,1.0,1.0,1.0,1.0]
10746,[544,1706,3257,3545,3732,6229,6872,8509,9239,10546],[1.0,1.0,1.0,1.0,1.0,1.0,1.0,1.0,1.0,1.0]
10746,[1685,4205,6080,6711,7117,7317,10068],[1.0,1.0,1.0,1.0,1.0,1.0,1.0]
10746,[1154,6377,7182,9273,9348,9632,9851,10621],[1.0,1.0,1.0,1.0,1.0,1.0,1.0,1.0]
10746,[980,1765,3568,4952,7276,8738,9165],[1.0,1.0,1.0,1.0,1.0,1.0,1.0]
10746,[2074,5641,6515,7317,9716,9851,10082],[1.0,1.0,1.0,1.0,1.0,1.0,1.0]
10746,[13,1099,1626,2618,2771,3602,7182,8476,8690,10621],[1.0,1.0,1.0,1.0,1.0,1.0,1.0,1.0,1.0,1.0]
10746,[3257,3442,4405,4589,4655,7182,8114,10433,10621,10737],[1.0,1.0,1.0,1.0,1.0,1.0,1.0,1.0,1.0,1.0]
10746,[1611,1706,2044,2620,7692,9273,9851],[1.0,1.0,1.0,1.0,1.0,1.0,1.0]
10746,[3759,4525,5661,7202,9632],[1.0,1.0,1.0,1.0,1.0]
10746,[544,914,966,1255,2085,4217,4525,6401,9851],[1.0,1.0,1.0,1.0,1.0,1.0,1.0,1.0,1.0]
10746,[1438,2123,5820,5885,7506,8176],[1.0,1.0,1.0,1.0,1.0,1.0]
10746,[733,1185,3651,4669,8056,8480,8911],[1.0,1.0,1.0,1.0,1.0,1.0,1.0]
10746,[1275,2623,3094,6035,8114,8967,9154],[1.0,1.0,1.0,1.0,1.0,1.0,1.0]
10746,[902,1130,1841,6065,6299,7045,8480,9270,10040],[1.0,1.0,1.0,1.0,1.0,1.0,1.0,1.0,1.0]
10746,[209,463,2708,4405,5055,8180,10617,10621],[1.0,1.0,1.0,1.0,1.0,1.0,1.0,1.0]
10746,[209,4217,5055,6002,7205,8041,8509,10595],[1.0,1.0,1.0,1.0,1.0,1.0,1.0,1.0]
10746,[2618,3426,3898,4681,5843,6904,7363,9342],[1.0,1.0,1.0,1.0,1.0,1.0,1.0,1.0]
10746,[14,1706,1960,2091,6838,8509,9632,9841],[1.0,1.0,1.0,1.0,1.0,1.0,1.0,1.0]
10746,[209,1146,1830,1921,3442,5055,7506,9555],[1.0,1.0,1.0,1.0,1.0,1.0,1.0,1.0]
10746,[1146,2771,4611,5041,5820,6167],[1.0,1.0,1.0,1.0,1.0,1.0]
10746,[844,2693,2899,4188,4534,5046,7363,9364],[1.0,1.0,1.0,1.0,1.0,1.0,1.0,1.0]
10746,[209,4092,5440,6703,6896,7747,8180,9379,10056],[1.0,1.0,1.0,1.0,1.0,1.0,1.0,1.0,1.0]
10746,[956,992,3334,4154,4191,5055,9270,9595,10621],[1.0,1.0,1.0,1.0,1.0,1.0,1.0,1.0,1.0]
10746,[860,1198,1516,5641,7074,7465,7649,9298,9555],[1.0,1.0,1.0,1.0,1.0,1.0,1.0,1.0,1.0]
10746,[1198,2243,5175,5628,5641,7182,7187,7649,9066],[1.0,1.0,1.0,1.0,1.0,1.0,1.0,1.0,1.0]
10746,[1255,2708,3950,6985,7850,8621,9066,9853],[1.0,1.0,1.0,1.0,1.0,1.0,1.0,1.0]
10746,[463,552,1005,2618,3716,6237,6810,7317,8434],[1.0,1.0,1.0,1.0,1.0,1.0,1.0,1.0,1.0]
10746,[1198,2243,4066,4217,6394,9632],[1.0,1.0,1.0,1.0,1.0,1.0]
10746,[297,1829,2492,3292,4655,5173,6170,6497,9273],[1.0,1.0,1.0,1.0,1.0,1.0,1.0,1.0,1.0]
10746,[528,554,2927,4217,7032,8521,10136,10222],[1.0,1.0,1.0,1.0,1.0,1.0,1.0,1.0]
10746,[1060,1736,2028,5428,8757,9399,9951,10437],[1.0,1.0,1.0,1.0,1.0,1.0,1.0,1.0]
10746,[115,552,2708,7205,7506,7843,9555,10391],[1.0,1.0,1.0,1.0,1.0,1.0,1.0,1.0]
10746,[896,1255,2168,2446,2627,2708,3498,7379,7679],[1.0,1.0,1.0,1.0,1.0,1.0,1.0,1.0,1.0]
10746,[144,1255,2708,2916,4589,9407],[1.0,1.0,1.0,1.0,1.0,1.0]
10746,[2413,2446,2708,5205,6901,7032,9407],[1.0,1.0,1.0,1.0,1.0,1.0,1.0]
10746,[144,4857,5089,6041,8917,10438],[1.0,1.0,1.0,1.0,1.0,1.0]
10746,[313,833,3515,4103,5741,6229,7506,8904],[1.0,1.0,1.0,1.0,1.0,1.0,1.0,1.0]
10746,[902,1735,3318,5167,5213,5592,7317,10082],[1.0,1.0,1.0,1.0,1.0,1.0,1.0,1.0]
10746,[313,833,2051,4217,7830,9632,10449,10682],[1.0,1.0,1.0,1.0,1.0,1.0,1.0,1.0]
10746,[283,313,384,637,5089,6041,9749,10433],[1.0,1.0,1.0,1.0,1.0,1.0,1.0,1.0]
10746,[1755,2088,6159,7419,9598,9851],[1.0,1.0,1.0,1.0,1.0,1.0]
10746,[313,1816,1965,2088,6670,7419,10185],[1.0,1.0,1.0,1.0,1.0,1.0,1.0]
10746,[1192,1965,2916,4355,7768,7955,9485],[1.0,1.0,1.0,1.0,1.0,1.0,1.0]
10746,[956,2992,3214,4311,4534,4597,5325,5345],[1.0,1.0,1.0,1.0,1.0,1.0,1.0,1.0]
10746,[806,1275,3426,7463,8114,8554],[1.0,1.0,1.0,1.0,1.0,1.0]
10746,[822,3070,4534,6170,8114,9498],[1.0,1.0,1.0,1.0,1.0,1.0]
10746,[1005,1910,6593,7749,8189,8467,10720],[1.0,1.0,1.0,1.0,1.0,1.0,1.0]
10746,[806,833,2478,2618,2856,5564,9851,10526],[1.0,1.0,1.0,1.0,1.0,1.0,1.0,1.0]
10746,[4217,7094,7830,10526],[1.0,1.0,1.0,1.0]
10746,[143,902,1706,7843,9208,10082],[1.0,1.0,1.0,1.0,1.0,1.0]
10746,[833,2733,5089,6041,7094,8904,9749],[1.0,1.0,1.0,1.0,1.0,1.0,1.0]
10746,[143,553,1183,4217,6593,8690,9097,9460],[1.0,1.0,1.0,1.0,1.0,1.0,1.0,1.0]
10746,[833,2493,2708,3545,4217,4416,8041,9298,9460,9841],[1.0,1.0,1.0,1.0,1.0,1.0,1.0,1.0,1.0,1.0]
10746,[833,2133,2419,4658,5604,8227,8476,10617],[1.0,1.0,1.0,1.0,1.0,1.0,1.0,1.0]
10746,[391,3257,3592,4888,6711,8630,9831,10433,10526],[1.0,1.0,1.0,1.0,1.0,1.0,1.0,1.0,1.0]
10746,[2992,3514,4217,6394,7033,8334,9298],[1.0,1.0,1.0,1.0,1.0,1.0,1.0]
10746,[2454,2494,4576,4611,5069,5440,9831,9851],[1.0,1.0,1.0,1.0,1.0,1.0,1.0,1.0]
10746,[14,2334,2760,3257,5963,10433,10714],[1.0,1.0,1.0,1.0,1.0,1.0,1.0]
10746,[2051,3257,4642,5519,7084,7213,8347],[1.0,1.0,1.0,1.0,1.0,1.0,1.0]
10746,[833,1706,7018,7213,8114,10419,10599],[1.0,1.0,1.0,1.0,1.0,1.0,1.0]
10746,[3741,5181,7502,8411,9420],[1.0,1.0,1.0,1.0,1.0]
10746,[2051,2335,4427,5120,5328,5878,9406,10203,10433],[1.0,1.0,1.0,1.0,1.0,1.0,1.0,1.0,1.0]
10746,[14,705,956,3535,4258,9420,10621],[1.0,1.0,1.0,1.0,1.0,1.0,1.0]
10746,[796,3532,3535,3741,4679,5541,10222],[1.0,1.0,1.0,1.0,1.0,1.0,1.0]
10746,[193,3532,4405,4640,5320,5893,7880],[1.0,1.0,1.0,1.0,1.0,1.0,1.0]
10746,[365,806,2524,3842,4191,4405,5320,8170,9449],[1.0,1.0,1.0,1.0,1.0,1.0,1.0,1.0,1.0]
10746,[109,791,806,1297,2524,4344,9816],[1.0,1.0,1.0,1.0,1.0,1.0,1.0]
10746,[3082,3532,4640,6536,7917,8073,9270],[1.0,1.0,1.0,1.0,1.0,1.0,1.0]
10746,[806,2524,4954,5161,7671,8740],[1.0,1.0,1.0,1.0,1.0,1.0]
10746,[2708,4103,5167,7518,9289,9528,9632],[1.0,1.0,1.0,1.0,1.0,1.0,1.0]
10746,[2916,4136,4239,4405,5320,6877,10082],[1.0,1.0,1.0,1.0,1.0,1.0,1.0]
10746,[2615,2733,2941,3426,3582,5495],[1.0,1.0,1.0,1.0,1.0,1.0]
10746,[902,4136,4332,5495,5833,6675,7079,7341,8566],[1.0,1.0,1.0,1.0,1.0,1.0,1.0,1.0,1.0]
10746,[263,1722,1920,4954,6406,7116,9534],[1.0,1.0,1.0,1.0,1.0,1.0,1.0]
10746,[365,902,1965,3426,4117,4194,10068],[1.0,1.0,1.0,1.0,1.0,1.0,1.0]
10746,[266,619,2615,3791,4671,4934,6952,7045],[1.0,1.0,1.0,1.0,1.0,1.0,1.0,1.0]
10746,[245,902,2455,3586,4191,6335,7023,9420,9611],[1.0,1.0,1.0,1.0,1.0,1.0,1.0,1.0,1.0]
10746,[304,1706,2596,2615,4117,4954,5495,7384,8974],[1.0,1.0,1.0,1.0,1.0,1.0,1.0,1.0,1.0]
10746,[574,2126,3433,4355,5628,5928,5935,7221],[1.0,1.0,1.0,1.0,1.0,1.0,1.0,1.0]
10746,[574,3433,3669,4349,5181,7221,8582],[1.0,1.0,1.0,1.0,1.0,1.0,1.0]
10746,[1275,1284,2114,4606,5938,7475,9430,9575,10433],[1.0,1.0,1.0,1.0,1.0,1.0,1.0,1.0,1.0]
10746,[447,1198,1242,2126,3824,4722,5710,9298],[1.0,1.0,1.0,1.0,1.0,1.0,1.0,1.0]
10746,[632,1299,1731,2333,4875,5986,8554,10068],[1.0,1.0,1.0,1.0,1.0,1.0,1.0,1.0]
10746,[27,3532,4534,5983,6547,7390,7527,8729,8840,9292],[1.0,1.0,1.0,1.0,1.0,1.0,1.0,1.0,1.0,1.0]
10746,[2493,3547,4649,8114,9289,9675,9799,10068],[1.0,1.0,1.0,1.0,1.0,1.0,1.0,1.0]
10746,[2088,2407,4217,4349,6872,7074,9799],[1.0,1.0,1.0,1.0,1.0,1.0,1.0]
10746,[1411,3433,4191,4217,5167,5641,6650,6872,9379],[1.0,1.0,1.0,1.0,1.0,1.0,1.0,1.0,1.0]
10746,[463,3433,3442,3829,4217,5628,6394,6872],[1.0,1.0,1.0,1.0,1.0,1.0,1.0,1.0]
10746,[13,902,3545,4424,5820,6335,8480,9430],[1.0,1.0,1.0,1.0,1.0,1.0,1.0,1.0]
10746,[1092,2916,4217,4552,6065,6872,7854,8480,9289,9465],[1.0,1.0,1.0,1.0,1.0,1.0,1.0,1.0,1.0,1.0]
10746,[463,1185,3442,6377,6462,8114,8580,9465],[1.0,1.0,1.0,1.0,1.0,1.0,1.0,1.0]
10746,[140,544,2068,3836,4102,6547,6633,9799,9852],[1.0,1.0,1.0,1.0,1.0,1.0,1.0,1.0,1.0]
10746,[13,1960,3586,4534,4669,5820,7502,9632],[1.0,1.0,1.0,1.0,1.0,1.0,1.0,1.0]
10746,[89,1099,2074,4669,4868,9407,9632],[1.0,1.0,1.0,1.0,1.0,1.0,1.0]
10746,[89,1785,1979,5885,7117,9433,9632],[1.0,1.0,1.0,1.0,1.0,1.0,1.0]
10746,[381,463,1706,2351,2493,4534,5359],[1.0,1.0,1.0,1.0,1.0,1.0,1.0]
10746,[89,297,463,3070,3592,5301,6167,9632,10068],[1.0,1.0,1.0,1.0,1.0,1.0,1.0,1.0,1.0]
10746,[3257,4888,7303,7390,8476,8630,10433],[1.0,1.0,1.0,1.0,1.0,1.0,1.0]
10746,[2916,3442,3940,4102,4534,6177,7502,8041,8056],[1.0,1.0,1.0,1.0,1.0,1.0,1.0,1.0,1.0]
10746,[869,2240,3850,4921,6172,7276,7303,9841],[1.0,1.0,1.0,1.0,1.0,1.0,1.0,1.0]
10746,[1255,4102,4687,5207,6335,6605,7718,8114],[1.0,1.0,1.0,1.0,1.0,1.0,1.0,1.0]
10746,[1475,3545,6335,6399,6633,7518,9632,10188],[1.0,1.0,1.0,1.0,1.0,1.0,1.0,1.0]
10746,[733,1005,3257,6580,7303,7390,8476,10433],[1.0,1.0,1.0,1.0,1.0,1.0,1.0,1.0]
10746,[2305,3887,6167,6547,7033,7788,9799],[1.0,1.0,1.0,1.0,1.0,1.0,1.0]
10746,[13,982,1960,2623,2992,5440,9972],[1.0,1.0,1.0,1.0,1.0,1.0,1.0]
10746,[3836,4332,5440,6547,7084],[1.0,1.0,1.0,1.0,1.0]
10746,[1835,2992,4708,5440,5704,8114,9799],[1.0,1.0,1.0,1.0,1.0,1.0,1.0]
10746,[869,2464,2623,4149,5003,10595],[1.0,1.0,1.0,1.0,1.0,1.0]
10746,[14,4258,6547,8114,9289,9851],[1.0,1.0,1.0,1.0,1.0,1.0]
10746,[747,4092,4871,6167,6547,9289,9851,10082],[1.0,1.0,1.0,1.0,1.0,1.0,1.0,1.0]
10746,[13,3257,3850,4102,4687,6983,8169,8308],[1.0,1.0,1.0,1.0,1.0,1.0,1.0,1.0]
10746,[1960,1965,2618,2708,4920,6295,6399,7303,9270],[1.0,1.0,1.0,1.0,1.0,1.0,1.0,1.0,1.0]
10746,[896,1965,5544,7074,7728,8308,9270,9972],[1.0,1.0,1.0,1.0,1.0,1.0,1.0,1.0]
10746,[463,878,1035,1099,1905,2708,3741,4109,9272],[1.0,1.0,1.0,1.0,1.0,1.0,1.0,1.0,1.0]
10746,[769,878,1099,2001,2477,2916,6341,9534,9841],[1.0,1.0,1.0,1.0,1.0,1.0,1.0,1.0,1.0]
10746,[2984,3426,4921,4934,7757,9364,10476],[1.0,1.0,1.0,1.0,1.0,1.0,1.0]
10746,[6330,6335,8056,8595,9375,10714],[1.0,1.0,1.0,1.0,1.0,1.0]
10746,[266,2799,4534,4722,7390,9831],[1.0,1.0,1.0,1.0,1.0,1.0]
10746,[4611,5351,5741,5928,6633,9632,10082,10289],[1.0,1.0,1.0,1.0,1.0,1.0,1.0,1.0]
10746,[2023,2213,2413,3246,6626,6633,6812,8041,10289],[1.0,1.0,1.0,1.0,1.0,1.0,1.0,1.0,1.0]
10746,[225,1354,1534,4611,5173,5207,6122,6633,8694,9632],[1.0,1.0,1.0,1.0,1.0,1.0,1.0,1.0,1.0,1.0]
10746,[869,956,1275,4651,6405,8114,8729,9895],[1.0,1.0,1.0,1.0,1.0,1.0,1.0,1.0]
10746,[143,1960,6633,6838,7069,8368,9632],[1.0,1.0,1.0,1.0,1.0,1.0,1.0]
10746,[2213,2828,3192,3246,4405,7390,7506,9296,10454],[1.0,1.0,1.0,1.0,1.0,1.0,1.0,1.0,1.0]
10746,[2455,3651,3741,4040,4566,6633,8368,9239,10208],[1.0,1.0,1.0,1.0,1.0,1.0,1.0,1.0,1.0]
10746,[589,1005,1255,3426,6633,6934,8368,10289],[1.0,1.0,1.0,1.0,1.0,1.0,1.0,1.0]
10746,[26,1185,1665,4191,5277,6633,8114,9239],[1.0,1.0,1.0,1.0,1.0,1.0,1.0,1.0]
10746,[956,1054,1620,1960,2085,3651,8729,10419],[1.0,1.0,1.0,1.0,1.0,1.0,1.0,1.0]
10746,[171,1255,2304,2618,4132,4405,6812,8421,9239],[1.0,1.0,1.0,1.0,1.0,1.0,1.0,1.0,1.0]
10746,[852,982,2213,3013,4939,6812,7832,7878],[1.0,1.0,1.0,1.0,1.0,1.0,1.0,1.0]
10746,[60,710,3545,3808,6876,7317,7384,8570],[1.0,1.0,1.0,1.0,1.0,1.0,1.0,1.0]
10746,[297,2708,5931,7480,9524,10082,10223,10445],[1.0,1.0,1.0,1.0,1.0,1.0,1.0,1.0]
10746,[589,1522,2213,3013,4363,4939,8114,8655],[1.0,1.0,1.0,1.0,1.0,1.0,1.0,1.0]
10746,[153,1255,1960,3082,4405,8449,9358],[1.0,1.0,1.0,1.0,1.0,1.0,1.0]
10746,[1605,3013,4066,4184,4939,6149,10093,10438,10621],[1.0,1.0,1.0,1.0,1.0,1.0,1.0,1.0,1.0]
10746,[589,2243,2623,3094,4925,6812,7923,9239,9273,9632],[1.0,1.0,1.0,1.0,1.0,1.0,1.0,1.0,1.0,1.0]
10746,[982,1284,3094,4217,6633,10616],[1.0,1.0,1.0,1.0,1.0,1.0]
