10746,[242,2013,4440,5201,6557,8635,8751,8779,9491],[1.0,1.0,1.0,1.0,1.0,1.0,1.0,1.0,1.0]
10746,[213,1237,1456,1714,1818,4954,7416,10360,10463],[1.0,1.0,1.0,1.0,1.0,1.0,1.0,1.0,1.0]
10746,[936,1323,1818,3105,3844,4865,5358,6862],[1.0,1.0,1.0,1.0,1.0,1.0,1.0,1.0]
10746,[39,936,3731,3844,6753,7384,8463,8564,9768],[1.0,1.0,1.0,1.0,1.0,1.0,1.0,1.0,1.0]
10746,[4272,5661,6080,6753,7379,8114,9049],[1.0,1.0,1.0,1.0,1.0,1.0,1.0]
10746,[2455,3110,5343,5868,9558,10201,10419],[1.0,1.0,1.0,1.0,1.0,1.0,1.0]
10746,[126,896,1099,2052,2206,3651,9273,9595,10139],[1.0,1.0,1.0,1.0,1.0,1.0,1.0,1.0,1.0]
10746,[1275,2823,3545,3824,4525,5141],[1.0,1.0,1.0,1.0,1.0,1.0]
10746,[1527,1706,4266,4649,5272,7033,8554,10082],[1.0,1.0,1.0,1.0,1.0,1.0,1.0,1.0]
10746,[2752,4601,5983,6753,8476,8543,8673,9009,9273,9851],[1.0,1.0,1.0,1.0,1.0,1.0,1.0,1.0,1.0,1.0]
10746,[896,1706,6603,6700,6819,7368,7813,8041,9460,9851],[1.0,1.0,1.0,1.0,1.0,1.0,1.0,1.0,1.0,1.0]
10746,[1099,2493,8073,8514,8673,8729,9273,9357],[1.0,1.0,1.0,1.0,1.0,1.0,1.0,1.0]
10746,[109,1366,3661,3741,3850,7390,8219,8917,9851,10714],[1.0,1.0,1.0,1.0,1.0,1.0,1.0,1.0,1.0,1.0]
10746,[470,2013,2530,6557,7004,7079,7606,8779,9273,10694],[1.0,1.0,1.0,1.0,1.0,1.0,1.0,1.0,1.0,1.0]
10746,[2266,5201,7114,7379,8751,9290,9491,9851],[1.0,1.0,1.0,1.0,1.0,1.0,1.0,1.0]
10746,[365,4996,5809,6754,8116,9663,10692],[1.0,1.0,1.0,1.0,1.0,1.0,1.0]
