10746,[121,202,1517,4440,4722,5373,6385,8170],[1.0,1.0,1.0,1.0,1.0,1.0,1.0,1.0]
10746,[121,975,1673,2518,4891,5653,6385,8068,9841],[1.0,1.0,1.0,1.0,1.0,1.0,1.0,1.0,1.0]
10746,[121,1309,5820,6172,7478,7937,8170,9527,9654,10360],[1.0,1.0,1.0,1.0,1.0,1.0,1.0,1.0,1.0,1.0]
10746,[121,180,213,1749,5373,5657,7979,8170,10381],[1.0,1.0,1.0,1.0,1.0,1.0,1.0,1.0,1.0]
10746,[121,2134,3832,4682,5657,5661,6385,8170,10381],[1.0,1.0,1.0,1.0,1.0,1.0,1.0,1.0,1.0]
10746,[121,202,683,975,1028,1127,1517,5181,8068],[1.0,1.0,1.0,1.0,1.0,1.0,1.0,1.0,1.0]
10746,[121,1803,3842,5181,5483,6385,6650,8010,9595],[1.0,1.0,1.0,1.0,1.0,1.0,1.0,1.0,1.0]
10746,[121,918,1673,5483,8752],[1.0,1.0,1.0,1.0,1.0]
10746,[2518,5641,5752,9841,10139,10309,10463],[1.0,1.0,1.0,1.0,1.0,1.0,1.0]
10746,[628,1280,2366,7865,8109,8170,10242],[1.0,1.0,1.0,1.0,1.0,1.0,1.0]
10746,[463,1211,1375,5793,8114,8280,8398,9989],[1.0,1.0,1.0,1.0,1.0,1.0,1.0,1.0]
10746,[975,1036,2916,5181,5483,6098,6819,10139],[1.0,1.0,1.0,1.0,1.0,1.0,1.0,1.0]
10746,[143,3088,4535,4891,5737,7390,7518,9270,10621],[1.0,1.0,1.0,1.0,1.0,1.0,1.0,1.0,1.0]
10746,[635,2366,4649,5710,7182,8648,9632,10493],[1.0,1.0,1.0,1.0,1.0,1.0,1.0,1.0]
10746,[878,2626,3386,5628,7506,8087,8595,10068,10621],[1.0,1.0,1.0,1.0,1.0,1.0,1.0,1.0,1.0]
10746,[2123,2472,2530,3622,6989,8971],[1.0,1.0,1.0,1.0,1.0,1.0]
10746,[902,2208,4202,5142,5580,7506,8280,9483,10398],[1.0,1.0,1.0,1.0,1.0,1.0,1.0,1.0,1.0]
10746,[14,5142,5710,9129,9420,9729,9925],[1.0,1.0,1.0,1.0,1.0,1.0,1.0]
10746,[121,1402,1846,2669,4441,6510,8311,9528,10068],[1.0,1.0,1.0,1.0,1.0,1.0,1.0,1.0,1.0]
10746,[1965,2582,3602,7074,8851,8956,9342,9677],[1.0,1.0,1.0,1.0,1.0,1.0,1.0,1.0]
10746,[635,2366,3602,4440,7074,8956,10621],[1.0,1.0,1.0,1.0,1.0,1.0,1.0]
10746,[121,635,1237,2518,3901,3910,4405,7506],[1.0,1.0,1.0,1.0,1.0,1.0,1.0,1.0]
10746,[303,902,3651,4039,5592,8040,9595,10621,10680],[1.0,1.0,1.0,1.0,1.0,1.0,1.0,1.0,1.0]
10746,[2544,2916,4239,5345,6212,6541,6762,7059,7218,9185],[1.0,1.0,1.0,1.0,1.0,1.0,1.0,1.0,1.0,1.0]
10746,[517,1237,1926,2265,2407,3799,6442,6937,7679],[1.0,1.0,1.0,1.0,1.0,1.0,1.0,1.0,1.0]
10746,[2916,4649,5942,6692,7114,7218,9040,9176,10617],[1.0,1.0,1.0,1.0,1.0,1.0,1.0,1.0,1.0]
10746,[501,896,932,2283,4287,4755,5163,5305,7818],[1.0,1.0,1.0,1.0,1.0,1.0,1.0,1.0,1.0]
10746,[925,4223,5366,6191,6544,7218,9379,10536],[1.0,1.0,1.0,1.0,1.0,1.0,1.0,1.0]
10746,[121,626,1237,3755,4217,5983,6271,6385,7098,7506],[1.0,1.0,1.0,1.0,1.0,1.0,1.0,1.0,1.0,1.0]
10746,[2664,2921,3824,4066,5328,5995,6358,8243],[1.0,1.0,1.0,1.0,1.0,1.0,1.0,1.0]
10746,[567,635,3192,4123,5877,5907,6335,8868,9086,9292],[1.0,1.0,1.0,1.0,1.0,1.0,1.0,1.0,1.0,1.0]
10746,[2874,4207,4440,4516,7182,7668,8109,9238,9708],[1.0,1.0,1.0,1.0,1.0,1.0,1.0,1.0,1.0]
10746,[2518,3910,4649,7045,7182,9632,10621],[1.0,1.0,1.0,1.0,1.0,1.0,1.0]
10746,[497,4130,4649,6368,7182,8040,8917,9290,9632],[1.0,1.0,1.0,1.0,1.0,1.0,1.0,1.0,1.0]
10746,[844,1512,3890,4730,6130,8588,10222,10595],[1.0,1.0,1.0,1.0,1.0,1.0,1.0,1.0]
10746,[2405,2597,3529,3850,7251,7640,7923,9273,9321],[1.0,1.0,1.0,1.0,1.0,1.0,1.0,1.0,1.0]
10746,[2530,2618,5572,6302,6341,6492,6500,6932,9529],[1.0,1.0,1.0,1.0,1.0,1.0,1.0,1.0,1.0]
10746,[2034,2114,2618,5860,6115,6365,9273,10433],[1.0,1.0,1.0,1.0,1.0,1.0,1.0,1.0]
10746,[1960,5294,5804,6341,8286,8344,9262,10674],[1.0,1.0,1.0,1.0,1.0,1.0,1.0,1.0]
10746,[844,2405,3070,3207,3890,4891,7923,9273,9364],[1.0,1.0,1.0,1.0,1.0,1.0,1.0,1.0,1.0]
10746,[2596,3070,3890,4066,4730,8904,9273,9364],[1.0,1.0,1.0,1.0,1.0,1.0,1.0,1.0]
10746,[1759,1983,2114,4664,4893,4934,5307,6130,9273,10433],[1.0,1.0,1.0,1.0,1.0,1.0,1.0,1.0,1.0,1.0]
10746,[223,501,1535,6815,8094,9008,9273],[1.0,1.0,1.0,1.0,1.0,1.0,1.0]
10746,[956,1222,1255,1946,6341,7307,8595,9530],[1.0,1.0,1.0,1.0,1.0,1.0,1.0,1.0]
10746,[341,497,5004,5572,6113,6932,7182,8596,10233],[1.0,1.0,1.0,1.0,1.0,1.0,1.0,1.0,1.0]
10746,[55,2395,2933,3961,4630,5328,5983,8614,9916],[1.0,1.0,1.0,1.0,1.0,1.0,1.0,1.0,1.0]
10746,[747,2123,5146,7390,8227,8280,8582,10508],[1.0,1.0,1.0,1.0,1.0,1.0,1.0,1.0]
10746,[2335,2530,3741,4534,5150,7084,7182,8595,9632],[1.0,1.0,1.0,1.0,1.0,1.0,1.0,1.0,1.0]
10746,[2518,3910,4440,4649,5524,5710,7079,10493],[1.0,1.0,1.0,1.0,1.0,1.0,1.0,1.0]
10746,[121,1291,4066,5710,5995,6385,8040],[1.0,1.0,1.0,1.0,1.0,1.0,1.0]
10746,[573,1712,2029,3013,5710,7518,9632,10445],[1.0,1.0,1.0,1.0,1.0,1.0,1.0,1.0]
10746,[870,3228,3651,5574,5991,7412,7769,10082,10433],[1.0,1.0,1.0,1.0,1.0,1.0,1.0,1.0,1.0]
10746,[66,191,573,2523,3651,5150,8729,9841,10445],[1.0,1.0,1.0,1.0,1.0,1.0,1.0,1.0,1.0]
10746,[191,463,5710,6295,6819,8729,10222],[1.0,1.0,1.0,1.0,1.0,1.0,1.0]
10746,[191,3651,3856,5142,5995,7165,8041,9841],[1.0,1.0,1.0,1.0,1.0,1.0,1.0,1.0]
10746,[2986,4440,4611,5652,7339,7518,8582,8729],[1.0,1.0,1.0,1.0,1.0,1.0,1.0,1.0]
10746,[2493,2799,2916,3514,5652,6394],[1.0,1.0,1.0,1.0,1.0,1.0]
10746,[626,956,2016,2324,3111,4294,9334],[1.0,1.0,1.0,1.0,1.0,1.0,1.0]
10746,[35,956,991,1237,1452,1996,3651,6244,8582],[1.0,1.0,1.0,1.0,1.0,1.0,1.0,1.0,1.0]
10746,[151,501,2016,2618,3257,4440,5326,7923,8648,10536],[1.0,1.0,1.0,1.0,1.0,1.0,1.0,1.0,1.0,1.0]
10746,[365,2518,2530,3561,3910,4950,8087,8595],[1.0,1.0,1.0,1.0,1.0,1.0,1.0,1.0]
10746,[2530,3808,6047,6335,8114,8595],[1.0,1.0,1.0,1.0,1.0,1.0]
10746,[365,3561,4245,4649,4950,6341,8040,9262,9342],[1.0,1.0,1.0,1.0,1.0,1.0,1.0,1.0,1.0]
10746,[348,2123,2240,3532,8087,8525,8648,10222,10605],[1.0,1.0,1.0,1.0,1.0,1.0,1.0,1.0,1.0]
10746,[902,2884,3549,3651,5181,7645,8931,10536],[1.0,1.0,1.0,1.0,1.0,1.0,1.0,1.0]
10746,[27,365,902,2251,5479,5505,8558],[1.0,1.0,1.0,1.0,1.0,1.0,1.0]
10746,[13,747,758,1607,4520,5135,6172,9342,10536],[1.0,1.0,1.0,1.0,1.0,1.0,1.0,1.0,1.0]
10746,[2530,4682,8595,9342,9950,10536,10716],[1.0,1.0,1.0,1.0,1.0,1.0,1.0]
10746,[365,3561,3808,4950,6047,9528],[1.0,1.0,1.0,1.0,1.0,1.0]
10746,[747,1865,2530,4258,8614,9528],[1.0,1.0,1.0,1.0,1.0,1.0]
10746,[58,5109,5180,8582,9270,9328],[1.0,1.0,1.0,1.0,1.0,1.0]
10746,[517,2365,2485,4217,5326,6793,10056,10208],[1.0,1.0,1.0,1.0,1.0,1.0,1.0,1.0]
10746,[3532,3892,3965,7316,9383],[1.0,1.0,1.0,1.0,1.0]
10746,[436,1996,4926,5961,7105,7843,9851],[1.0,1.0,1.0,1.0,1.0,1.0,1.0]
10746,[902,1150,1945,2530,3532,8041,8661,8680],[1.0,1.0,1.0,1.0,1.0,1.0,1.0,1.0]
10746,[26,436,2493,3257,3532,4540,5325,5885,7217],[1.0,1.0,1.0,1.0,1.0,1.0,1.0,1.0,1.0]
10746,[1173,3547,3651,5151,7518,8582,8595,10433],[1.0,1.0,1.0,1.0,1.0,1.0,1.0,1.0]
10746,[966,1255,3965,4191,4217,5146,5459,9420,9435],[1.0,1.0,1.0,1.0,1.0,1.0,1.0,1.0,1.0]
10746,[3532,4101,5387,6169,6341,10223,10285,10292,10582],[1.0,1.0,1.0,1.0,1.0,1.0,1.0,1.0,1.0]
10746,[2123,2472,2530,2916,5626,7218,8614,10068],[1.0,1.0,1.0,1.0,1.0,1.0,1.0,1.0]
10746,[55,1098,2123,2530,2916,8614,9183,9258],[1.0,1.0,1.0,1.0,1.0,1.0,1.0,1.0]
10746,[957,1098,2123,2530,2916,8026,8595,9262],[1.0,1.0,1.0,1.0,1.0,1.0,1.0,1.0]
10746,[902,2530,3532,3688,5985,7316,8904],[1.0,1.0,1.0,1.0,1.0,1.0,1.0]
10746,[315,1255,2916,3892,4520,8026,8033],[1.0,1.0,1.0,1.0,1.0,1.0,1.0]
10746,[4985,5443,6371,9708,9976],[1.0,1.0,1.0,1.0,1.0]
10746,[1141,2530,2916,4405,6371,8114,10222,10716],[1.0,1.0,1.0,1.0,1.0,1.0,1.0,1.0]
10746,[4273,4534,4679,5544,6371,10327],[1.0,1.0,1.0,1.0,1.0,1.0]
10746,[14,2530,4405,6371,8065,8568,8705,10222],[1.0,1.0,1.0,1.0,1.0,1.0,1.0,1.0]
10746,[141,2799,6371,8033,10285],[1.0,1.0,1.0,1.0,1.0]
10746,[1255,2665,3892,4520,4552,9056,9289],[1.0,1.0,1.0,1.0,1.0,1.0,1.0]
10746,[2232,2493,5181,5440,6341,7074,9407],[1.0,1.0,1.0,1.0,1.0,1.0,1.0]
10746,[66,1255,3532,3892,6427,7074],[1.0,1.0,1.0,1.0,1.0,1.0]
10746,[2530,3193,7037,8498,8595,9270,10203],[1.0,1.0,1.0,1.0,1.0,1.0,1.0]
10746,[109,1275,3532,5752,5928,6681,7506,8648],[1.0,1.0,1.0,1.0,1.0,1.0,1.0,1.0]
10746,[411,2530,6341,7084,8087,8648,9284,10068,10433],[1.0,1.0,1.0,1.0,1.0,1.0,1.0,1.0,1.0]
10746,[580,4331,5447,6341,8087,9460,10433],[1.0,1.0,1.0,1.0,1.0,1.0,1.0]
10746,[1225,1299,1706,4217,4440,7218,7844,8595,8673,10621],[1.0,1.0,1.0,1.0,1.0,1.0,1.0,1.0,1.0,1.0]
10746,[2518,2626,3386,3910,4217,4405,5320,6985],[1.0,1.0,1.0,1.0,1.0,1.0,1.0,1.0]
10746,[1739,2240,2626,3606,3755,5181,8040,8934,10222,10621],[1.0,1.0,1.0,1.0,1.0,1.0,1.0,1.0,1.0,1.0]
10746,[2626,3386,3528,5240,6115,7228,8398,9290,10294],[1.0,1.0,1.0,1.0,1.0,1.0,1.0,1.0,1.0]
10746,[2420,4191,4534,8280,8475,9611,9953],[1.0,1.0,1.0,1.0,1.0,1.0,1.0]
10746,[293,2626,3386,3741,4074,4217,5582,8748,9289,9851],[1.0,1.0,1.0,1.0,1.0,1.0,1.0,1.0,1.0,1.0]
10746,[1639,2182,2455,2596,4074,5923,9075],[1.0,1.0,1.0,1.0,1.0,1.0,1.0]
10746,[121,386,4534,5883,7045,7316,10508,10621],[1.0,1.0,1.0,1.0,1.0,1.0,1.0,1.0]
10746,[365,902,1910,7398,7502,9257,9925,10398],[1.0,1.0,1.0,1.0,1.0,1.0,1.0,1.0]
10746,[262,902,1535,2521,5181,6053,7398,8041,9257,9523],[1.0,1.0,1.0,1.0,1.0,1.0,1.0,1.0,1.0,1.0]
10746,[365,902,2530,8582,9925,10398,10433],[1.0,1.0,1.0,1.0,1.0,1.0,1.0]
10746,[1945,2530,4632,5142,6590,6771,10093,10398],[1.0,1.0,1.0,1.0,1.0,1.0,1.0,1.0]
10746,[2626,3386,4258,4552,5738,5883,6098,7671],[1.0,1.0,1.0,1.0,1.0,1.0,1.0,1.0]
10746,[1639,2596,7316,8159,8307,10350,10617],[1.0,1.0,1.0,1.0,1.0,1.0,1.0]
10746,[902,1791,2455,2916,3426,4191,4336,8246,9430],[1.0,1.0,1.0,1.0,1.0,1.0,1.0,1.0,1.0]
10746,[365,902,1639,6819,7398,9257,9925,10398],[1.0,1.0,1.0,1.0,1.0,1.0,1.0,1.0]
10746,[164,902,1085,1869,3535,3545,8246,9042],[1.0,1.0,1.0,1.0,1.0,1.0,1.0,1.0]
10746,[87,126,2542,3651,4217,4440,5181,5628,7506,8595],[1.0,1.0,1.0,1.0,1.0,1.0,1.0,1.0,1.0,1.0]
10746,[291,567,878,2518,2627,3910,4217,4405],[1.0,1.0,1.0,1.0,1.0,1.0,1.0,1.0]
10746,[1796,2418,4405,5737,6853,7518,8040,8184,10536],[1.0,1.0,1.0,1.0,1.0,1.0,1.0,1.0,1.0]
10746,[4891,5513,8109,8114,8321,9270,10536],[1.0,1.0,1.0,1.0,1.0,1.0,1.0]
10746,[121,3313,4242,4332,6341,6385,8109,10453],[1.0,1.0,1.0,1.0,1.0,1.0,1.0,1.0]
10746,[121,635,1920,2418,5047,6385,7565,10536],[1.0,1.0,1.0,1.0,1.0,1.0,1.0,1.0]
10746,[1099,1237,2535,4198,7569,8109,9270],[1.0,1.0,1.0,1.0,1.0,1.0,1.0]
10746,[635,1099,3926,4891,6035,6358,7572],[1.0,1.0,1.0,1.0,1.0,1.0,1.0]
10746,[991,2618,2708,3926,4405,5505,7390,9030,9249],[1.0,1.0,1.0,1.0,1.0,1.0,1.0,1.0,1.0]
10746,[962,1237,2150,2156,2530,3432,6115],[1.0,1.0,1.0,1.0,1.0,1.0,1.0]
10746,[2530,3523,4405,8673,9030,9249,10068],[1.0,1.0,1.0,1.0,1.0,1.0,1.0]
10746,[1237,2219,2366,2472,2530,2627,9270,9604],[1.0,1.0,1.0,1.0,1.0,1.0,1.0,1.0]
10746,[1776,2690,4268,5641,5808,6047,6172,6603],[1.0,1.0,1.0,1.0,1.0,1.0,1.0,1.0]
10746,[14,1340,2530,4440,7506,9841,10068],[1.0,1.0,1.0,1.0,1.0,1.0,1.0]
10746,[517,2472,2518,3910,5939,10028,10068],[1.0,1.0,1.0,1.0,1.0,1.0,1.0]
10746,[991,2472,2530,3545,3651,8040,9420,10028],[1.0,1.0,1.0,1.0,1.0,1.0,1.0,1.0]
10746,[1237,2472,3022,3651,8041,9420,9851,10028],[1.0,1.0,1.0,1.0,1.0,1.0,1.0,1.0]
10746,[758,819,1098,4332,9420,10336],[1.0,1.0,1.0,1.0,1.0,1.0]
10746,[365,758,3355,3651,7151,7666,7699,9270,9420,9611],[1.0,1.0,1.0,1.0,1.0,1.0,1.0,1.0,1.0,1.0]
10746,[1706,2072,2290,4217,5150,5592,9851],[1.0,1.0,1.0,1.0,1.0,1.0,1.0]
10746,[14,2340,2831,3411,4440,6989,8268,9981],[1.0,1.0,1.0,1.0,1.0,1.0,1.0,1.0]
10746,[2123,2518,2530,3622,3910,4738,6989,8971],[1.0,1.0,1.0,1.0,1.0,1.0,1.0,1.0]
10746,[1970,2530,6229,6989,8040,8673,9029,10419],[1.0,1.0,1.0,1.0,1.0,1.0,1.0,1.0]
10746,[1255,1829,2123,2530,3622,8917,8971,10742],[1.0,1.0,1.0,1.0,1.0,1.0,1.0,1.0]
10746,[2291,3783,5946,6989,9029,9385,10398],[1.0,1.0,1.0,1.0,1.0,1.0,1.0]
10746,[365,1275,2530,4671,5003,5696,6989,7074],[1.0,1.0,1.0,1.0,1.0,1.0,1.0,1.0]
10746,[173,245,501,689,701,5443,6756,6989,7666],[1.0,1.0,1.0,1.0,1.0,1.0,1.0,1.0,1.0]
10746,[5069,5830,6664,6673,7074,9385,9632,10203,10419,10621],[1.0,1.0,1.0,1.0,1.0,1.0,1.0,1.0,1.0,1.0]
10746,[2530,3318,4405,6989,8595,8903,10339,10433],[1.0,1.0,1.0,1.0,1.0,1.0,1.0,1.0]
10746,[523,2472,2530,6368,6482,9736,10433,10621],[1.0,1.0,1.0,1.0,1.0,1.0,1.0,1.0]
10746,[1255,2623,3794,4736,6080,6368,6989,9632,10336],[1.0,1.0,1.0,1.0,1.0,1.0,1.0,1.0,1.0]
10746,[245,523,1341,4611,5146,5443,6457,6756,6845,9273],[1.0,1.0,1.0,1.0,1.0,1.0,1.0,1.0,1.0,1.0]
10746,[1099,1341,4440,5181,9568,10522],[1.0,1.0,1.0,1.0,1.0,1.0]
10746,[3417,3641,8893,8915,9029,9632],[1.0,1.0,1.0,1.0,1.0,1.0]
10746,[1099,2599,3586,4149,5069,5443,10645],[1.0,1.0,1.0,1.0,1.0,1.0,1.0]
10746,[14,2728,4332,5069,5443,5885,8236,9420,10222],[1.0,1.0,1.0,1.0,1.0,1.0,1.0,1.0,1.0]
10746,[447,1218,1550,6341,6426,6952,6989,9988],[1.0,1.0,1.0,1.0,1.0,1.0,1.0,1.0]
10746,[1218,3403,4610,8285,9988,10536],[1.0,1.0,1.0,1.0,1.0,1.0]
10746,[1275,1291,2618,3413,3667,3710,4576,4755,7416],[1.0,1.0,1.0,1.0,1.0,1.0,1.0,1.0,1.0]
10746,[1255,1706,2455,3890,5114,8791,9568,10245],[1.0,1.0,1.0,1.0,1.0,1.0,1.0,1.0]
10746,[630,902,8343,8680,9273,9288,10130],[1.0,1.0,1.0,1.0,1.0,1.0,1.0]
10746,[51,515,1113,5114,8673,9365,10245],[1.0,1.0,1.0,1.0,1.0,1.0,1.0]
10746,[2472,4092,4871,5804,6080,6341,7890],[1.0,1.0,1.0,1.0,1.0,1.0,1.0]
10746,[2530,4202,6749,7117,8135,9129,9523,9568,10028],[1.0,1.0,1.0,1.0,1.0,1.0,1.0,1.0,1.0]
10746,[1255,5688,6257,6952,7379,8348,9273,9523,9568],[1.0,1.0,1.0,1.0,1.0,1.0,1.0,1.0,1.0]
10746,[482,2074,2596,3257,4534,6749,9988,10734],[1.0,1.0,1.0,1.0,1.0,1.0,1.0,1.0]
10746,[14,3206,3509,5181,5978,6170,6626,8678,10222],[1.0,1.0,1.0,1.0,1.0,1.0,1.0,1.0,1.0]
10746,[1621,3225,4159,4332,7946,8073,8114,10536],[1.0,1.0,1.0,1.0,1.0,1.0,1.0,1.0]
10746,[1099,2018,2493,4746,5181,6749,8114,8582],[1.0,1.0,1.0,1.0,1.0,1.0,1.0,1.0]
10746,[2493,2918,3768,4393,6341,8114,8537,10479],[1.0,1.0,1.0,1.0,1.0,1.0,1.0,1.0]
10746,[1255,4376,5222,5662,6080,6438,8249,8398,10038,10727],[1.0,1.0,1.0,1.0,1.0,1.0,1.0,1.0,1.0,1.0]
10746,[239,1457,2618,5142,5628,9991,10536],[1.0,1.0,1.0,1.0,1.0,1.0,1.0]
10746,[2530,2796,6749,9534,10028],[1.0,1.0,1.0,1.0,1.0]
10746,[2305,4332,4766,5181,7646,7881,7898,8602],[1.0,1.0,1.0,1.0,1.0,1.0,1.0,1.0]
10746,[325,1315,1370,2618,6057,6341,6712,9851],[1.0,1.0,1.0,1.0,1.0,1.0,1.0,1.0]
10746,[469,3257,5181,5628,5815,8376,8576],[1.0,1.0,1.0,1.0,1.0,1.0,1.0]
10746,[2455,3768,6580,6617,7117,9528,9625],[1.0,1.0,1.0,1.0,1.0,1.0,1.0]
10746,[2455,5882,6989,8114,8582,8734,9290,9632,10222,10243],[1.0,1.0,1.0,1.0,1.0,1.0,1.0,1.0,1.0,1.0]
10746,[1662,1673,3569,4405,5181,5983,9679,10621],[1.0,1.0,1.0,1.0,1.0,1.0,1.0,1.0]
10746,[308,2530,6952,8041,8595,9585,10028],[1.0,1.0,1.0,1.0,1.0,1.0,1.0]
10746,[1683,3252,4534,4632,5181,8114,8280,10015],[1.0,1.0,1.0,1.0,1.0,1.0,1.0,1.0]
10746,[501,1409,1543,4668,5820,9289],[1.0,1.0,1.0,1.0,1.0,1.0]
10746,[447,3586,4534,4738,5125,5447,7423,9988],[1.0,1.0,1.0,1.0,1.0,1.0,1.0,1.0]
10746,[6,515,3221,3232,5521,6080,6989,7158],[1.0,1.0,1.0,1.0,1.0,1.0,1.0,1.0]
10746,[1652,5500,8070,8285,8582,9096,9831],[1.0,1.0,1.0,1.0,1.0,1.0,1.0]
10746,[663,4890,6080,6271,7173,8595,9328],[1.0,1.0,1.0,1.0,1.0,1.0,1.0]
10746,[1255,4213,5349,5983,6989,7237,7843,10217],[1.0,1.0,1.0,1.0,1.0,1.0,1.0,1.0]
10746,[112,997,2123,3768,7826,8595],[1.0,1.0,1.0,1.0,1.0,1.0]
10746,[2208,2518,3106,3910,4440,5580,8280],[1.0,1.0,1.0,1.0,1.0,1.0,1.0]
10746,[991,1234,1315,2530,5580,5753,7218,8040,9528],[1.0,1.0,1.0,1.0,1.0,1.0,1.0,1.0,1.0]
10746,[1237,3257,3545,3754,4405,5592,5885],[1.0,1.0,1.0,1.0,1.0,1.0,1.0]
10746,[642,1237,1459,2182,2618,3022,9289,9435],[1.0,1.0,1.0,1.0,1.0,1.0,1.0,1.0]
10746,[902,991,2518,3910,4202,4440,5142,7506,9483],[1.0,1.0,1.0,1.0,1.0,1.0,1.0,1.0,1.0]
10746,[844,4247,4426,5602,7207,7244,10739],[1.0,1.0,1.0,1.0,1.0,1.0,1.0]
10746,[1113,1293,1706,2688,4202,5142,8040,8904,9483],[1.0,1.0,1.0,1.0,1.0,1.0,1.0,1.0,1.0]
10746,[1945,2649,3427,4592,6170,6257,10222,10419,10739],[1.0,1.0,1.0,1.0,1.0,1.0,1.0,1.0,1.0]
10746,[902,3426,4247,5602,7207,8114,8347,9528,10222],[1.0,1.0,1.0,1.0,1.0,1.0,1.0,1.0,1.0]
10746,[112,2123,4202,5142,9483],[1.0,1.0,1.0,1.0,1.0]
10746,[1482,4332,5142,5582,7654,8729,10182],[1.0,1.0,1.0,1.0,1.0,1.0,1.0]
10746,[629,3658,3765,4440,5142,5582,8729,10536,10595],[1.0,1.0,1.0,1.0,1.0,1.0,1.0,1.0,1.0]
10746,[14,2518,3910,5142,9729,9925,10398],[1.0,1.0,1.0,1.0,1.0,1.0,1.0]
10746,[637,902,2530,6335,7427,9655,10398,10493],[1.0,1.0,1.0,1.0,1.0,1.0,1.0,1.0]
10746,[1706,2240,3545,6229,7202,8040,8279,9595],[1.0,1.0,1.0,1.0,1.0,1.0,1.0,1.0]
10746,[307,902,966,2688,3532,7218,7427,8729],[1.0,1.0,1.0,1.0,1.0,1.0,1.0,1.0]
10746,[3257,6771,7427,8595,10398,10433],[1.0,1.0,1.0,1.0,1.0,1.0]
10746,[417,918,4652,7803,9338,9420,10172,10233],[1.0,1.0,1.0,1.0,1.0,1.0,1.0,1.0]
10746,[635,766,902,1084,1673,2418,6832,9150],[1.0,1.0,1.0,1.0,1.0,1.0,1.0,1.0]
10746,[2351,2516,4344,4552,6462,9595,9989],[1.0,1.0,1.0,1.0,1.0,1.0,1.0]
10746,[902,1683,3206,5204,5326,5885,7666,9420],[1.0,1.0,1.0,1.0,1.0,1.0,1.0,1.0]
10746,[3651,4534,5443,7329,8314,9420,9953],[1.0,1.0,1.0,1.0,1.0,1.0,1.0]
10746,[417,700,3532,4576,7427,10398],[1.0,1.0,1.0,1.0,1.0,1.0]
10746,[463,3111,6080,7398,8280,8475,9226,9257],[1.0,1.0,1.0,1.0,1.0,1.0,1.0,1.0]
10746,[637,902,2079,4405,4534,7202],[1.0,1.0,1.0,1.0,1.0,1.0]
10746,[1266,1888,2079,4113,4191,5142,5592,7285],[1.0,1.0,1.0,1.0,1.0,1.0,1.0,1.0]
10746,[637,1266,3613,6080,8114,8475,8885,9226],[1.0,1.0,1.0,1.0,1.0,1.0,1.0,1.0]
10746,[469,1255,1482,2492,3036,3779,5142,9131,10336,10398],[1.0,1.0,1.0,1.0,1.0,1.0,1.0,1.0,1.0,1.0]
10746,[1791,2290,2455,4671,5326,7632,8033,8475],[1.0,1.0,1.0,1.0,1.0,1.0,1.0,1.0]
10746,[380,633,1910,4534,5440,10233,10672],[1.0,1.0,1.0,1.0,1.0,1.0,1.0]
10746,[1869,10093,10233,10398,10453,10621,10638],[1.0,1.0,1.0,1.0,1.0,1.0,1.0]
10746,[1255,2493,2553,6781,7911,8114,10233],[1.0,1.0,1.0,1.0,1.0,1.0,1.0]
10746,[365,1275,3660,9632,10093,10233],[1.0,1.0,1.0,1.0,1.0,1.0]
10746,[747,1255,3545,4258,4420,5641,9595,9632,10621],[1.0,1.0,1.0,1.0,1.0,1.0,1.0,1.0,1.0]
10746,[3545,3549,4724,5275,5564,9611,10233,10398],[1.0,1.0,1.0,1.0,1.0,1.0,1.0,1.0]
10746,[869,1054,3447,5350,5443,8070,8079,9273],[1.0,1.0,1.0,1.0,1.0,1.0,1.0,1.0]
10746,[13,673,1255,5113,7146,10206,10398],[1.0,1.0,1.0,1.0,1.0,1.0,1.0]
10746,[506,1683,3152,3532,5429,5505,7427],[1.0,1.0,1.0,1.0,1.0,1.0,1.0]
10746,[1517,2728,2916,3535,3781,8695,10222],[1.0,1.0,1.0,1.0,1.0,1.0,1.0]
10746,[2123,2916,3152,4713,7407,7718,9632,10093],[1.0,1.0,1.0,1.0,1.0,1.0,1.0,1.0]
10746,[2916,3152,5983,6626,8695,9298,10398,10572],[1.0,1.0,1.0,1.0,1.0,1.0,1.0,1.0]
10746,[3532,4205,5142,6607,9257,9925,10398],[1.0,1.0,1.0,1.0,1.0,1.0,1.0]
10746,[506,1781,3152,8525,9558,10233,10595],[1.0,1.0,1.0,1.0,1.0,1.0,1.0]
10746,[1706,1948,3152,3257,6392,7384,7427,9816,10605],[1.0,1.0,1.0,1.0,1.0,1.0,1.0,1.0,1.0]
10746,[1493,2433,2530,2989,4985,5150,5215,8756],[1.0,1.0,1.0,1.0,1.0,1.0,1.0,1.0]
10746,[6047,7316,7484,8344,10093,10139,10398],[1.0,1.0,1.0,1.0,1.0,1.0,1.0]
10746,[51,506,2640,4632,7184,9262,9950,10203],[1.0,1.0,1.0,1.0,1.0,1.0,1.0,1.0]
10746,[902,956,3152,3651,4042,5592,8114,8756],[1.0,1.0,1.0,1.0,1.0,1.0,1.0,1.0]
10746,[508,603,2728,3510,3781,5820,6401,8347],[1.0,1.0,1.0,1.0,1.0,1.0,1.0,1.0]
10746,[1099,3152,3532,4389,7718,9262,9632,10093],[1.0,1.0,1.0,1.0,1.0,1.0,1.0,1.0]
10746,[51,844,974,2087,5419,7003,8073,8159,8344],[1.0,1.0,1.0,1.0,1.0,1.0,1.0,1.0,1.0]
10746,[3152,3532,5524,8073,8695,8904],[1.0,1.0,1.0,1.0,1.0,1.0]
10746,[365,1426,4611,8073,9262,9365,10245],[1.0,1.0,1.0,1.0,1.0,1.0,1.0]
10746,[217,2238,3532,6626,8073,9365,10102],[1.0,1.0,1.0,1.0,1.0,1.0,1.0]
10746,[2919,5440,8114,10398,10522],[1.0,1.0,1.0,1.0,1.0]
10746,[66,257,777,3152,3532,3730,4440,5345,6469],[1.0,1.0,1.0,1.0,1.0,1.0,1.0,1.0,1.0]
10746,[2518,3910,5710,9129,9420,9528,9568],[1.0,1.0,1.0,1.0,1.0,1.0,1.0]
10746,[1177,2182,4755,5599,9129,9373,9420],[1.0,1.0,1.0,1.0,1.0,1.0,1.0]
10746,[1454,4169,5505,5946,8040,9129,9373,9420],[1.0,1.0,1.0,1.0,1.0,1.0,1.0,1.0]
10746,[878,3318,4169,4581,5294,5946,6938],[1.0,1.0,1.0,1.0,1.0,1.0,1.0]
10746,[919,3651,4682,5003,6590,6634,7074,8416,8501],[1.0,1.0,1.0,1.0,1.0,1.0,1.0,1.0,1.0]
10746,[878,2178,3528,5946,6634,8595,9277],[1.0,1.0,1.0,1.0,1.0,1.0,1.0]
10746,[348,2428,7074,7434,7983,8114,9632],[1.0,1.0,1.0,1.0,1.0,1.0,1.0]
10746,[14,1550,3528,4414,5662,5885,6371,8285],[1.0,1.0,1.0,1.0,1.0,1.0,1.0,1.0]
10746,[604,1054,2140,2643,4405,4611,6601,8220],[1.0,1.0,1.0,1.0,1.0,1.0,1.0,1.0]
10746,[604,2567,2577,3760,4074,6678,8904,10433],[1.0,1.0,1.0,1.0,1.0,1.0,1.0,1.0]
10746,[604,1613,3033,4074,5067,6098,8814,10433,10457],[1.0,1.0,1.0,1.0,1.0,1.0,1.0,1.0,1.0]
10746,[1177,3614,3773,4755,6601],[1.0,1.0,1.0,1.0,1.0]
10746,[878,2455,4405,5481,5641,6371,7263,8347],[1.0,1.0,1.0,1.0,1.0,1.0,1.0,1.0]
10746,[202,635,975,1485,1517,4891,8068],[1.0,1.0,1.0,1.0,1.0,1.0,1.0]
10746,[1402,2518,2669,3910,4440,4441,7074,7944,10536],[1.0,1.0,1.0,1.0,1.0,1.0,1.0,1.0,1.0]
10746,[1402,1453,4441,4552,4836,5710,9528],[1.0,1.0,1.0,1.0,1.0,1.0,1.0]
10746,[1291,1402,2669,3779,4441,8040,8729,8904],[1.0,1.0,1.0,1.0,1.0,1.0,1.0,1.0]
10746,[822,1046,1610,1622,2228,4534,4962,5181,8606],[1.0,1.0,1.0,1.0,1.0,1.0,1.0,1.0,1.0]
10746,[149,2916,2943,4534,5181,5578,6524,6952,8152],[1.0,1.0,1.0,1.0,1.0,1.0,1.0,1.0,1.0]
10746,[822,1610,3106,5988,8110,9528,9976,10582],[1.0,1.0,1.0,1.0,1.0,1.0,1.0,1.0]
10746,[822,902,3994,5142,6067,7303,8582],[1.0,1.0,1.0,1.0,1.0,1.0,1.0]
10746,[627,822,1610,3771,4703,5988,6098,7218,9888],[1.0,1.0,1.0,1.0,1.0,1.0,1.0,1.0,1.0]
10746,[149,1238,1706,2240,2650,4332,4534,5236,10621],[1.0,1.0,1.0,1.0,1.0,1.0,1.0,1.0,1.0]
10746,[1622,2474,2650,3106,3538,4294,5236,5392],[1.0,1.0,1.0,1.0,1.0,1.0,1.0,1.0]
10746,[593,822,1610,3426,4606,6433,9106],[1.0,1.0,1.0,1.0,1.0,1.0,1.0]
10746,[556,2111,3940,4671,5462,5641,6433,8960,9030],[1.0,1.0,1.0,1.0,1.0,1.0,1.0,1.0,1.0]
10746,[1326,1402,1453,2669,4441,4836,6802],[1.0,1.0,1.0,1.0,1.0,1.0,1.0]
10746,[1610,2260,2530,2643,2916,4534,4661,7855,8475],[1.0,1.0,1.0,1.0,1.0,1.0,1.0,1.0,1.0]
10746,[822,1326,2530,5181,6295,7033,8475,10508],[1.0,1.0,1.0,1.0,1.0,1.0,1.0,1.0]
10746,[109,1237,2290,2530,4703,5429,6219,8475,10108],[1.0,1.0,1.0,1.0,1.0,1.0,1.0,1.0,1.0]
10746,[822,1097,1610,4344,6091,6172,6531,9681,10508],[1.0,1.0,1.0,1.0,1.0,1.0,1.0,1.0,1.0]
10746,[991,1237,1255,3783,4552,6172,9289,9407,10508],[1.0,1.0,1.0,1.0,1.0,1.0,1.0,1.0,1.0]
10746,[822,1402,2669,4344,4441,5992],[1.0,1.0,1.0,1.0,1.0,1.0]
10746,[1099,1139,1326,1453,2472,2530,7205],[1.0,1.0,1.0,1.0,1.0,1.0,1.0]
10746,[822,2627,4389,4405,5988,6002,7084,7218,7666],[1.0,1.0,1.0,1.0,1.0,1.0,1.0,1.0,1.0]
10746,[1326,1706,2530,4074,4294,8475,8582,10508],[1.0,1.0,1.0,1.0,1.0,1.0,1.0,1.0]
10746,[1238,1610,2627,3182,4405,6047,7886,8475,10139],[1.0,1.0,1.0,1.0,1.0,1.0,1.0,1.0,1.0]
10746,[1238,1435,1610,2530,2799,3545,4250,10056],[1.0,1.0,1.0,1.0,1.0,1.0,1.0,1.0]
10746,[501,1402,2669,4414,4441,4836,5710],[1.0,1.0,1.0,1.0,1.0,1.0,1.0]
10746,[1619,4552,4606,4962,7653,8051,8070,10634],[1.0,1.0,1.0,1.0,1.0,1.0,1.0,1.0]
10746,[355,501,1238,1610,3055,4332,9030],[1.0,1.0,1.0,1.0,1.0,1.0,1.0]
10746,[121,1846,2518,3910,4440,6510,8311,8917],[1.0,1.0,1.0,1.0,1.0,1.0,1.0,1.0]
10746,[463,1237,3321,6510,8040,9460,9708,10617],[1.0,1.0,1.0,1.0,1.0,1.0,1.0,1.0]
10746,[242,2679,3897,4925,6252,7643,8903,9424],[1.0,1.0,1.0,1.0,1.0,1.0,1.0,1.0]
10746,[2608,2856,4463,4649,5500,6510,8311,9702],[1.0,1.0,1.0,1.0,1.0,1.0,1.0,1.0]
10746,[4828,4908,5500,6189,6901,7207,8284,9632],[1.0,1.0,1.0,1.0,1.0,1.0,1.0,1.0]
10746,[902,1603,3177,5352,6679,6896,7689,9473,9632],[1.0,1.0,1.0,1.0,1.0,1.0,1.0,1.0,1.0]
10746,[633,2089,6341,6536,8460,9473,10621],[1.0,1.0,1.0,1.0,1.0,1.0,1.0]
10746,[129,1237,2126,3835,6689,9597,10433],[1.0,1.0,1.0,1.0,1.0,1.0,1.0]
10746,[223,637,2530,2640,4649,7338,8310,8584],[1.0,1.0,1.0,1.0,1.0,1.0,1.0,1.0]
10746,[1237,1846,5713,6335,6689,7745,10433],[1.0,1.0,1.0,1.0,1.0,1.0,1.0]
10746,[1237,3321,4092,9708,9851,10068,10617],[1.0,1.0,1.0,1.0,1.0,1.0,1.0]
10746,[1005,2530,2916,3602,4267,4589,5092,7465],[1.0,1.0,1.0,1.0,1.0,1.0,1.0,1.0]
10746,[3993,4145,4589,7317,8934,10642],[1.0,1.0,1.0,1.0,1.0,1.0]
10746,[1237,2901,3545,3993,4145,7649,9951,10081],[1.0,1.0,1.0,1.0,1.0,1.0,1.0,1.0]
10746,[2637,3697,4614,4649,6172,7205,7384,10082],[1.0,1.0,1.0,1.0,1.0,1.0,1.0,1.0]
10746,[240,1658,2679,3782,4052,6162,8279,9962],[1.0,1.0,1.0,1.0,1.0,1.0,1.0,1.0]
10746,[2067,2185,2728,4534,5737,7053,7804,8582,8975,10350],[1.0,1.0,1.0,1.0,1.0,1.0,1.0,1.0,1.0,1.0]
10746,[1255,3491,4463,6510,6746,6978,8024,8476,9963],[1.0,1.0,1.0,1.0,1.0,1.0,1.0,1.0,1.0]
10746,[144,2578,3338,3585,3843,4463,6599,8460,8476],[1.0,1.0,1.0,1.0,1.0,1.0,1.0,1.0,1.0]
10746,[223,4255,6005,6252,7975,8460,9273,10034],[1.0,1.0,1.0,1.0,1.0,1.0,1.0,1.0]
10746,[2293,4649,4851,5407,6110,8496,8904,9159],[1.0,1.0,1.0,1.0,1.0,1.0,1.0,1.0]
10746,[1005,2232,2530,2916,3156,3602,5452,6510,8903],[1.0,1.0,1.0,1.0,1.0,1.0,1.0,1.0,1.0]
10746,[1237,1935,2293,2856,3843,4925,6599,8496,9424],[1.0,1.0,1.0,1.0,1.0,1.0,1.0,1.0,1.0]
10746,[74,2123,3338,6329,6510,8031,8040],[1.0,1.0,1.0,1.0,1.0,1.0,1.0]
10746,[631,1237,2123,2856,5086,6329,8600,10621],[1.0,1.0,1.0,1.0,1.0,1.0,1.0,1.0]
10746,[74,1155,3338,5440,6510,10621],[1.0,1.0,1.0,1.0,1.0,1.0]
10746,[1237,2185,2856,4198,6510,7813,9000,9573],[1.0,1.0,1.0,1.0,1.0,1.0,1.0,1.0]
10746,[1117,2838,3782,6510,6515,7235,8673,9273,9561,10716],[1.0,1.0,1.0,1.0,1.0,1.0,1.0,1.0,1.0,1.0]
10746,[402,1182,2995,6510,7148,7808,7830,10178],[1.0,1.0,1.0,1.0,1.0,1.0,1.0,1.0]
10746,[2156,2995,3528,9000,9273,10716],[1.0,1.0,1.0,1.0,1.0,1.0]
10746,[121,501,1160,3890,4092,4331,4871,10433],[1.0,1.0,1.0,1.0,1.0,1.0,1.0,1.0]
10746,[6371,6497,6616,8139,8347,9112,10294,10617],[1.0,1.0,1.0,1.0,1.0,1.0,1.0,1.0]
10746,[2714,2856,3763,4649,5500,8217,9111],[1.0,1.0,1.0,1.0,1.0,1.0,1.0]
10746,[1965,2518,3910,4440,9342,10068],[1.0,1.0,1.0,1.0,1.0,1.0]
10746,[348,902,1683,3615,4614,8040,8358,8621,9342],[1.0,1.0,1.0,1.0,1.0,1.0,1.0,1.0,1.0]
10746,[1910,5820,6762,7785,8358,8956],[1.0,1.0,1.0,1.0,1.0,1.0]
10746,[869,2727,2916,4976,5995,6371,6385,8904,10287],[1.0,1.0,1.0,1.0,1.0,1.0,1.0,1.0,1.0]
10746,[121,1255,1841,1961,2070,2126,3784,6167,9364],[1.0,1.0,1.0,1.0,1.0,1.0,1.0,1.0,1.0]
10746,[646,2114,2123,2518,2582,3910,4440,8851,9677],[1.0,1.0,1.0,1.0,1.0,1.0,1.0,1.0,1.0]
10746,[2582,2856,2947,4649,5500,8040,8415,9677,10698],[1.0,1.0,1.0,1.0,1.0,1.0,1.0,1.0,1.0]
10746,[2518,2582,4649,5814,6905,7502,8322,9677],[1.0,1.0,1.0,1.0,1.0,1.0,1.0,1.0]
10746,[902,2582,4191,5127,5657,5674,8068,9677],[1.0,1.0,1.0,1.0,1.0,1.0,1.0,1.0]
10746,[2455,2610,4440,5373,6371,7485,7502,8068],[1.0,1.0,1.0,1.0,1.0,1.0,1.0,1.0]
10746,[501,2518,3602,3910,4611,6033,7074,8956],[1.0,1.0,1.0,1.0,1.0,1.0,1.0,1.0]
10746,[2232,3602,4605,7074,7744,8997,9159,9708],[1.0,1.0,1.0,1.0,1.0,1.0,1.0,1.0]
10746,[348,1454,3965,4393,4605,7338,8040,8893,8997],[1.0,1.0,1.0,1.0,1.0,1.0,1.0,1.0,1.0]
10746,[3602,4191,5752,6952,7074,9595,9851],[1.0,1.0,1.0,1.0,1.0,1.0,1.0]
10746,[902,2455,3651,4387,7843,8220,9315,10621],[1.0,1.0,1.0,1.0,1.0,1.0,1.0,1.0]
10746,[14,1352,4191,4223,7348,8411,8476,8613,9851],[1.0,1.0,1.0,1.0,1.0,1.0,1.0,1.0,1.0]
10746,[1092,3628,3651,4213,5645,8613,9851,10104],[1.0,1.0,1.0,1.0,1.0,1.0,1.0,1.0]
10746,[14,1092,5270,8182,8411,8635,9237],[1.0,1.0,1.0,1.0,1.0,1.0,1.0]
10746,[14,1866,2819,4131,4217,9851,10433],[1.0,1.0,1.0,1.0,1.0,1.0,1.0]
10746,[2728,4277,4524,5022,5750,6172,7993,9244],[1.0,1.0,1.0,1.0,1.0,1.0,1.0,1.0]
10746,[4,1014,2119,2358,2708,3545,6122,6497,9733],[1.0,1.0,1.0,1.0,1.0,1.0,1.0,1.0,1.0]
10746,[1334,3318,5695,6459,6634,6821,9049],[1.0,1.0,1.0,1.0,1.0,1.0,1.0]
10746,[2018,2182,4066,5181,8461,9836,10197],[1.0,1.0,1.0,1.0,1.0,1.0,1.0]
10746,[931,1054,1115,1755,4376,9328,10222,10621],[1.0,1.0,1.0,1.0,1.0,1.0,1.0,1.0]
10746,[1054,1355,3785,7030,8416,8461,8759,9380,10222,10358],[1.0,1.0,1.0,1.0,1.0,1.0,1.0,1.0,1.0,1.0]
10746,[2182,2211,2863,4217,4645,5645,5737,6228,6497,8595],[1.0,1.0,1.0,1.0,1.0,1.0,1.0,1.0,1.0,1.0]
10746,[2618,3018,4851,5181,5641,7282,8359,8635],[1.0,1.0,1.0,1.0,1.0,1.0,1.0,1.0]
10746,[501,1370,2366,2618,4225,6341,7923,8576,10734],[1.0,1.0,1.0,1.0,1.0,1.0,1.0,1.0,1.0]
10746,[805,3785,4606,5537,6642,6959,7292,8759,10419],[1.0,1.0,1.0,1.0,1.0,1.0,1.0,1.0,1.0]
10746,[1283,3022,3484,4007,4077,8114,10095],[1.0,1.0,1.0,1.0,1.0,1.0,1.0]
10746,[811,1028,1376,1948,3426,4810,5146,10629],[1.0,1.0,1.0,1.0,1.0,1.0,1.0,1.0]
10746,[1374,2518,3602,3910,4440,7074,8956,10536],[1.0,1.0,1.0,1.0,1.0,1.0,1.0,1.0]
10746,[189,2232,8311,9159,9290,9528],[1.0,1.0,1.0,1.0,1.0,1.0]
10746,[2074,3441,7074,8040,8729,8893,9385,10536],[1.0,1.0,1.0,1.0,1.0,1.0,1.0,1.0]
10746,[3650,5505,6098,6990,7843,8754,10463],[1.0,1.0,1.0,1.0,1.0,1.0,1.0]
10746,[2232,2711,6497,8729,9159,10459,10463],[1.0,1.0,1.0,1.0,1.0,1.0,1.0]
10746,[2074,2407,3441,3768,3893,4563,7074,10222,10536],[1.0,1.0,1.0,1.0,1.0,1.0,1.0,1.0,1.0]
10746,[459,2232,6442,6952,7739,9290,10536],[1.0,1.0,1.0,1.0,1.0,1.0,1.0]
10746,[1535,1936,1960,2407,4868,7342,8729,10726],[1.0,1.0,1.0,1.0,1.0,1.0,1.0,1.0]
10746,[501,1999,3291,3602,4662,6651,7857],[1.0,1.0,1.0,1.0,1.0,1.0,1.0]
10746,[1493,7316,7643,7688,8497,9736,9863,10438],[1.0,1.0,1.0,1.0,1.0,1.0,1.0,1.0]
10746,[98,2728,3650,4414,6172,7585,8621,8821],[1.0,1.0,1.0,1.0,1.0,1.0,1.0,1.0]
10746,[956,1060,2473,3632,4332,4450,9159,10074],[1.0,1.0,1.0,1.0,1.0,1.0,1.0,1.0]
10746,[2232,2474,3650,4414,5980,8754,9632,10459],[1.0,1.0,1.0,1.0,1.0,1.0,1.0,1.0]
10746,[1468,2995,3316,7995,8416,9380,9658],[1.0,1.0,1.0,1.0,1.0,1.0,1.0]
10746,[3650,4682,5428,6788,7243,9632],[1.0,1.0,1.0,1.0,1.0,1.0]
10746,[758,2493,3187,4518,9385,10433,10463],[1.0,1.0,1.0,1.0,1.0,1.0,1.0]
10746,[1817,2474,6014,6063,6788,7659,7925,8913,9632],[1.0,1.0,1.0,1.0,1.0,1.0,1.0,1.0,1.0]
10746,[3161,4166,7659,7826,8661,8759,10447,10508],[1.0,1.0,1.0,1.0,1.0,1.0,1.0,1.0]
10746,[902,2728,4682,5604,6603,6788,8114,10463],[1.0,1.0,1.0,1.0,1.0,1.0,1.0,1.0]
10746,[463,705,725,3316,3650,4755,5181,6426,8754,9632],[1.0,1.0,1.0,1.0,1.0,1.0,1.0,1.0,1.0,1.0]
10746,[13,4830,8170,9385],[1.0,1.0,1.0,1.0]
