10746,[2245,3093,4440,4755,6003,6220,7207,8790],[1.0,1.0,1.0,1.0,1.0,1.0,1.0,1.0]
10746,[213,813,4329,4895,6005,6763,7547,7757,9988,10360],[1.0,1.0,1.0,1.0,1.0,1.0,1.0,1.0,1.0,1.0]
10746,[2279,2518,3006,3093,4778,6220,10152],[1.0,1.0,1.0,1.0,1.0,1.0,1.0]
10746,[936,2493,2916,4198,4695,8104],[1.0,1.0,1.0,1.0,1.0,1.0]
10746,[74,646,2240,3284,4217,8245],[1.0,1.0,1.0,1.0,1.0,1.0]
10746,[121,646,3442,4332,6385,8476,8917,9270,10068],[1.0,1.0,1.0,1.0,1.0,1.0,1.0,1.0,1.0]
10746,[14,869,5001,6865,9580,10415],[1.0,1.0,1.0,1.0,1.0,1.0]
10746,[15,578,1255,4268,6940,9270,9298,9580,10415,10463],[1.0,1.0,1.0,1.0,1.0,1.0,1.0,1.0,1.0,1.0]
10746,[463,1242,1284,2425,3290,3514,6952,7033,7267],[1.0,1.0,1.0,1.0,1.0,1.0,1.0,1.0,1.0]
10746,[646,1255,5983,6442,7777,9407,10222,10415],[1.0,1.0,1.0,1.0,1.0,1.0,1.0,1.0]
10746,[4251,5991,7325,8861,9049,10068,10445],[1.0,1.0,1.0,1.0,1.0,1.0,1.0]
10746,[72,527,1712,1829,2562,2708,10082],[1.0,1.0,1.0,1.0,1.0,1.0,1.0]
10746,[6603,7863,8476,8528,8861,9337],[1.0,1.0,1.0,1.0,1.0,1.0]
10746,[646,1435,3284,4268,4854,6298,10617],[1.0,1.0,1.0,1.0,1.0,1.0,1.0]
10746,[8790,9595],[1.0,1.0]
