10746,[121,3088,4440,4722,5373,6385,8170],[1.0,1.0,1.0,1.0,1.0,1.0,1.0]
10746,[1673,4268,4755,4891,5653,5995,9654,9841],[1.0,1.0,1.0,1.0,1.0,1.0,1.0,1.0]
10746,[121,2829,5373,5820,6172,7478,7937,8170,9527,10360],[1.0,1.0,1.0,1.0,1.0,1.0,1.0,1.0,1.0,1.0]
10746,[121,180,213,1749,3088,5373,5657,6385,7979,10381],[1.0,1.0,1.0,1.0,1.0,1.0,1.0,1.0,1.0,1.0]
10746,[121,2134,3088,3832,4198,4682,5657,5661,10381],[1.0,1.0,1.0,1.0,1.0,1.0,1.0,1.0,1.0]
10746,[121,2711,5047,6385,8904],[1.0,1.0,1.0,1.0,1.0]
10746,[1212,3651,3681,4755,5306,5995,8109,9134,10680],[1.0,1.0,1.0,1.0,1.0,1.0,1.0,1.0,1.0]
10746,[1255,2079,4755,5505,5995,6561,9365],[1.0,1.0,1.0,1.0,1.0,1.0,1.0]
10746,[798,975,2385,2708,4268,5626,6597,9831],[1.0,1.0,1.0,1.0,1.0,1.0,1.0,1.0]
10746,[14,305,869,4217,5181,5505,5886,6371,6781,10222],[1.0,1.0,1.0,1.0,1.0,1.0,1.0,1.0,1.0,1.0]
10746,[869,1557,1920,2425,5345,7325],[1.0,1.0,1.0,1.0,1.0,1.0]
10746,[121,1005,1212,2711,6385,8109,10576,10680],[1.0,1.0,1.0,1.0,1.0,1.0,1.0,1.0]
10746,[121,3088,4733,4755,5995,6385,8170,8903],[1.0,1.0,1.0,1.0,1.0,1.0,1.0,1.0]
10746,[121,202,975,1517,6385,8170,8752],[1.0,1.0,1.0,1.0,1.0,1.0,1.0]
10746,[121,193,3532,4640,6385,8170],[1.0,1.0,1.0,1.0,1.0,1.0]
10746,[1673,4592,4649,4891,6905,9841,10350,10463],[1.0,1.0,1.0,1.0,1.0,1.0,1.0,1.0]
10746,[2518,2680,4755,6035,7544,8227],[1.0,1.0,1.0,1.0,1.0,1.0]
10746,[126,635,1673,2295,3177,4954,6172,8582],[1.0,1.0,1.0,1.0,1.0,1.0,1.0,1.0]
10746,[896,1028,1255,5294,6028,6321,7544,9791],[1.0,1.0,1.0,1.0,1.0,1.0,1.0,1.0]
10746,[202,223,975,1517,1653,4405,7544,9179,10309],[1.0,1.0,1.0,1.0,1.0,1.0,1.0,1.0,1.0]
10746,[686,896,975,1211,4516,4954,7544,9118],[1.0,1.0,1.0,1.0,1.0,1.0,1.0,1.0]
10746,[975,1517,4881,4954,6321,6845,9338],[1.0,1.0,1.0,1.0,1.0,1.0,1.0]
10746,[126,837,1028,1948,4680,7502,8450,8729],[1.0,1.0,1.0,1.0,1.0,1.0,1.0,1.0]
10746,[14,1712,1775,3323,6159,7379,7461,10139],[1.0,1.0,1.0,1.0,1.0,1.0,1.0,1.0]
10746,[121,3651,5995,6262,6385,9611],[1.0,1.0,1.0,1.0,1.0,1.0]
10746,[121,4217,5047,6220,8600,8903,9298,10482,10595],[1.0,1.0,1.0,1.0,1.0,1.0,1.0,1.0,1.0]
10746,[1284,1432,1940,2261,7355,7667,9491,10421],[1.0,1.0,1.0,1.0,1.0,1.0,1.0,1.0]
10746,[187,2392,2703,3687,3786,5168,9200,9206,9454],[1.0,1.0,1.0,1.0,1.0,1.0,1.0,1.0,1.0]
10746,[209,887,989,1478,3692,6269,7396,9491],[1.0,1.0,1.0,1.0,1.0,1.0,1.0,1.0]
10746,[566,674,1221,3807,5449,8129,8311,9001],[1.0,1.0,1.0,1.0,1.0,1.0,1.0,1.0]
10746,[427,2632,3825,5919,8042,9763,10325],[1.0,1.0,1.0,1.0,1.0,1.0,1.0]
10746,[1469,2785,4853,5336,5486,7858,8416,8448,9491],[1.0,1.0,1.0,1.0,1.0,1.0,1.0,1.0,1.0]
10746,[851,1586,1739,4590,5639,9173,9548,9697],[1.0,1.0,1.0,1.0,1.0,1.0,1.0,1.0]
10746,[2197,2565,2880,3095,3387,4089,4723,5413,6390,9491],[1.0,1.0,1.0,1.0,1.0,1.0,1.0,1.0,1.0,1.0]
10746,[2197,2416,3295,3476,4864,5282,6634,7498,7722],[1.0,1.0,1.0,1.0,1.0,1.0,1.0,1.0,1.0]
10746,[487,540,1500,2142,3295,3667,5152,9096],[1.0,1.0,1.0,1.0,1.0,1.0,1.0,1.0]
10746,[187,1486,3837,4537,4539,6200,8571,9223,10568],[1.0,1.0,1.0,1.0,1.0,1.0,1.0,1.0,1.0]
10746,[63,1082,2495,3670,3837,3840,4798,5435,8336],[1.0,1.0,1.0,1.0,1.0,1.0,1.0,1.0,1.0]
10746,[1082,2741,5760,7019,8416,9007,9491,10408,10594],[1.0,1.0,1.0,1.0,1.0,1.0,1.0,1.0,1.0]
10746,[260,531,2064,2741,3146,4530,5901,7304,8353,9537],[1.0,1.0,1.0,1.0,1.0,1.0,1.0,1.0,1.0,1.0]
10746,[1752,3146,6843,7540,8120,8168,8290,8315],[1.0,1.0,1.0,1.0,1.0,1.0,1.0,1.0]
10746,[1028,1154,2956,3149,5737,6035,9887,10139],[1.0,1.0,1.0,1.0,1.0,1.0,1.0,1.0]
10746,[2114,2236,2708,4121,5737,6172],[1.0,1.0,1.0,1.0,1.0,1.0]
10746,[1830,3446,4344,4891,5022,5893,7022,8729],[1.0,1.0,1.0,1.0,1.0,1.0,1.0,1.0]
10746,[121,1028,2123,3268,3985,4268,4891,6385],[1.0,1.0,1.0,1.0,1.0,1.0,1.0,1.0]
10746,[1910,3223,4581,5061,5628,8729,9353,9831],[1.0,1.0,1.0,1.0,1.0,1.0,1.0,1.0]
10746,[837,866,1706,1775,4511,4680,8170,10617],[1.0,1.0,1.0,1.0,1.0,1.0,1.0,1.0]
10746,[822,4191,4534,4954,8288,9270,9595,10621],[1.0,1.0,1.0,1.0,1.0,1.0,1.0,1.0]
10746,[121,126,635,1738,2708,4440,6385,7045],[1.0,1.0,1.0,1.0,1.0,1.0,1.0,1.0]
10746,[121,213,635,1255,1738,4954,6385,7191,8170],[1.0,1.0,1.0,1.0,1.0,1.0,1.0,1.0,1.0]
10746,[126,213,4440,6002,6335,9831,10309],[1.0,1.0,1.0,1.0,1.0,1.0,1.0]
10746,[822,4664,4943,4954,6170,6172,6819,9270],[1.0,1.0,1.0,1.0,1.0,1.0,1.0,1.0]
10746,[822,2627,4405,4520,5022,8373,9270],[1.0,1.0,1.0,1.0,1.0,1.0,1.0]
10746,[3363,4073,5577,5594,5727,7141,8120,8372],[1.0,1.0,1.0,1.0,1.0,1.0,1.0,1.0]
10746,[121,126,3899,4581,6385,7544],[1.0,1.0,1.0,1.0,1.0,1.0]
10746,[902,1275,1775,5577,6332,7643,8170,9310,10450],[1.0,1.0,1.0,1.0,1.0,1.0,1.0,1.0,1.0]
10746,[1255,1538,1830,2070,3082,4149,5577,7580,7610],[1.0,1.0,1.0,1.0,1.0,1.0,1.0,1.0,1.0]
10746,[1255,1538,1830,2610,4954,5727,7544,8120,10309],[1.0,1.0,1.0,1.0,1.0,1.0,1.0,1.0,1.0]
10746,[646,788,902,956,1367,5181,5577,8170],[1.0,1.0,1.0,1.0,1.0,1.0,1.0,1.0]
10746,[4954,8109,8582,8752,9462,10309,10463],[1.0,1.0,1.0,1.0,1.0,1.0,1.0]
10746,[635,646,1367,4869,5886,8520,10139,10309,10463],[1.0,1.0,1.0,1.0,1.0,1.0,1.0,1.0,1.0]
10746,[1538,1830,2610,4954,5577,6335,10309],[1.0,1.0,1.0,1.0,1.0,1.0,1.0]
10746,[213,726,1830,4954,5727,7544,8120,8903],[1.0,1.0,1.0,1.0,1.0,1.0,1.0,1.0]
10746,[121,1830,4117,4680,6385,7544,8170,10309],[1.0,1.0,1.0,1.0,1.0,1.0,1.0,1.0]
10746,[121,1830,6385,7544,8752,8960],[1.0,1.0,1.0,1.0,1.0,1.0]
10746,[121,1538,1830,2610,4310,5373,6385,6748,6905],[1.0,1.0,1.0,1.0,1.0,1.0,1.0,1.0,1.0]
10746,[121,213,605,726,1830,8170,8903],[1.0,1.0,1.0,1.0,1.0,1.0,1.0]
10746,[121,555,605,1830,8170,8960],[1.0,1.0,1.0,1.0,1.0,1.0]
10746,[121,605,2765,4857,6341,6513,6875,7423,8170],[1.0,1.0,1.0,1.0,1.0,1.0,1.0,1.0,1.0]
10746,[837,902,956,1775,1830,1920,4121],[1.0,1.0,1.0,1.0,1.0,1.0,1.0]
10746,[121,1830,1920,2247,4205,7610,9283,10416],[1.0,1.0,1.0,1.0,1.0,1.0,1.0,1.0]
10746,[635,1538,4268,4310,4722,5373,5661,6515,10463],[1.0,1.0,1.0,1.0,1.0,1.0,1.0,1.0,1.0]
10746,[896,1775,2493,4534,8170,9379,10617],[1.0,1.0,1.0,1.0,1.0,1.0,1.0]
10746,[1948,2767,4416,9851,10099],[1.0,1.0,1.0,1.0,1.0]
10746,[635,1255,1775,4217,4529,5911,6889,9889],[1.0,1.0,1.0,1.0,1.0,1.0,1.0,1.0]
10746,[2518,3685,5069,7079,8170,9237,9611,10419],[1.0,1.0,1.0,1.0,1.0,1.0,1.0,1.0]
10746,[2364,2840,3015,4217,6335,6560,7413,9379,10433],[1.0,1.0,1.0,1.0,1.0,1.0,1.0,1.0,1.0]
10746,[1775,2771,3494,4149,5577,6262,6341,8170],[1.0,1.0,1.0,1.0,1.0,1.0,1.0,1.0]
10746,[4722],[1.0]
