10746,[39,3844,4440,6131,6753,9972,10201],[1.0,1.0,1.0,1.0,1.0,1.0,1.0]
10746,[213,1237,4055,4778,5017,7463,8635,9632,9865,10360],[1.0,1.0,1.0,1.0,1.0,1.0,1.0,1.0,1.0,1.0]
10746,[2518,3844,6753,8104,8140,8540,10152,10188],[1.0,1.0,1.0,1.0,1.0,1.0,1.0,1.0]
10746,[936,5564,6022,6819,7038,10508],[1.0,1.0,1.0,1.0,1.0,1.0]
10746,[2916,4868,5345,6547,8638],[1.0,1.0,1.0,1.0,1.0]
10746,[758,4921,5142,8114,9289,9328,9972,10281],[1.0,1.0,1.0,1.0,1.0,1.0,1.0,1.0]
10746,[4549,4716,4868,5328,5345,5564,6547,10281],[1.0,1.0,1.0,1.0,1.0,1.0,1.0,1.0]
10746,[1266,1362,3304,5142,7082,8280,10222,10433],[1.0,1.0,1.0,1.0,1.0,1.0,1.0,1.0]
10746,[2123,4921,7117,7205,8041,9328],[1.0,1.0,1.0,1.0,1.0,1.0]
10746,[463,6753,7515,10068,10621],[1.0,1.0,1.0,1.0,1.0]
