10746,[241,318,1688,1889,4528,5612,6107,6502,6597,9491],[1.0,1.0,1.0,1.0,1.0,1.0,1.0,1.0,1.0,1.0]
10746,[3280,4440,4954,5351,6594,6597,10054,10560,10708],[1.0,1.0,1.0,1.0,1.0,1.0,1.0,1.0,1.0]
10746,[213,1316,1652,5351,6380,6980,8177,8323,10360,10463],[1.0,1.0,1.0,1.0,1.0,1.0,1.0,1.0,1.0,1.0]
10746,[936,1316,1369,4606,5918,7031,7502,8494],[1.0,1.0,1.0,1.0,1.0,1.0,1.0,1.0]
10746,[1099,5181,5847,7339,8729,9420],[1.0,1.0,1.0,1.0,1.0,1.0]
10746,[217,245,2114,5644,10438,10536],[1.0,1.0,1.0,1.0,1.0,1.0]
10746,[769,878,3515,8411,9030,10433,10452],[1.0,1.0,1.0,1.0,1.0,1.0,1.0]
10746,[3257,4656,6603,7190,7339,8836,9262,10139],[1.0,1.0,1.0,1.0,1.0,1.0,1.0,1.0]
10746,[1706,2180,2425,2916,5683,6298,7151,8941],[1.0,1.0,1.0,1.0,1.0,1.0,1.0,1.0]
10746,[3257,3426,4219,4804,5885,6002,6394,8246,9653],[1.0,1.0,1.0,1.0,1.0,1.0,1.0,1.0,1.0]
10746,[1766,2425,3514,6335,7384,8034,9407,10433,10621],[1.0,1.0,1.0,1.0,1.0,1.0,1.0,1.0,1.0]
10746,[878,896,7502,7821,9030,9420,9698,10508],[1.0,1.0,1.0,1.0,1.0,1.0,1.0,1.0]
10746,[14,629,6335,8411,9030,10111,10120],[1.0,1.0,1.0,1.0,1.0,1.0,1.0]
10746,[2618,2916,3669,4606,5012,9420],[1.0,1.0,1.0,1.0,1.0,1.0]
10746,[14,878,902,3426,8347,8411,9407,9632,10222,10433],[1.0,1.0,1.0,1.0,1.0,1.0,1.0,1.0,1.0,1.0]
10746,[852,956,1099,2916,3829,6694,9125,9328],[1.0,1.0,1.0,1.0,1.0,1.0,1.0,1.0]
10746,[14,501,902,2670,3426,4191,5003,6035,9420],[1.0,1.0,1.0,1.0,1.0,1.0,1.0,1.0,1.0]
10746,[2455,2781,3256,5604,7931,8114,9816,9851],[1.0,1.0,1.0,1.0,1.0,1.0,1.0,1.0]
10746,[66,1596,2799,4268,8639,9030,9270,10111,10716],[1.0,1.0,1.0,1.0,1.0,1.0,1.0,1.0,1.0]
10746,[245,966,1477,6341,8729,9420],[1.0,1.0,1.0,1.0,1.0,1.0]
10746,[902,1099,2115,2771,3182,5102,9420,9632],[1.0,1.0,1.0,1.0,1.0,1.0,1.0,1.0]
10746,[1291,4405,6047,8073,8114,9030,9698],[1.0,1.0,1.0,1.0,1.0,1.0,1.0]
10746,[282,4967,7941,8161,8411,9090,9270,9420],[1.0,1.0,1.0,1.0,1.0,1.0,1.0,1.0]
10746,[6167,10054],[1.0,1.0]
