10746,[4191,4440,4561,4615,4704,5441,6396,9209,9491],[1.0,1.0,1.0,1.0,1.0,1.0,1.0,1.0,1.0]
10746,[213,1068,1129,2202,5357,7937,9491,10360,10463],[1.0,1.0,1.0,1.0,1.0,1.0,1.0,1.0,1.0]
10746,[265,936,1129,2024,2202,2651,2829,7367,7478,9491],[1.0,1.0,1.0,1.0,1.0,1.0,1.0,1.0,1.0,1.0]
10746,[567,728,1249,2238,4069,4507,7582,8904,9290],[1.0,1.0,1.0,1.0,1.0,1.0,1.0,1.0,1.0]
10746,[172,365,463,2074,2916,4042,4507,7074],[1.0,1.0,1.0,1.0,1.0,1.0,1.0,1.0]
10746,[1673,4507,5236,6138,6522,7914,8070,8729],[1.0,1.0,1.0,1.0,1.0,1.0,1.0,1.0]
10746,[372,1613,3216,4258,4507,6257,6394,8114],[1.0,1.0,1.0,1.0,1.0,1.0,1.0,1.0]
10746,[936,4507,7494,7826,7922,8070,8073,8941,9632],[1.0,1.0,1.0,1.0,1.0,1.0,1.0,1.0,1.0]
10746,[2425,3545,5324,5839,6368,7074,9448,9595],[1.0,1.0,1.0,1.0,1.0,1.0,1.0,1.0]
10746,[2079,5522,7074,7266,9997],[1.0,1.0,1.0,1.0,1.0]
