10746,[1870,2845,3284,3788,4440,7011,9491,10360],[1.0,1.0,1.0,1.0,1.0,1.0,1.0,1.0]
10746,[213,1296,1431,3579,5760,8577,9007,10408,10463],[1.0,1.0,1.0,1.0,1.0,1.0,1.0,1.0,1.0]
10746,[4534,4722,8170,8416,9000,9537,10408,10594,10670],[1.0,1.0,1.0,1.0,1.0,1.0,1.0,1.0,1.0]
10746,[1662,1870,2131,4750,5661,5732,6753,8485,9273,10381],[1.0,1.0,1.0,1.0,1.0,1.0,1.0,1.0,1.0,1.0]
10746,[1284,1899,2131,2427,3116,3234,4009,4880,5460,9319],[1.0,1.0,1.0,1.0,1.0,1.0,1.0,1.0,1.0,1.0]
10746,[1791,3004,4239,4666,5086,5990,8315,9829,9920],[1.0,1.0,1.0,1.0,1.0,1.0,1.0,1.0,1.0]
10746,[15,578,1255,4268,4618,5258,6952,7858,8448,9580],[1.0,1.0,1.0,1.0,1.0,1.0,1.0,1.0,1.0,1.0]
10746,[2596,4405,6408,6572,7379,9393,10415,10621],[1.0,1.0,1.0,1.0,1.0,1.0,1.0,1.0]
10746,[199,1870,2845,3788,7011,8092,9491,9856,10041],[1.0,1.0,1.0,1.0,1.0,1.0,1.0,1.0,1.0]
10746,[1128,1479,1760,6597],[1.0,1.0,1.0,1.0]
