10746,[654,806,1310,2455,2518,3428,4440,4778,6626],[1.0,1.0,1.0,1.0,1.0,1.0,1.0,1.0,1.0]
10746,[213,3501,5118,7829,10152,10360,10463],[1.0,1.0,1.0,1.0,1.0,1.0,1.0]
10746,[11,2259,3265,4074,7593,8700,8893,9000],[1.0,1.0,1.0,1.0,1.0,1.0,1.0,1.0]
10746,[806,1310,1902,2493,5181,7363,9277],[1.0,1.0,1.0,1.0,1.0,1.0,1.0]
10746,[325,806,1535,2596,2916,7666,7923],[1.0,1.0,1.0,1.0,1.0,1.0,1.0]
10746,[2411,3993,4868,5739,10139],[1.0,1.0,1.0,1.0,1.0]
10746,[2596,3610,4216,4217,5104,5624,8221,9438],[1.0,1.0,1.0,1.0,1.0,1.0,1.0,1.0]
10746,[325,806,1310,1535,2407,2618,3265,5181,7923,8280],[1.0,1.0,1.0,1.0,1.0,1.0,1.0,1.0,1.0,1.0]
10746,[806,1310,3265,4344,6442,7317,8582,9524],[1.0,1.0,1.0,1.0,1.0,1.0,1.0,1.0]
10746,[601,902,1706,5181,6379,6810,8582,8595,10576],[1.0,1.0,1.0,1.0,1.0,1.0,1.0,1.0,1.0]
10746,[356,806,1868,2407,3799,4534,4551,6590,9374],[1.0,1.0,1.0,1.0,1.0,1.0,1.0,1.0,1.0]
10746,[252,838,947,1494,1983,4552,5988,10068],[1.0,1.0,1.0,1.0,1.0,1.0,1.0,1.0]
10746,[838,1535,2043,3207,3741,3952,4579,5639,10726],[1.0,1.0,1.0,1.0,1.0,1.0,1.0,1.0,1.0]
10746,[806,893,947,7281,7649,10068,10222],[1.0,1.0,1.0,1.0,1.0,1.0,1.0]
10746,[14,1706,3070,3265,3940,4060,5672,6193,9325],[1.0,1.0,1.0,1.0,1.0,1.0,1.0,1.0,1.0]
10746,[806,947,3965,4060,4506,9438,9632],[1.0,1.0,1.0,1.0,1.0,1.0,1.0]
10746,[654,1411,1784,2240,5641,9000,9632,9841],[1.0,1.0,1.0,1.0,1.0,1.0,1.0,1.0]
10746,[367,902,3359,4617,5147,7084,9494],[1.0,1.0,1.0,1.0,1.0,1.0,1.0]
10746,[947,1054,1310,2489,4697,6193,8595,9350],[1.0,1.0,1.0,1.0,1.0,1.0,1.0,1.0]
10746,[654,1868,2398,2407,4506,5308,9632],[1.0,1.0,1.0,1.0,1.0,1.0,1.0]
10746,[1310,1902,1983,2559,3993,4552,5988],[1.0,1.0,1.0,1.0,1.0,1.0,1.0]
10746,[365,4036,4216,4534,5040,5104,9438,9632],[1.0,1.0,1.0,1.0,1.0,1.0,1.0,1.0]
10746,[837,3638,5104,5988,6229,6530,8114,8582],[1.0,1.0,1.0,1.0,1.0,1.0,1.0,1.0]
10746,[1624,2185,6342,7718,9292,9438,9632],[1.0,1.0,1.0,1.0,1.0,1.0,1.0]
10746,[1505,3094,3265,6342,8070,9438,9891],[1.0,1.0,1.0,1.0,1.0,1.0,1.0]
10746,[3774,5985,8040,8070,9267,9632,9891],[1.0,1.0,1.0,1.0,1.0,1.0,1.0]
10746,[357,654,662,3605,7955,9270,9289,9632],[1.0,1.0,1.0,1.0,1.0,1.0,1.0,1.0]
10746,[1099,3561,4773,5222,6342,9318],[1.0,1.0,1.0,1.0,1.0,1.0]
10746,[1706,1868,3257,5893,9632,10433,10621,10670],[1.0,1.0,1.0,1.0,1.0,1.0,1.0,1.0]
10746,[2398,2772,4344,4534,5308,6579,8070],[1.0,1.0,1.0,1.0,1.0,1.0,1.0]
10746,[1112,2655,3741,6266,7451,9820,10350,10670,10700],[1.0,1.0,1.0,1.0,1.0,1.0,1.0,1.0,1.0]
10746,[3216,3638,6342,6628,7384,7643,10559],[1.0,1.0,1.0,1.0,1.0,1.0,1.0]
10746,[441,1592,5893,8070],[1.0,1.0,1.0,1.0]
10746,[2327,3029,4449,5126,5278,7316,10082],[1.0,1.0,1.0,1.0,1.0,1.0,1.0]
10746,[143,357,365,984,8070,8114],[1.0,1.0,1.0,1.0,1.0,1.0]
10746,[1112,1310,5349,5480,6342,9318,9632],[1.0,1.0,1.0,1.0,1.0,1.0,1.0]
10746,[654,1868,2016,4217,4332,5308,8005],[1.0,1.0,1.0,1.0,1.0,1.0,1.0]
10746,[153,348,3638,7497,9348,9632,9841],[1.0,1.0,1.0,1.0,1.0,1.0,1.0]
10746,[171,654,1849,2563,3582,3673,4635,6342,6368,8627],[1.0,1.0,1.0,1.0,1.0,1.0,1.0,1.0,1.0,1.0]
10746,[3998,4245,4707,4730,4736,5962,6089],[1.0,1.0,1.0,1.0,1.0,1.0,1.0]
10746,[501,946,1299,2618,4217,4730,5207,6033,8032,9261],[1.0,1.0,1.0,1.0,1.0,1.0,1.0,1.0,1.0,1.0]
10746,[117,3412,6038,7489,8386,9273],[1.0,1.0,1.0,1.0,1.0,1.0]
10746,[259,356,719,3582,3846,8070,9289,9632],[1.0,1.0,1.0,1.0,1.0,1.0,1.0,1.0]
10746,[348,654,766,2407,3384,8070,8509,8621,10082],[1.0,1.0,1.0,1.0,1.0,1.0,1.0,1.0,1.0]
10746,[1797,1829,3515,3582,3585,8279,9228,9273,9289,10192],[1.0,1.0,1.0,1.0,1.0,1.0,1.0,1.0,1.0,1.0]
10746,[252,1073,2425,4730,5555,9273,9632,10353],[1.0,1.0,1.0,1.0,1.0,1.0,1.0,1.0]
10746,[143,5308,6342,9632,9891],[1.0,1.0,1.0,1.0,1.0]
10746,[654,758,1868,2623,7981,8729,9632],[1.0,1.0,1.0,1.0,1.0,1.0,1.0]
10746,[868,1134,3533,4506,8005,8070],[1.0,1.0,1.0,1.0,1.0,1.0]
10746,[4191,4449,6341,6704,7923,8114,8398],[1.0,1.0,1.0,1.0,1.0,1.0,1.0]
10746,[758,2407,4300,5893,6342],[1.0,1.0,1.0,1.0,1.0]
10746,[124,654,2623,5641,7084,7955,9273,9632],[1.0,1.0,1.0,1.0,1.0,1.0,1.0,1.0]
10746,[73,365,3651,5222,7870,8041,9632],[1.0,1.0,1.0,1.0,1.0,1.0,1.0]
10746,[3582,4405,5985,7117,8056],[1.0,1.0,1.0,1.0,1.0]
10746,[654,1902,2398,6172,6229,8114,8582,10465],[1.0,1.0,1.0,1.0,1.0,1.0,1.0,1.0]
10746,[1005,4506,5308,6012,7807],[1.0,1.0,1.0,1.0,1.0]
