10746,[242,2013,4440,4686,5201,6557,8751,8779,9491],[1.0,1.0,1.0,1.0,1.0,1.0,1.0,1.0,1.0]
10746,[213,1456,1714,6212,7416,9420,9433,10360,10463,10608],[1.0,1.0,1.0,1.0,1.0,1.0,1.0,1.0,1.0,1.0]
10746,[936,1175,1317,2953,3422,6335,7502,9130,10658],[1.0,1.0,1.0,1.0,1.0,1.0,1.0,1.0,1.0]
10746,[1817,2455,4042,4405,4439,6002,6095,6212,10595],[1.0,1.0,1.0,1.0,1.0,1.0,1.0,1.0,1.0]
10746,[463,1846,4447,4811,5244,5983,8114,10419,10536],[1.0,1.0,1.0,1.0,1.0,1.0,1.0,1.0,1.0]
10746,[3426,3768,4405,6047,7502,7950,8614,9882],[1.0,1.0,1.0,1.0,1.0,1.0,1.0,1.0]
10746,[1484,1817,2878,4686,5983,8842,9289,9386],[1.0,1.0,1.0,1.0,1.0,1.0,1.0,1.0]
10746,[357,6002,6603,7423,8895,9290,9460,9493],[1.0,1.0,1.0,1.0,1.0,1.0,1.0,1.0]
10746,[902,1645,2530,4114,4686,4843,6555,7436,8558],[1.0,1.0,1.0,1.0,1.0,1.0,1.0,1.0,1.0]
10746,[143,2530,3545,4420,8595,9201],[1.0,1.0,1.0,1.0,1.0,1.0]
10746,[2718,3036,8595,10222,10245,10630],[1.0,1.0,1.0,1.0,1.0,1.0]
10746,[436,1706,2305,6341,7390,7572,7813,9632],[1.0,1.0,1.0,1.0,1.0,1.0,1.0,1.0]
10746,[637,2013,5201,6557,6901,7379,8751,8779,10694],[1.0,1.0,1.0,1.0,1.0,1.0,1.0,1.0,1.0]
10746,[2266,7114,7379,8116,9290,9491,9851],[1.0,1.0,1.0,1.0,1.0,1.0,1.0]
10746,[365,4996,5809,6754,9663,10692],[1.0,1.0,1.0,1.0,1.0,1.0]
