10746,[121,193,4440,4640,4722,5373,6385,8170],[1.0,1.0,1.0,1.0,1.0,1.0,1.0,1.0]
10746,[121,646,1297,3532,4640,5653,6417,8170,9654],[1.0,1.0,1.0,1.0,1.0,1.0,1.0,1.0,1.0]
10746,[1297,2829,5373,5820,6172,7478,7937,8960,9527,10360],[1.0,1.0,1.0,1.0,1.0,1.0,1.0,1.0,1.0,1.0]
10746,[121,180,213,1749,5373,5657,6385,7979,8960,10381],[1.0,1.0,1.0,1.0,1.0,1.0,1.0,1.0,1.0,1.0]
10746,[121,193,2134,3832,4640,4682,5657,5661,8960,10381],[1.0,1.0,1.0,1.0,1.0,1.0,1.0,1.0,1.0,1.0]
10746,[902,1817,3532,4903,5877,5885,7544],[1.0,1.0,1.0,1.0,1.0,1.0,1.0]
10746,[2728,4647,4763,4857,7959,8752,8960,10463],[1.0,1.0,1.0,1.0,1.0,1.0,1.0,1.0]
10746,[1817,1886,5793,7898,7917,8960,9988,9989],[1.0,1.0,1.0,1.0,1.0,1.0,1.0,1.0]
10746,[843,2808,4768,4998,5531,6614,6794,7917,8960,10108],[1.0,1.0,1.0,1.0,1.0,1.0,1.0,1.0,1.0,1.0]
10746,[357,2123,2916,3380,5983,6524,7218,9976],[1.0,1.0,1.0,1.0,1.0,1.0,1.0,1.0]
10746,[372,4149,4943,5345,5928,7055,8221,8960,9249],[1.0,1.0,1.0,1.0,1.0,1.0,1.0,1.0,1.0]
10746,[193,1336,2295,3509,3532,3741,4294,5505,8960],[1.0,1.0,1.0,1.0,1.0,1.0,1.0,1.0,1.0]
10746,[1619,2799,4405,5604,7218,8041,8960,9595,10634],[1.0,1.0,1.0,1.0,1.0,1.0,1.0,1.0,1.0]
10746,[966,3223,3447,5639,5885,7649,7746,9989],[1.0,1.0,1.0,1.0,1.0,1.0,1.0,1.0]
10746,[896,1529,3547,6098,8960,10539],[1.0,1.0,1.0,1.0,1.0,1.0]
10746,[172,824,5626,7061,7187,8960],[1.0,1.0,1.0,1.0,1.0,1.0]
10746,[3532,3732,4034,4640,5181,9106,9528,9692,10716],[1.0,1.0,1.0,1.0,1.0,1.0,1.0,1.0,1.0]
10746,[775,824,1222,2182,3106,3732,6172,7724,9324],[1.0,1.0,1.0,1.0,1.0,1.0,1.0,1.0,1.0]
10746,[3106,3252,4294,5102,8177,9290,9528],[1.0,1.0,1.0,1.0,1.0,1.0,1.0]
10746,[5102,7984,8615,9106],[1.0,1.0,1.0,1.0]
10746,[2167,2206,2472,2530,4671,9075,10595,10716],[1.0,1.0,1.0,1.0,1.0,1.0,1.0,1.0]
10746,[902,2472,2530,3532,4552,9075,9106,9831],[1.0,1.0,1.0,1.0,1.0,1.0,1.0,1.0]
10746,[447,632,1863,2711,3427,4875,5626,6117,10062],[1.0,1.0,1.0,1.0,1.0,1.0,1.0,1.0,1.0]
10746,[824,1706,3532,5181,5387,6296,8904,9106,9558],[1.0,1.0,1.0,1.0,1.0,1.0,1.0,1.0,1.0]
10746,[3532,3950,4102,5429,10139],[1.0,1.0,1.0,1.0,1.0]
10746,[1361,1683,3532,8875,9420,9851],[1.0,1.0,1.0,1.0,1.0,1.0]
10746,[360,1361,3532,4210,5438,8398],[1.0,1.0,1.0,1.0,1.0,1.0]
10746,[701,2919,4332,4611,5452,5505,6603,8516],[1.0,1.0,1.0,1.0,1.0,1.0,1.0,1.0]
10746,[109,773,1255,1535,2919,4534,4671,5505,6035,6393],[1.0,1.0,1.0,1.0,1.0,1.0,1.0,1.0,1.0,1.0]
10746,[1361,1548,1792,4210,4609,6335,8280,8630,9292],[1.0,1.0,1.0,1.0,1.0,1.0,1.0,1.0,1.0]
10746,[172,463,1548,3089,3741,4534,7317,10734],[1.0,1.0,1.0,1.0,1.0,1.0,1.0,1.0]
10746,[1361,3523,4671,5001,5954,9086],[1.0,1.0,1.0,1.0,1.0,1.0]
10746,[381,824,2240,2916,6794,8347,9106,9448],[1.0,1.0,1.0,1.0,1.0,1.0,1.0,1.0]
10746,[464,824,902,956,2455,2916,3547,4614,7165],[1.0,1.0,1.0,1.0,1.0,1.0,1.0,1.0,1.0]
10746,[381,824,2101,4671,6172,6524,6794,9289],[1.0,1.0,1.0,1.0,1.0,1.0,1.0,1.0]
10746,[3304,4049,4332,5505,6794,8347,8516,9262],[1.0,1.0,1.0,1.0,1.0,1.0,1.0,1.0]
10746,[2351,3532,5181,7003,7137,7397,9106],[1.0,1.0,1.0,1.0,1.0,1.0,1.0]
10746,[464,701,1361,5438,5505,6794],[1.0,1.0,1.0,1.0,1.0,1.0]
10746,[2351,4332,5505,5524,8516,9262,10397],[1.0,1.0,1.0,1.0,1.0,1.0,1.0]
10746,[2052,2182,5429,6794,9364,10042,10103,10222],[1.0,1.0,1.0,1.0,1.0,1.0,1.0,1.0]
10746,[673,1261,1706,3647,4202,4475,10222,10398],[1.0,1.0,1.0,1.0,1.0,1.0,1.0,1.0]
10746,[297,673,3304,4475,10103,10398],[1.0,1.0,1.0,1.0,1.0,1.0]
10746,[2351,4202,6794,9262,10103,10222,10398],[1.0,1.0,1.0,1.0,1.0,1.0,1.0]
10746,[2351,2916,3532,4258,4294,4475,10056],[1.0,1.0,1.0,1.0,1.0,1.0,1.0]
10746,[1255,1683,2351,2493,3532,4475,4534,9106,9776,10595],[1.0,1.0,1.0,1.0,1.0,1.0,1.0,1.0,1.0,1.0]
10746,[2068,2074,3532,4661,6341,7390,7552],[1.0,1.0,1.0,1.0,1.0,1.0,1.0]
10746,[1948,2182,4258,5345,5438,6098,7645],[1.0,1.0,1.0,1.0,1.0,1.0,1.0]
10746,[1361,2351,4367,4589,5429,8904],[1.0,1.0,1.0,1.0,1.0,1.0]
10746,[372,2068,3532,3734,5885,6524,7594,8553,10655],[1.0,1.0,1.0,1.0,1.0,1.0,1.0,1.0,1.0]
10746,[1255,1361,1653,2618,3651,4217,5386,5438,10419,10655],[1.0,1.0,1.0,1.0,1.0,1.0,1.0,1.0,1.0,1.0]
10746,[360,2916,4258,4833,5181,6002,6531,9611,10268,10438],[1.0,1.0,1.0,1.0,1.0,1.0,1.0,1.0,1.0,1.0]
10746,[3532,4191,5626,7045,8114,9298,9816],[1.0,1.0,1.0,1.0,1.0,1.0,1.0]
10746,[14,878,2182,3732,5142,5575,5710,8694],[1.0,1.0,1.0,1.0,1.0,1.0,1.0,1.0]
10746,[2530,3532,4669,5236,5407,7618,10716],[1.0,1.0,1.0,1.0,1.0,1.0,1.0]
10746,[1361,2123,4102,4589,5181,6347,10621],[1.0,1.0,1.0,1.0,1.0,1.0,1.0]
10746,[956,1550,1781,2351,4640,8398,8525,8582,10350],[1.0,1.0,1.0,1.0,1.0,1.0,1.0,1.0,1.0]
10746,[2079,2182,2530,3257,8114,8642,9262,10056,10093],[1.0,1.0,1.0,1.0,1.0,1.0,1.0,1.0,1.0]
10746,[2530,5452,6130,9106,9270],[1.0,1.0,1.0,1.0,1.0]
10746,[2351,3106,4092,4871,6603,9262,9528],[1.0,1.0,1.0,1.0,1.0,1.0,1.0]
10746,[2525,3532,3538,6115,7003,7338,9328,10716],[1.0,1.0,1.0,1.0,1.0,1.0,1.0,1.0]
10746,[3532,4216,4611,4858,7444,7515,9420,10716],[1.0,1.0,1.0,1.0,1.0,1.0,1.0,1.0]
10746,[191,902,2182,3532,5954,6117,9289],[1.0,1.0,1.0,1.0,1.0,1.0,1.0]
10746,[747,1255,1355,4611,5142,6341,8280,9463],[1.0,1.0,1.0,1.0,1.0,1.0,1.0,1.0]
10746,[902,2238,3532,4611,6341,8280,9463],[1.0,1.0,1.0,1.0,1.0,1.0,1.0]
10746,[747,902,1255,1355,5075,5954,7316],[1.0,1.0,1.0,1.0,1.0,1.0,1.0]
10746,[82,884,2381,2774,2916,3532,5181],[1.0,1.0,1.0,1.0,1.0,1.0,1.0]
10746,[1361,1965,3532,5438,8398,9801,10108],[1.0,1.0,1.0,1.0,1.0,1.0,1.0]
10746,[82,2351,3532,3732,5142,6524,8582,9528],[1.0,1.0,1.0,1.0,1.0,1.0,1.0,1.0]
10746,[556,1361,1965,2916,3532,6524,9528,9976],[1.0,1.0,1.0,1.0,1.0,1.0,1.0,1.0]
10746,[1361,1965,2351,2381,2916,3532,9289,9528],[1.0,1.0,1.0,1.0,1.0,1.0,1.0,1.0]
10746,[191,2351,2381,4191,7959,9420,9816],[1.0,1.0,1.0,1.0,1.0,1.0,1.0]
10746,[2418,4344,4405,4534,6524,7218,9851,9976],[1.0,1.0,1.0,1.0,1.0,1.0,1.0,1.0]
10746,[561,896,956,987,4405,5069,9816,10419],[1.0,1.0,1.0,1.0,1.0,1.0,1.0,1.0]
10746,[902,1361,1622,2101,2618,3532,5181,9639],[1.0,1.0,1.0,1.0,1.0,1.0,1.0,1.0]
10746,[82,2381,4092,4344,4871,6341,8819],[1.0,1.0,1.0,1.0,1.0,1.0,1.0]
10746,[82,109,597,4066,5505,9816,9839,9851],[1.0,1.0,1.0,1.0,1.0,1.0,1.0,1.0]
10746,[82,3532,4294,6219,7338,7843],[1.0,1.0,1.0,1.0,1.0,1.0]
10746,[112,2123,2351,4611,5992,6524,8398],[1.0,1.0,1.0,1.0,1.0,1.0,1.0]
10746,[1501,4569,5142,5181,6167,7942,8495,9328,9365],[1.0,1.0,1.0,1.0,1.0,1.0,1.0,1.0,1.0]
10746,[824,2455,2919,3532,4344,4534,6524,6954,9256,9528],[1.0,1.0,1.0,1.0,1.0,1.0,1.0,1.0,1.0,1.0]
10746,[824,1127,2493,3106,3426,3532,6172,6524,8227],[1.0,1.0,1.0,1.0,1.0,1.0,1.0,1.0,1.0]
10746,[438,623,1706,2182,4475,6998],[1.0,1.0,1.0,1.0,1.0,1.0]
10746,[438,2351,6998,9262,9528,9595],[1.0,1.0,1.0,1.0,1.0,1.0]
10746,[1361,3106,3532,4611,10082],[1.0,1.0,1.0,1.0,1.0]
10746,[66,1099,2351,3532,4344,8227,9528],[1.0,1.0,1.0,1.0,1.0,1.0,1.0]
10746,[2351,2455,2916,3495,4534,6524,9216,9528],[1.0,1.0,1.0,1.0,1.0,1.0,1.0,1.0]
10746,[977,1361,1706,2824,3106,4424,4475,10692],[1.0,1.0,1.0,1.0,1.0,1.0,1.0,1.0]
10746,[977,2351,2824,4344,4424,4475,9262,10692],[1.0,1.0,1.0,1.0,1.0,1.0,1.0,1.0]
10746,[2351,2916,3106,3495,4606,6394,6524,6794,10115],[1.0,1.0,1.0,1.0,1.0,1.0,1.0,1.0,1.0]
10746,[176,191,1361,4534,4569,7075,9262,9528],[1.0,1.0,1.0,1.0,1.0,1.0,1.0,1.0]
10746,[2351,4186,4475,4569,6477,9528,9598],[1.0,1.0,1.0,1.0,1.0,1.0,1.0]
10746,[1361,2351,3106,4475,6794,7013],[1.0,1.0,1.0,1.0,1.0,1.0]
10746,[2351,3106,4534,6524,6794,9528],[1.0,1.0,1.0,1.0,1.0,1.0]
10746,[1361,2351,3106,5142,6794,9528],[1.0,1.0,1.0,1.0,1.0,1.0]
10746,[1361,6524,6794,9528,9976],[1.0,1.0,1.0,1.0,1.0]
10746,[1361,2351,2364,3532,5142,6524,7465,9528],[1.0,1.0,1.0,1.0,1.0,1.0,1.0,1.0]
10746,[1770,2351,3532,4935,7465,9065,9262,9528],[1.0,1.0,1.0,1.0,1.0,1.0,1.0,1.0]
10746,[1255,1535,1543,3971,6524,7465,8347,9816],[1.0,1.0,1.0,1.0,1.0,1.0,1.0,1.0]
10746,[962,1099,1218,4512,4640,6536,8307,8994,9816],[1.0,1.0,1.0,1.0,1.0,1.0,1.0,1.0,1.0]
10746,[2455,2516,2768,2771,3741,4618,5940,8342],[1.0,1.0,1.0,1.0,1.0,1.0,1.0,1.0]
10746,[193,1297,2240,2474,3532,7984,8342,10139],[1.0,1.0,1.0,1.0,1.0,1.0,1.0,1.0]
10746,[1052,4486,4671,5641,6033,6533,7917,8482,8748],[1.0,1.0,1.0,1.0,1.0,1.0,1.0,1.0,1.0]
10746,[1869,3257,5207,6033,7116,8114,8960],[1.0,1.0,1.0,1.0,1.0,1.0,1.0]
10746,[3532,3561,4074,4486,4671,6115,7654,8110,8748],[1.0,1.0,1.0,1.0,1.0,1.0,1.0,1.0,1.0]
10746,[1550,2260,3532,6219,6524,6536,7415],[1.0,1.0,1.0,1.0,1.0,1.0,1.0]
10746,[357,1550,3532,4534,4640,5181,6533,8114,8411],[1.0,1.0,1.0,1.0,1.0,1.0,1.0,1.0,1.0]
10746,[1075,1297,2455,3561,3741,3856,5383,6541,8041,8609],[1.0,1.0,1.0,1.0,1.0,1.0,1.0,1.0,1.0,1.0]
10746,[646,1297,2096,2708,3554,5752,8903,10242],[1.0,1.0,1.0,1.0,1.0,1.0,1.0,1.0]
10746,[1709,3741,7768,9024,9084,9999],[1.0,1.0,1.0,1.0,1.0,1.0]
10746,[1920,3846,4900,5345,7212,9084],[1.0,1.0,1.0,1.0,1.0,1.0]
10746,[2351,4042,4258,4534,4565,4671,5505,5541,10505],[1.0,1.0,1.0,1.0,1.0,1.0,1.0,1.0,1.0]
10746,[172,795,3677,4149,7212,9084],[1.0,1.0,1.0,1.0,1.0,1.0]
10746,[66,191,902,1709,1798,2182,10108],[1.0,1.0,1.0,1.0,1.0,1.0,1.0]
10746,[191,245,456,1706,3257,4920,5710,6341,10433],[1.0,1.0,1.0,1.0,1.0,1.0,1.0,1.0,1.0]
10746,[2096,2113,3532,3890,5284,9342,9778],[1.0,1.0,1.0,1.0,1.0,1.0,1.0]
10746,[2096,3314,3741,5284,6802,7515,7617,10135,10345],[1.0,1.0,1.0,1.0,1.0,1.0,1.0,1.0,1.0]
10746,[191,758,1709,2194,3850,4217,4947],[1.0,1.0,1.0,1.0,1.0,1.0,1.0]
10746,[191,2123,4611,4947,9976],[1.0,1.0,1.0,1.0,1.0]
10746,[121,2182,3257,3593,4669,8893,9368,9970],[1.0,1.0,1.0,1.0,1.0,1.0,1.0,1.0]
10746,[806,1144,1218,2068,2184,2524,2720,8334,9559],[1.0,1.0,1.0,1.0,1.0,1.0,1.0,1.0,1.0]
10746,[2182,2240,5269,5698,6673,8893,9293],[1.0,1.0,1.0,1.0,1.0,1.0,1.0]
10746,[1275,6098,6524,6584,7864,9293],[1.0,1.0,1.0,1.0,1.0,1.0]
10746,[1139,2096,2123,4344,5284,5698],[1.0,1.0,1.0,1.0,1.0,1.0]
10746,[2067,2096,3106,5267,5524,5537,5698,9293],[1.0,1.0,1.0,1.0,1.0,1.0,1.0,1.0]
10746,[646,2096,2658,5284,6115,6249,7502,9213],[1.0,1.0,1.0,1.0,1.0,1.0,1.0,1.0]
10746,[245,758,3251,3741,6577,7768,9273,10447],[1.0,1.0,1.0,1.0,1.0,1.0,1.0,1.0]
10746,[191,733,2182,3734,4611,4947,10447,10595],[1.0,1.0,1.0,1.0,1.0,1.0,1.0,1.0]
10746,[896,1791,3433,4534,5304,5537,6383,6606],[1.0,1.0,1.0,1.0,1.0,1.0,1.0,1.0]
10746,[529,2398,3741,4481,6260,6589,9903,10345],[1.0,1.0,1.0,1.0,1.0,1.0,1.0,1.0]
10746,[3227,3532,4671,5154,6533,6733,10447],[1.0,1.0,1.0,1.0,1.0,1.0,1.0]
10746,[2182,2351,3514,4534,4671,5983,6793,8582],[1.0,1.0,1.0,1.0,1.0,1.0,1.0,1.0]
10746,[55,1099,1791,6394,6937,7830,9912],[1.0,1.0,1.0,1.0,1.0,1.0,1.0]
10746,[2096,2916,3741,5284,5979,6115,9178,10595],[1.0,1.0,1.0,1.0,1.0,1.0,1.0,1.0]
10746,[2240,2351,2993,6708,7680,8498,8582,8671],[1.0,1.0,1.0,1.0,1.0,1.0,1.0,1.0]
10746,[2096,3018,3514,3532,4767,5641],[1.0,1.0,1.0,1.0,1.0,1.0]
10746,[359,1766,4611,5142,6295,6533,7617,8280,9528],[1.0,1.0,1.0,1.0,1.0,1.0,1.0,1.0,1.0]
10746,[14,1766,2616,3106,3741,4523,8280,10222],[1.0,1.0,1.0,1.0,1.0,1.0,1.0,1.0]
10746,[14,2616,3106,4294,4611,5142,9528,10222],[1.0,1.0,1.0,1.0,1.0,1.0,1.0,1.0]
10746,[1225,3106,8280,8575,9831,10222],[1.0,1.0,1.0,1.0,1.0,1.0]
10746,[14,2616,3206,4114,5710,5983,8934,9249,9528],[1.0,1.0,1.0,1.0,1.0,1.0,1.0,1.0,1.0]
10746,[956,1326,3268,4212,4534,5537,5983,6440,9528],[1.0,1.0,1.0,1.0,1.0,1.0,1.0,1.0,1.0]
10746,[1098,3268,5031,5191,8729,9851,10108,10222],[1.0,1.0,1.0,1.0,1.0,1.0,1.0,1.0]
10746,[273,2123,2524,4294,6257,6533],[1.0,1.0,1.0,1.0,1.0,1.0]
10746,[806,1965,2916,4074,5167,5578,6872,7394,8575,8582],[1.0,1.0,1.0,1.0,1.0,1.0,1.0,1.0,1.0,1.0]
10746,[1099,2240,3206,6658,6810,8398,8497,9420,10103],[1.0,1.0,1.0,1.0,1.0,1.0,1.0,1.0,1.0]
10746,[4332,4457,4534,4671,4805,5397,5444,7033,9420],[1.0,1.0,1.0,1.0,1.0,1.0,1.0,1.0,1.0]
10746,[1623,1803,2182,2251,8917,10103],[1.0,1.0,1.0,1.0,1.0,1.0]
10746,[417,491,1099,1526,4512,5710,6901,7804],[1.0,1.0,1.0,1.0,1.0,1.0,1.0,1.0]
10746,[417,491,1419,1545,2123,3426,5885],[1.0,1.0,1.0,1.0,1.0,1.0,1.0]
10746,[292,1535,1623,1957,4061,4332,5181,9262],[1.0,1.0,1.0,1.0,1.0,1.0,1.0,1.0]
10746,[4457,4534,4805,7718,8280,9420,9988,10327],[1.0,1.0,1.0,1.0,1.0,1.0,1.0,1.0]
10746,[1255,4606,4805,5524,9457,10222],[1.0,1.0,1.0,1.0,1.0,1.0]
10746,[2096,2240,4344,4805,5777,8582,9721,9999],[1.0,1.0,1.0,1.0,1.0,1.0,1.0,1.0]
10746,[1709,3633,3741,4439,5777,6533,7768,9356],[1.0,1.0,1.0,1.0,1.0,1.0,1.0,1.0]
10746,[2070,2182,2351,5179,7165,8917],[1.0,1.0,1.0,1.0,1.0,1.0]
10746,[126,1255,2162,4007,4891,5167,6335,8077,8753],[1.0,1.0,1.0,1.0,1.0,1.0,1.0,1.0,1.0]
10746,[1785,2096,2240,3648,5207,7514,8041,10115,10180],[1.0,1.0,1.0,1.0,1.0,1.0,1.0,1.0,1.0]
10746,[129,3648,4217,6533,7572,8936,9862],[1.0,1.0,1.0,1.0,1.0,1.0,1.0]
10746,[3648,3997,4217,4947,5505,5541,6115,6533,7339],[1.0,1.0,1.0,1.0,1.0,1.0,1.0,1.0,1.0]
10746,[2182,2407,3916,5142,5852,7641,8812,9038,9639],[1.0,1.0,1.0,1.0,1.0,1.0,1.0,1.0,1.0]
10746,[4217,5142,5710,8552,9528,10068,10362],[1.0,1.0,1.0,1.0,1.0,1.0,1.0]
10746,[1052,1706,2627,2708,5552,7515,9851],[1.0,1.0,1.0,1.0,1.0,1.0,1.0]
10746,[1075,2096,3159,5387,6533,7514,9676],[1.0,1.0,1.0,1.0,1.0,1.0,1.0]
10746,[2455,4217,4589,8595,9106,9970,10433],[1.0,1.0,1.0,1.0,1.0,1.0,1.0]
10746,[357,436,2096,2455,6155,9106,9999],[1.0,1.0,1.0,1.0,1.0,1.0,1.0]
10746,[129,1409,1920,4213,4589,8524,9726],[1.0,1.0,1.0,1.0,1.0,1.0,1.0]
10746,[1555,2182,3788,4947,5549,9029,9632],[1.0,1.0,1.0,1.0,1.0,1.0,1.0]
10746,[1657,2182,2530,2678,3532,4848,10734],[1.0,1.0,1.0,1.0,1.0,1.0,1.0]
10746,[1980,3502,4213,4440,5529,6172,6536,9118,10595],[1.0,1.0,1.0,1.0,1.0,1.0,1.0,1.0,1.0]
10746,[2182,4430,4534,4632,4724,5350,7643,9903,10222],[1.0,1.0,1.0,1.0,1.0,1.0,1.0,1.0,1.0]
10746,[955,1131,3216,7094,8146,8416,9516,9534],[1.0,1.0,1.0,1.0,1.0,1.0,1.0,1.0]
10746,[955,1048,1453,4895,5197,5350,5649,10222],[1.0,1.0,1.0,1.0,1.0,1.0,1.0,1.0]
10746,[4534,4833,6766,7094,7694,7857,8146,9273,9281,9516],[1.0,1.0,1.0,1.0,1.0,1.0,1.0,1.0,1.0,1.0]
10746,[573,1266,1678,4238,4440,5338,5641,7218,7334],[1.0,1.0,1.0,1.0,1.0,1.0,1.0,1.0,1.0]
10746,[1817,3741,5388,6533,7768,7890],[1.0,1.0,1.0,1.0,1.0,1.0]
10746,[380,733,2364,3669,4264,4888,7890,10595],[1.0,1.0,1.0,1.0,1.0,1.0,1.0,1.0]
10746,[1817,2916,3741,4129,5604,6607,7166],[1.0,1.0,1.0,1.0,1.0,1.0,1.0]
10746,[418,1237,2182,3824,4074,7288],[1.0,1.0,1.0,1.0,1.0,1.0]
10746,[418,1237,5142,5505,6533,7074,7768,10551],[1.0,1.0,1.0,1.0,1.0,1.0,1.0,1.0]
10746,[1920,3089,5763,6379,6547,9055,9364,10433],[1.0,1.0,1.0,1.0,1.0,1.0,1.0,1.0]
10746,[1349,1817,2940,3035,5388,6239,6533,7548,9098],[1.0,1.0,1.0,1.0,1.0,1.0,1.0,1.0,1.0]
10746,[1817,2101,2916,3741,5388,6533,6799,7617],[1.0,1.0,1.0,1.0,1.0,1.0,1.0,1.0]
10746,[2493,3192,3813,5181,5274,7288,7890,9274],[1.0,1.0,1.0,1.0,1.0,1.0,1.0,1.0]
10746,[1284,1706,2182,3813,7074,8313,9593,9632,10508],[1.0,1.0,1.0,1.0,1.0,1.0,1.0,1.0,1.0]
10746,[1706,3035,3517,3824,7352,8313,9262,10210],[1.0,1.0,1.0,1.0,1.0,1.0,1.0,1.0]
10746,[380,1817,3035,3741,5181,7617,7890,8005,10595],[1.0,1.0,1.0,1.0,1.0,1.0,1.0,1.0,1.0]
10746,[800,3035,3793,4129,7352,7890,8005,10595],[1.0,1.0,1.0,1.0,1.0,1.0,1.0,1.0]
10746,[1349,3035,3294,4268,4965,6590,6687,9445],[1.0,1.0,1.0,1.0,1.0,1.0,1.0,1.0]
10746,[1297,1855,2240,3106,4202,9445,9520,10139],[1.0,1.0,1.0,1.0,1.0,1.0,1.0,1.0]
10746,[2916,3294,3741,4965,6265,6533,6590,7617,8280],[1.0,1.0,1.0,1.0,1.0,1.0,1.0,1.0,1.0]
10746,[14,1299,4202,5031,8114,10103,10222],[1.0,1.0,1.0,1.0,1.0,1.0,1.0]
10746,[1151,2182,2530,3871,4202,4925,9468],[1.0,1.0,1.0,1.0,1.0,1.0,1.0]
10746,[590,1151,1855,2530,4268,4879,6533,9445],[1.0,1.0,1.0,1.0,1.0,1.0,1.0,1.0]
10746,[3741,4202,7394,7617,7746,8280,9445,9520,10103],[1.0,1.0,1.0,1.0,1.0,1.0,1.0,1.0,1.0]
10746,[1997,2182,4611,5106,8961,9841,10103],[1.0,1.0,1.0,1.0,1.0,1.0,1.0]
10746,[121,2188,5142,5651,6541,7813,9262],[1.0,1.0,1.0,1.0,1.0,1.0,1.0]
10746,[1855,2434,6533,8875,9445,9520,9831,9871],[1.0,1.0,1.0,1.0,1.0,1.0,1.0,1.0]
10746,[1855,4268,4611,5177,7316,9445,9520,9568],[1.0,1.0,1.0,1.0,1.0,1.0,1.0,1.0]
10746,[1803,2682,2836,5065,5142,9288,9676,9851],[1.0,1.0,1.0,1.0,1.0,1.0,1.0,1.0]
10746,[956,3348,3598,4202,5301,6172,9568],[1.0,1.0,1.0,1.0,1.0,1.0,1.0]
10746,[573,1361,3741,6533,7105,7617],[1.0,1.0,1.0,1.0,1.0,1.0]
10746,[205,2351,2916,3741,6533,7617,8882,9998,10572],[1.0,1.0,1.0,1.0,1.0,1.0,1.0,1.0,1.0]
10746,[1528,2351,2916,3495,4475,5181,5505,9106],[1.0,1.0,1.0,1.0,1.0,1.0,1.0,1.0]
10746,[1550,2182,3532,6341,6524,6533,10318],[1.0,1.0,1.0,1.0,1.0,1.0,1.0]
10746,[322,4961,5142,6497,7222,7307,8032,8729],[1.0,1.0,1.0,1.0,1.0,1.0,1.0,1.0]
10746,[74,994,2099,6341,7187,7222,9262,9273,10038,10433],[1.0,1.0,1.0,1.0,1.0,1.0,1.0,1.0,1.0,1.0]
10746,[2618,5454,5639,6002,6341,6592,9262,10044],[1.0,1.0,1.0,1.0,1.0,1.0,1.0,1.0]
10746,[322,3532,4294,4606,4961,6497,7222,8032],[1.0,1.0,1.0,1.0,1.0,1.0,1.0,1.0]
10746,[1992,2351,3532,4475,8227,9298,9831],[1.0,1.0,1.0,1.0,1.0,1.0,1.0]
10746,[14,832,1299,1948,5928,10222],[1.0,1.0,1.0,1.0,1.0,1.0]
10746,[74,2099,2182,2546,6592,7586,9195,9665,10056],[1.0,1.0,1.0,1.0,1.0,1.0,1.0,1.0,1.0]
10746,[1776,2472,2530,4611,5392,5710,10068],[1.0,1.0,1.0,1.0,1.0,1.0,1.0]
10746,[2530,4611,4934,5710,9528,9925,10068],[1.0,1.0,1.0,1.0,1.0,1.0,1.0]
10746,[993,2182,2252,2916,3089,6533],[1.0,1.0,1.0,1.0,1.0,1.0]
10746,[3089,5120,5392,5994,8258,9270,9331],[1.0,1.0,1.0,1.0,1.0,1.0,1.0]
10746,[1036,3089,3426,3427,4330,5181,10056,10222],[1.0,1.0,1.0,1.0,1.0,1.0,1.0,1.0]
10746,[14,445,1517,1755,3741,4391,4671,5505,8089],[1.0,1.0,1.0,1.0,1.0,1.0,1.0,1.0,1.0]
10746,[975,1234,1965,4420,8917,9298,9851,10044],[1.0,1.0,1.0,1.0,1.0,1.0,1.0,1.0]
10746,[896,975,4332,4420,4565,5505,5595,8258,8659],[1.0,1.0,1.0,1.0,1.0,1.0,1.0,1.0,1.0]
10746,[1411,2123,3026,3950,4132,4961,6341,7423],[1.0,1.0,1.0,1.0,1.0,1.0,1.0,1.0]
10746,[787,1019,2455,4496,5620,7316,7650,10445,10488],[1.0,1.0,1.0,1.0,1.0,1.0,1.0,1.0,1.0]
10746,[1160,2351,3532,4428,5387,6533,9749,10595],[1.0,1.0,1.0,1.0,1.0,1.0,1.0,1.0]
10746,[164,1255,1299,2182,2351,3741,6047,7074],[1.0,1.0,1.0,1.0,1.0,1.0,1.0,1.0]
10746,[1791,2812,5564,6172,6341,6915,7826],[1.0,1.0,1.0,1.0,1.0,1.0,1.0]
10746,[2325,5468,6577,7610,7826,8034,9289,9528],[1.0,1.0,1.0,1.0,1.0,1.0,1.0,1.0]
10746,[896,966,3651,4217,5031,5641,6341,6577],[1.0,1.0,1.0,1.0,1.0,1.0,1.0,1.0]
10746,[2812,4332,7074,7217,9449,9528,9816],[1.0,1.0,1.0,1.0,1.0,1.0,1.0]
10746,[1633,4202,4611,5181,5505,5985,6035,9205,9535,9851],[1.0,1.0,1.0,1.0,1.0,1.0,1.0,1.0,1.0,1.0]
10746,[2088,2351,2455,3741,4538,5856,7617,10479],[1.0,1.0,1.0,1.0,1.0,1.0,1.0,1.0]
10746,[51,1255,2455,4671,4934,7316,8424,9831,10055],[1.0,1.0,1.0,1.0,1.0,1.0,1.0,1.0,1.0]
10746,[2182,2455,3532,5737,7379,9769,10064,10419,10621],[1.0,1.0,1.0,1.0,1.0,1.0,1.0,1.0,1.0]
10746,[868,2289,4534,5737,7117,7390,8114,10621],[1.0,1.0,1.0,1.0,1.0,1.0,1.0,1.0]
10746,[1255,1391,5142,6341,7117,7390,9298,9424,9851],[1.0,1.0,1.0,1.0,1.0,1.0,1.0,1.0,1.0]
10746,[926,1361,2168,3741,4671,7617,8990,10734],[1.0,1.0,1.0,1.0,1.0,1.0,1.0,1.0]
10746,[906,2059,3532,4543,4611,9047,10056,10219],[1.0,1.0,1.0,1.0,1.0,1.0,1.0,1.0]
10746,[2959,3669,5102,6115,6533,10115,10609],[1.0,1.0,1.0,1.0,1.0,1.0,1.0]
10746,[699,2182,5181,6924,6933,9328,10617,10716],[1.0,1.0,1.0,1.0,1.0,1.0,1.0,1.0]
10746,[4622,7334,7423,9238,10617],[1.0,1.0,1.0,1.0,1.0]
10746,[1297,2916,4203,4622,5524,6533,7172,7423],[1.0,1.0,1.0,1.0,1.0,1.0,1.0,1.0]
10746,[273,699,2182,5142,6298,6796,8280],[1.0,1.0,1.0,1.0,1.0,1.0,1.0]
10746,[1463,5604,5712,7193,7649,7850,8227,9262],[1.0,1.0,1.0,1.0,1.0,1.0,1.0,1.0]
10746,[817,956,4203,5524,6271,6533,7172,10350],[1.0,1.0,1.0,1.0,1.0,1.0,1.0,1.0]
10746,[26,2182,2288,3257,6796,8524,9463,10198],[1.0,1.0,1.0,1.0,1.0,1.0,1.0,1.0]
10746,[26,258,467,1113,3053,9262,9304,10419],[1.0,1.0,1.0,1.0,1.0,1.0,1.0,1.0]
10746,[26,861,5030,6533,8197,8726,10419],[1.0,1.0,1.0,1.0,1.0,1.0,1.0]
10746,[2472,6533,6687,7172,7316,8398,9298],[1.0,1.0,1.0,1.0,1.0,1.0,1.0]
10746,[273,4191,4203,5142,6394,7718,8904,9771],[1.0,1.0,1.0,1.0,1.0,1.0,1.0,1.0]
10746,[699,2182,7818,8398,8609,9262,10498],[1.0,1.0,1.0,1.0,1.0,1.0,1.0]
10746,[956,2288,4203,5142,7718,10198,10498],[1.0,1.0,1.0,1.0,1.0,1.0,1.0]
10746,[844,1047,2182,4534,6796,7357,7922,9262,10033],[1.0,1.0,1.0,1.0,1.0,1.0,1.0,1.0,1.0]
10746,[748,1047,2775,3532,4534,7601,7922],[1.0,1.0,1.0,1.0,1.0,1.0,1.0]
10746,[956,1803,2232,2916,3532,6341,9965,10103,10617],[1.0,1.0,1.0,1.0,1.0,1.0,1.0,1.0,1.0]
10746,[902,5604,9433,9568,9965,10108],[1.0,1.0,1.0,1.0,1.0,1.0]
10746,[1099,1506,2182,5014,8904,9289,10103],[1.0,1.0,1.0,1.0,1.0,1.0,1.0]
10746,[858,3602,3939,5014,5562,8056,9074],[1.0,1.0,1.0,1.0,1.0,1.0,1.0]
10746,[1297,1506,3138,3343,3965,4606,5014,9262,10139],[1.0,1.0,1.0,1.0,1.0,1.0,1.0,1.0,1.0]
10746,[1297,1791,1803,2916,3741,4191,4763,5592],[1.0,1.0,1.0,1.0,1.0,1.0,1.0,1.0]
10746,[1275,1299,4917,9611,9851,9871,10621],[1.0,1.0,1.0,1.0,1.0,1.0,1.0]
10746,[1054,3965,4114,5710,6819,8584,8893,9289],[1.0,1.0,1.0,1.0,1.0,1.0,1.0,1.0]
10746,[838,1054,3965,6115,6819,7826,8582,8584],[1.0,1.0,1.0,1.0,1.0,1.0,1.0,1.0]
10746,[838,3472,3965,6115,7826,9600,10073,10462],[1.0,1.0,1.0,1.0,1.0,1.0,1.0,1.0]
10746,[3472,3965,6115,7957,9555,9600,10462],[1.0,1.0,1.0,1.0,1.0,1.0,1.0]
10746,[3233,3304,3532,3552,6115,6533,10520],[1.0,1.0,1.0,1.0,1.0,1.0,1.0]
10746,[176,191,3508,6533,7506,9262,9528,10714],[1.0,1.0,1.0,1.0,1.0,1.0,1.0,1.0]
10746,[114,137,3532,4569,6098,6533,6877],[1.0,1.0,1.0,1.0,1.0,1.0,1.0]
10746,[176,191,2425,3106,3304,6115,9262],[1.0,1.0,1.0,1.0,1.0,1.0,1.0]
10746,[4042,4294,4393,4569,6533,7506],[1.0,1.0,1.0,1.0,1.0,1.0]
10746,[51,3294,4965,5447,6533,6590,10222],[1.0,1.0,1.0,1.0,1.0,1.0,1.0]
10746,[1965,2123,3106,3304,6115,7843,9262],[1.0,1.0,1.0,1.0,1.0,1.0,1.0]
10746,[112,1706,4520,4569,9595,9976],[1.0,1.0,1.0,1.0,1.0,1.0]
10746,[593,2123,4405,6002,9066,10203,10484],[1.0,1.0,1.0,1.0,1.0,1.0,1.0]
10746,[530,3532,6115,6533,7618,9262,9289],[1.0,1.0,1.0,1.0,1.0,1.0,1.0]
10746,[172,1928,2096,5628,6533,8280,9970],[1.0,1.0,1.0,1.0,1.0,1.0,1.0]
10746,[14,1275,2096,4611,5343,6295,10734],[1.0,1.0,1.0,1.0,1.0,1.0,1.0]
10746,[1928,2096,6533,6687,8203,9970],[1.0,1.0,1.0,1.0,1.0,1.0]
10746,[357,2455,2540,4611,4755,6295,8280,10419],[1.0,1.0,1.0,1.0,1.0,1.0,1.0,1.0]
10746,[1234,2096,4804,6533,8532,8614,9909,9923],[1.0,1.0,1.0,1.0,1.0,1.0,1.0,1.0]
10746,[172,436,1234,1255,2096,2455,3257],[1.0,1.0,1.0,1.0,1.0,1.0,1.0]
10746,[1225,4611,4857,5257,5328,6533,10024,10393],[1.0,1.0,1.0,1.0,1.0,1.0,1.0,1.0]
10746,[2455,2916,6127,6533,6687,10419,10433,10713],[1.0,1.0,1.0,1.0,1.0,1.0,1.0,1.0]
10746,[76,2096,3561,5146,9923],[1.0,1.0,1.0,1.0,1.0]
10746,[436,2096,2455,3523,4947,5505,9528,10495],[1.0,1.0,1.0,1.0,1.0,1.0,1.0,1.0]
10746,[514,875,2916,8091,8280,8582,9670,9711,9970],[1.0,1.0,1.0,1.0,1.0,1.0,1.0,1.0,1.0]
10746,[2916,3741,6533,7094,7617,7721,7830,9711],[1.0,1.0,1.0,1.0,1.0,1.0,1.0,1.0]
10746,[956,1098,1965,2493,7033,7316,7843,8005,8216],[1.0,1.0,1.0,1.0,1.0,1.0,1.0,1.0,1.0]
10746,[975,1098,3651,3741,4534,6533,7617,8009,8277],[1.0,1.0,1.0,1.0,1.0,1.0,1.0,1.0,1.0]
10746,[731,1036,3089,4316,4336,6590,6744,9925],[1.0,1.0,1.0,1.0,1.0,1.0,1.0,1.0]
10746,[1361,1965,2351,3532,3859,5181],[1.0,1.0,1.0,1.0,1.0,1.0]
10746,[164,1255,1524,1863,3741,6533,7768,9749,9990],[1.0,1.0,1.0,1.0,1.0,1.0,1.0,1.0,1.0]
10746,[1269,2185,4039,5580,6601,8041,9414,9896],[1.0,1.0,1.0,1.0,1.0,1.0,1.0,1.0]
10746,[51,1085,1567,2351,3842,5604,6754,8041],[1.0,1.0,1.0,1.0,1.0,1.0,1.0,1.0]
10746,[315,996,1567,2959,3741,4771,5082,6394,6822,7617],[1.0,1.0,1.0,1.0,1.0,1.0,1.0,1.0,1.0,1.0]
10746,[758,3850,7211,10108,10734],[1.0,1.0,1.0,1.0,1.0]
10746,[2096,2959,3669,4439,4767,4947,7211,9106,10108],[1.0,1.0,1.0,1.0,1.0,1.0,1.0,1.0,1.0]
10746,[758,6533,7211,7928,9854,10108,10433],[1.0,1.0,1.0,1.0,1.0,1.0,1.0]
10746,[975,4947,5604,6533,8041,8602],[1.0,1.0,1.0,1.0,1.0,1.0]
10746,[3496,3890,3892,4355,5537,5578,8280,9528],[1.0,1.0,1.0,1.0,1.0,1.0,1.0,1.0]
10746,[2386,3496,3890,4534,4804,5328,5440,6354,6533],[1.0,1.0,1.0,1.0,1.0,1.0,1.0,1.0,1.0]
10746,[2012,2455,2873,5440,5524,7325,9289,9453],[1.0,1.0,1.0,1.0,1.0,1.0,1.0,1.0]
10746,[14,218,3528,4611,4841,5440,6533,10222],[1.0,1.0,1.0,1.0,1.0,1.0,1.0,1.0]
10746,[14,1255,3182,4526,5604,9816],[1.0,1.0,1.0,1.0,1.0,1.0]
10746,[506,3741,5505,5700,6533,7617],[1.0,1.0,1.0,1.0,1.0,1.0]
10746,[1766,1817,4191,6185,6533,7384,7718,7890,8041],[1.0,1.0,1.0,1.0,1.0,1.0,1.0,1.0,1.0]
10746,[51,1817,1861,3532,4405,4718,5310,7316,7890],[1.0,1.0,1.0,1.0,1.0,1.0,1.0,1.0,1.0]
10746,[844,956,1861,2799,3257,3725,6533],[1.0,1.0,1.0,1.0,1.0,1.0,1.0]
10746,[2182,3082,4405,6257,7382,7623,9338,9989,10690],[1.0,1.0,1.0,1.0,1.0,1.0,1.0,1.0,1.0]
10746,[290,747,806,1693,4332,4893,5440,8595,10734],[1.0,1.0,1.0,1.0,1.0,1.0,1.0,1.0,1.0]
10746,[1099,1618,3304,4209,4386,6616],[1.0,1.0,1.0,1.0,1.0,1.0]
10746,[1457,1693,5089,5564,7338,7623],[1.0,1.0,1.0,1.0,1.0,1.0]
10746,[896,1525,2659,4193,7094,9726],[1.0,1.0,1.0,1.0,1.0,1.0]
10746,[1766,3741,4205,4611,4921,6383,6533,7617],[1.0,1.0,1.0,1.0,1.0,1.0,1.0,1.0]
10746,[956,1953,3545,5410,8041,9237,9485,10222],[1.0,1.0,1.0,1.0,1.0,1.0,1.0,1.0]
10746,[14,4205,10345],[1.0,1.0,1.0]
