10746,[39,3844,4440,6131,6753,8635,10201],[1.0,1.0,1.0,1.0,1.0,1.0,1.0]
10746,[213,1237,2518,4055,4778,5017,7463,9865,10152,10360],[1.0,1.0,1.0,1.0,1.0,1.0,1.0,1.0,1.0,1.0]
10746,[242,2013,3844,5201,6557,8540,8751,8779,9491],[1.0,1.0,1.0,1.0,1.0,1.0,1.0,1.0,1.0]
10746,[758,936,2162,3433,6279,6872,9289],[1.0,1.0,1.0,1.0,1.0,1.0,1.0]
10746,[92,1099,4389,4833,7105,7768,8114],[1.0,1.0,1.0,1.0,1.0,1.0,1.0]
10746,[92,432,1255,3848,4102,4239,7757,8041,9708,9896],[1.0,1.0,1.0,1.0,1.0,1.0,1.0,1.0,1.0,1.0]
10746,[2733,3094,6371,6457,8677,9528,10327,10743],[1.0,1.0,1.0,1.0,1.0,1.0,1.0,1.0]
10746,[2354,2899,3321,4223,7211,8582,8601,9289,9462],[1.0,1.0,1.0,1.0,1.0,1.0,1.0,1.0,1.0]
10746,[844,2618,3627,4869,5519,6872,9364],[1.0,1.0,1.0,1.0,1.0,1.0,1.0]
10746,[250,1246,3249,3751,4801,5167,8073,9461,10433],[1.0,1.0,1.0,1.0,1.0,1.0,1.0,1.0,1.0]
10746,[822,844,2162,5267,6872,7506,9364],[1.0,1.0,1.0,1.0,1.0,1.0,1.0]
10746,[822,2493,3257,3627,4217,4223,4332,8493,9461],[1.0,1.0,1.0,1.0,1.0,1.0,1.0,1.0,1.0]
10746,[758,822,844,3627,3741,4223,6872,7207,9289,9575],[1.0,1.0,1.0,1.0,1.0,1.0,1.0,1.0,1.0,1.0]
10746,[3257,5294,5325,6035,9399,9461,10617],[1.0,1.0,1.0,1.0,1.0,1.0,1.0]
10746,[3627,4066,4223,7165,7423,9851,10003],[1.0,1.0,1.0,1.0,1.0,1.0,1.0]
10746,[758,1558,5142,5238,5595,6383,9364,9708,10433],[1.0,1.0,1.0,1.0,1.0,1.0,1.0,1.0,1.0]
10746,[245,961,1421,2018,3627,8280],[1.0,1.0,1.0,1.0,1.0,1.0]
10746,[637,1665,1706,3089,3651,3741,3925,4217,9465],[1.0,1.0,1.0,1.0,1.0,1.0,1.0,1.0,1.0]
10746,[436,758,1558,2455,5885,6341,6383,6872,10621],[1.0,1.0,1.0,1.0,1.0,1.0,1.0,1.0,1.0]
10746,[2916,3925,6341,6753,8509,9399,10419],[1.0,1.0,1.0,1.0,1.0,1.0,1.0]
