10746,[2200,3277,4440,4686,5090,5845,9491,9996],[1.0,1.0,1.0,1.0,1.0,1.0,1.0,1.0]
10746,[121,213,2518,3277,4778,5820,7937,9433,10152,10360],[1.0,1.0,1.0,1.0,1.0,1.0,1.0,1.0,1.0,1.0]
10746,[1175,1317,2200,2953,3277,3422,9130,9491,9996,10463],[1.0,1.0,1.0,1.0,1.0,1.0,1.0,1.0,1.0,1.0]
10746,[936,1317,2200,3277,5090,5279,9113,9491,10463,10658],[1.0,1.0,1.0,1.0,1.0,1.0,1.0,1.0,1.0,1.0]
10746,[936,1175,2953,3277,3422,5090,5845,9491,9996,10463],[1.0,1.0,1.0,1.0,1.0,1.0,1.0,1.0,1.0,1.0]
10746,[936,1317,3277,5279,9113,9130,9491,10463,10658],[1.0,1.0,1.0,1.0,1.0,1.0,1.0,1.0,1.0]
10746,[936,2200,3277,5090,5783,5845,9491,9996],[1.0,1.0,1.0,1.0,1.0,1.0,1.0,1.0]
10746,[447,700,2206,2410,2418,3741,8114,10539],[1.0,1.0,1.0,1.0,1.0,1.0,1.0,1.0]
10746,[151,2916,4518,4649,5146,7317,8227,9289,9882,10433],[1.0,1.0,1.0,1.0,1.0,1.0,1.0,1.0,1.0,1.0]
10746,[243,4258,4332,4649,7379,8860,9147,10206],[1.0,1.0,1.0,1.0,1.0,1.0,1.0,1.0]
10746,[3022,4379,4420,4649,4804,6002,7205,8554,9708],[1.0,1.0,1.0,1.0,1.0,1.0,1.0,1.0,1.0]
10746,[1099,1990,2389,3089,6679,6886,8455,8903],[1.0,1.0,1.0,1.0,1.0,1.0,1.0,1.0]
10746,[1436,3106,3965,4611,5351,6295,6426,8476],[1.0,1.0,1.0,1.0,1.0,1.0,1.0,1.0]
10746,[902,2455,6901,7982,9572,10419],[1.0,1.0,1.0,1.0,1.0,1.0]
10746,[143,1535,2490,4534,5820,5983,6295],[1.0,1.0,1.0,1.0,1.0,1.0,1.0]
10746,[464,1237,1706,2530,5146,6590],[1.0,1.0,1.0,1.0,1.0,1.0]
10746,[463,3754,4405,5146,5673,6047,10182],[1.0,1.0,1.0,1.0,1.0,1.0,1.0]
10746,[1829,5146,6125,8041,8114,9270,9289,9909,10182],[1.0,1.0,1.0,1.0,1.0,1.0,1.0,1.0,1.0]
10746,[55,784,2238,4405,4641,5320,5328,6125,8878,9289],[1.0,1.0,1.0,1.0,1.0,1.0,1.0,1.0,1.0,1.0]
10746,[55,860,1535,4217,5592,7718,8191,10621],[1.0,1.0,1.0,1.0,1.0,1.0,1.0,1.0]
10746,[1542,3754,4405,5328,7218,10621],[1.0,1.0,1.0,1.0,1.0,1.0]
10746,[2916,3619,3668,4343,5214,7699,10425],[1.0,1.0,1.0,1.0,1.0,1.0,1.0]
10746,[1,463,956,1099,3022,5633,8878,9453],[1.0,1.0,1.0,1.0,1.0,1.0,1.0,1.0]
10746,[758,1141,1954,7218,8878,9453,9851],[1.0,1.0,1.0,1.0,1.0,1.0,1.0]
10746,[751,1050,2916,3022,5146,8554,10182,10203,10277,10419],[1.0,1.0,1.0,1.0,1.0,1.0,1.0,1.0,1.0,1.0]
10746,[143,5845],[1.0,1.0]
