10746,[1652,2785,3093,3993,4677,5486,10360,10731],[1.0,1.0,1.0,1.0,1.0,1.0,1.0,1.0]
10746,[207,213,1513,4440,5737,6547,7937,8444,9161],[1.0,1.0,1.0,1.0,1.0,1.0,1.0,1.0,1.0]
10746,[1513,4953,7990,8444,9161,10067,10463],[1.0,1.0,1.0,1.0,1.0,1.0,1.0]
10746,[1291,4615,4704,5441,6167,6396,8773,9000,9209,9491],[1.0,1.0,1.0,1.0,1.0,1.0,1.0,1.0,1.0,1.0]
10746,[3528,4858,5596,5737,6547,6956,10082,10621],[1.0,1.0,1.0,1.0,1.0,1.0,1.0,1.0]
10746,[58,207,758,896,2530,4534,8614],[1.0,1.0,1.0,1.0,1.0,1.0,1.0]
10746,[758,2493,3741,8673,8903,9273,9365,10627],[1.0,1.0,1.0,1.0,1.0,1.0,1.0,1.0]
10746,[758,5928,8615,9273,10508,10621,10627],[1.0,1.0,1.0,1.0,1.0,1.0,1.0]
10746,[736,902,1776,2530,5181,6229,8673,10627],[1.0,1.0,1.0,1.0,1.0,1.0,1.0,1.0]
10746,[1770,2185,2323,4649,5075,6887,8228,9176],[1.0,1.0,1.0,1.0,1.0,1.0,1.0,1.0]
10746,[191,896,2123,2364,3391,4378,5146,7165,9073],[1.0,1.0,1.0,1.0,1.0,1.0,1.0,1.0,1.0]
10746,[1237,2727,2728,3549,4066,5059,9049,9237,10203],[1.0,1.0,1.0,1.0,1.0,1.0,1.0,1.0,1.0]
10746,[1634,3192,4649,7165,7654,8032,9049,9073],[1.0,1.0,1.0,1.0,1.0,1.0,1.0,1.0]
10746,[3092,3651,5226,7515,8114,8952,9249,9953],[1.0,1.0,1.0,1.0,1.0,1.0,1.0,1.0]
10746,[956,2443,4795,4927,5528,5804,6335,8582,9851],[1.0,1.0,1.0,1.0,1.0,1.0,1.0,1.0,1.0]
10746,[3076,3373,3741,3890,4066,6941,7826,8904],[1.0,1.0,1.0,1.0,1.0,1.0,1.0,1.0]
10746,[869,2014,5192,8228,8673,9289,9632],[1.0,1.0,1.0,1.0,1.0,1.0,1.0]
10746,[729,869,1116,2854,5492,7923,8228,9270],[1.0,1.0,1.0,1.0,1.0,1.0,1.0,1.0]
10746,[640,1706,3965,4801,5808,8690,9176],[1.0,1.0,1.0,1.0,1.0,1.0,1.0]
10746,[25,1156,2472,2530,2618,5580,9106,10233],[1.0,1.0,1.0,1.0,1.0,1.0,1.0,1.0]
10746,[25,2472,2530,5580,8114],[1.0,1.0,1.0,1.0,1.0]
10746,[902,1706,2240,2975,5641,6047,6533,6580],[1.0,1.0,1.0,1.0,1.0,1.0,1.0,1.0]
10746,[2493,4833,5020,7074,8386,8620,8729],[1.0,1.0,1.0,1.0,1.0,1.0,1.0]
10746,[365,1255,1673,3969,4042,5710,7548,8386,9528],[1.0,1.0,1.0,1.0,1.0,1.0,1.0,1.0,1.0]
10746,[55,1673,7039,8170,8280],[1.0,1.0,1.0,1.0,1.0]
10746,[1255,1673,2114,3257,3545,3839,9841,10433],[1.0,1.0,1.0,1.0,1.0,1.0,1.0,1.0]
10746,[3514,3741,5391,8041,9290,10068,10621],[1.0,1.0,1.0,1.0,1.0,1.0,1.0]
10746,[1237,2472,2530,2799,6335,9851,10068],[1.0,1.0,1.0,1.0,1.0,1.0,1.0]
10746,[416,1291,4632,5181,5710,7929,9851,10068,10621],[1.0,1.0,1.0,1.0,1.0,1.0,1.0,1.0,1.0]
10746,[25,2799,4213,5580,5710,8398,10617],[1.0,1.0,1.0,1.0,1.0,1.0,1.0]
10746,[1948,1963,2070,5179,8481,9000,10621],[1.0,1.0,1.0,1.0,1.0,1.0,1.0]
10746,[2963,5710,6172,7390,7606,8114,8630,8729,9270],[1.0,1.0,1.0,1.0,1.0,1.0,1.0,1.0,1.0]
10746,[25,1291,2455,4632,5580,5710,10170],[1.0,1.0,1.0,1.0,1.0,1.0,1.0]
10746,[25,1144,2519,4611,5580,5710,5928,9270],[1.0,1.0,1.0,1.0,1.0,1.0,1.0,1.0]
10746,[441,766,2519,2530,3962,4321,8348,8991,10188],[1.0,1.0,1.0,1.0,1.0,1.0,1.0,1.0,1.0]
10746,[902,2530,2799,3257,8475,9420],[1.0,1.0,1.0,1.0,1.0,1.0]
10746,[35,1195,5142,5710,6341,8885,9273],[1.0,1.0,1.0,1.0,1.0,1.0,1.0]
10746,[35,3018,3768,5154,5710,6335,9851],[1.0,1.0,1.0,1.0,1.0,1.0,1.0]
10746,[2530,3586,5710,7165,10108,10634],[1.0,1.0,1.0,1.0,1.0,1.0]
10746,[902,2493,3318,4191,4217,9632,10108],[1.0,1.0,1.0,1.0,1.0,1.0,1.0]
10746,[14,1326,1653,2123,2530,3426,4258,9851],[1.0,1.0,1.0,1.0,1.0,1.0,1.0,1.0]
10746,[852,1225,1574,2711,3669,6471,6913,9968],[1.0,1.0,1.0,1.0,1.0,1.0,1.0,1.0]
10746,[1326,2493,6394,7379,9029,9569,9851],[1.0,1.0,1.0,1.0,1.0,1.0,1.0]
10746,[1706,4434,4520,7218,10645],[1.0,1.0,1.0,1.0,1.0]
10746,[357,902,2582,4217,7017,10082,10433],[1.0,1.0,1.0,1.0,1.0,1.0,1.0]
10746,[1154,1673,1903,2425,3523,5710,6952,8170],[1.0,1.0,1.0,1.0,1.0,1.0,1.0,1.0]
10746,[35,1275,2530,5737,9831],[1.0,1.0,1.0,1.0,1.0]
10746,[35,1837,2673,5641,5737,7276],[1.0,1.0,1.0,1.0,1.0,1.0]
10746,[245,2240,3514,3813,4534,4552,4649,9420],[1.0,1.0,1.0,1.0,1.0,1.0,1.0,1.0]
10746,[144,519,747,902,1036,1837,2493,7480,7896,8630],[1.0,1.0,1.0,1.0,1.0,1.0,1.0,1.0,1.0,1.0]
10746,[35,956,2530,3649,3677,8102,9315],[1.0,1.0,1.0,1.0,1.0,1.0,1.0]
10746,[2530,3783,4074,4425,7699,8162,8630,10199],[1.0,1.0,1.0,1.0,1.0,1.0,1.0,1.0]
10746,[1548,1837,3649,8102,8630,9315,9555,9882,9950,10261],[1.0,1.0,1.0,1.0,1.0,1.0,1.0,1.0,1.0,1.0]
10746,[1255,2530,4771,5332,5885,5928,6080,7649],[1.0,1.0,1.0,1.0,1.0,1.0,1.0,1.0]
10746,[1588,3515,3768,5928,6080,6414,7423,9365,10734],[1.0,1.0,1.0,1.0,1.0,1.0,1.0,1.0,1.0]
10746,[1881,2079,2530,3089,3708,5928,6080,9364,10734],[1.0,1.0,1.0,1.0,1.0,1.0,1.0,1.0,1.0]
10746,[1726,2079,2530,3515,4321,10222],[1.0,1.0,1.0,1.0,1.0,1.0]
10746,[729,956,2079,2206,2530,3515,4074,8630],[1.0,1.0,1.0,1.0,1.0,1.0,1.0,1.0]
10746,[280,902,1588,2530,3515,5062,5885,7218,8729],[1.0,1.0,1.0,1.0,1.0,1.0,1.0,1.0,1.0]
10746,[1054,2530,3089,3375,4074,5885,8630,8690],[1.0,1.0,1.0,1.0,1.0,1.0,1.0,1.0]
10746,[365,902,5181,5815,6650,9523,10621],[1.0,1.0,1.0,1.0,1.0,1.0,1.0]
10746,[661,896,3545,3962,4042,5820,5985,6080,9365],[1.0,1.0,1.0,1.0,1.0,1.0,1.0,1.0,1.0]
10746,[204,262,6948,9084,9523,10398,10621],[1.0,1.0,1.0,1.0,1.0,1.0,1.0]
10746,[501,1224,1706,2472,2493,2530,4139,4998,8595,9290],[1.0,1.0,1.0,1.0,1.0,1.0,1.0,1.0,1.0,1.0]
10746,[143,4239,5804,7390,7826,9723],[1.0,1.0,1.0,1.0,1.0,1.0]
10746,[51,1237,3545,4795,5885,6080,9365,10419,10621],[1.0,1.0,1.0,1.0,1.0,1.0,1.0,1.0,1.0]
10746,[2455,4066,4239,6229,7218,9407,9538,10419],[1.0,1.0,1.0,1.0,1.0,1.0,1.0,1.0]
10746,[956,1532,4474,4795,5804,7084,8558,8630,10578],[1.0,1.0,1.0,1.0,1.0,1.0,1.0,1.0,1.0]
10746,[2493,3257,3545,3547,4228,5641,8554,8595,10433],[1.0,1.0,1.0,1.0,1.0,1.0,1.0,1.0,1.0]
10746,[1237,1706,4405,5592,6080,8595,8904,9831],[1.0,1.0,1.0,1.0,1.0,1.0,1.0,1.0]
10746,[217,357,1237,4066,7084,7218,9365],[1.0,1.0,1.0,1.0,1.0,1.0,1.0]
10746,[357,6080,7007,7105,9365],[1.0,1.0,1.0,1.0,1.0]
10746,[1634,1920,1983,2664,4065,4848,5820,8033,9270],[1.0,1.0,1.0,1.0,1.0,1.0,1.0,1.0,1.0]
10746,[1706,3093,3741,5641,7572,9625,10631],[1.0,1.0,1.0,1.0,1.0,1.0,1.0]
