10746,[39,3695,3844,4440,6131,6753,10201],[1.0,1.0,1.0,1.0,1.0,1.0,1.0]
10746,[213,1237,4055,4778,5017,7463,8635,9632,9865,10360],[1.0,1.0,1.0,1.0,1.0,1.0,1.0,1.0,1.0,1.0]
10746,[2200,2518,3277,3844,5090,8540,9491,9996,10152],[1.0,1.0,1.0,1.0,1.0,1.0,1.0,1.0,1.0]
10746,[869,936,3473,3661,4362,5090,5845,9851,9903],[1.0,1.0,1.0,1.0,1.0,1.0,1.0,1.0,1.0]
10746,[3941,5146,5309,6761,8114,10185,10459],[1.0,1.0,1.0,1.0,1.0,1.0,1.0]
10746,[2310,3695,5471,5670,7843,9298,10682],[1.0,1.0,1.0,1.0,1.0,1.0,1.0]
10746,[1073,1438,2474,3545,4611,4953,5178,9632],[1.0,1.0,1.0,1.0,1.0,1.0,1.0,1.0]
10746,[2075,2123,3442,4362,4888,5885,9213,9851],[1.0,1.0,1.0,1.0,1.0,1.0,1.0,1.0]
10746,[869,2260,3547,4362,7213,9361],[1.0,1.0,1.0,1.0,1.0,1.0]
10746,[4934,5803,6603,6819,9290,9361,10327],[1.0,1.0,1.0,1.0,1.0,1.0,1.0]
10746,[1516,3695,4217,4534,6451,6556,7117,8055,8461,9845],[1.0,1.0,1.0,1.0,1.0,1.0,1.0,1.0,1.0,1.0]
10746,[1275,2251,3695,4606,5471,6753,8114],[1.0,1.0,1.0,1.0,1.0,1.0,1.0]
