10746,[1870,2845,3788,4440,5737,6547,7011,9491],[1.0,1.0,1.0,1.0,1.0,1.0,1.0,1.0]
10746,[207,213,1296,1431,1513,3579,7937,8444,10360,10463],[1.0,1.0,1.0,1.0,1.0,1.0,1.0,1.0,1.0,1.0]
10746,[1513,4953,7990,8773,9000,9161,10067],[1.0,1.0,1.0,1.0,1.0,1.0,1.0]
10746,[207,1948,3089,5440,5737,6098,6547,7074,9270],[1.0,1.0,1.0,1.0,1.0,1.0,1.0,1.0,1.0]
10746,[1700,1903,2530,3677,4234,4631,9972],[1.0,1.0,1.0,1.0,1.0,1.0,1.0]
10746,[35,896,1903,2530,4692,5737],[1.0,1.0,1.0,1.0,1.0,1.0]
10746,[35,1275,1837,5737,7276,9831],[1.0,1.0,1.0,1.0,1.0,1.0]
10746,[2240,2673,3813,4534,4552,4649,5641],[1.0,1.0,1.0,1.0,1.0,1.0,1.0]
10746,[245,1291,2493,3514,9078,9420],[1.0,1.0,1.0,1.0,1.0,1.0]
10746,[705,3111,3768,4405,6047,8476,9407,9420],[1.0,1.0,1.0,1.0,1.0,1.0,1.0,1.0]
10746,[1340,1444,1983,4636,8077,8614,9120,9553,10433],[1.0,1.0,1.0,1.0,1.0,1.0,1.0,1.0,1.0]
10746,[245,2449,3426,5050,6938,8006,10627,10716],[1.0,1.0,1.0,1.0,1.0,1.0,1.0,1.0]
10746,[191,705,1870,2845,3768,3788,4576,7011,8092],[1.0,1.0,1.0,1.0,1.0,1.0,1.0,1.0,1.0]
10746,[1128,1479,1760,6597,9491,10041],[1.0,1.0,1.0,1.0,1.0,1.0]
