10746,[1211,2530,3081,3999,4440,6453,10394],[1.0,1.0,1.0,1.0,1.0,1.0,1.0]
10746,[175,1344,1503,1652,2245,6689,9632,9972,10360],[1.0,1.0,1.0,1.0,1.0,1.0,1.0,1.0,1.0]
10746,[213,2518,3999,4483,4778,5820,7937,7991,10152,10394],[1.0,1.0,1.0,1.0,1.0,1.0,1.0,1.0,1.0,1.0]
10746,[1853,3450,3608,9305,9491,10463],[1.0,1.0,1.0,1.0,1.0,1.0]
10746,[936,1720,2530,7506,8842,8917,8928,9379,9491,10621],[1.0,1.0,1.0,1.0,1.0,1.0,1.0,1.0,1.0,1.0]
10746,[2443,4240,4260,4534,4576,5181,5836,6360,9632],[1.0,1.0,1.0,1.0,1.0,1.0,1.0,1.0,1.0]
10746,[1318,1535,2406,2710,3286,5204,6536,9595,9611],[1.0,1.0,1.0,1.0,1.0,1.0,1.0,1.0,1.0]
10746,[1706,4520,4833,4962,5480,8114,9450,10001],[1.0,1.0,1.0,1.0,1.0,1.0,1.0,1.0]
10746,[1255,2123,2493,4589,9420,10638],[1.0,1.0,1.0,1.0,1.0,1.0]
10746,[51,417,1141,1745,3586,3899,4405,8114,8280],[1.0,1.0,1.0,1.0,1.0,1.0,1.0,1.0,1.0]
10746,[3601,4405,4576,5343,8476,10222,10445],[1.0,1.0,1.0,1.0,1.0,1.0,1.0]
10746,[14,1910,2493,3257,4066,4113,4405,10445],[1.0,1.0,1.0,1.0,1.0,1.0,1.0,1.0]
10746,[14,3364,4576,5100,8114,9420,10222,10445],[1.0,1.0,1.0,1.0,1.0,1.0,1.0,1.0]
10746,[902,1411,3071,4645,6690,7843,9002,9841],[1.0,1.0,1.0,1.0,1.0,1.0,1.0,1.0]
10746,[902,3298,3783,3919,4217,7317,9002,10082],[1.0,1.0,1.0,1.0,1.0,1.0,1.0,1.0]
10746,[0,251,902,4191,5983,8004,8114,10543],[1.0,1.0,1.0,1.0,1.0,1.0,1.0,1.0]
10746,[14,3364,3545,3863,5978,8114,9420,10057,10621],[1.0,1.0,1.0,1.0,1.0,1.0,1.0,1.0,1.0]
10746,[14,777,1411,1910,7055,9002,10222],[1.0,1.0,1.0,1.0,1.0,1.0,1.0]
10746,[869,4405,5637,5741,6080,7105,7842,9002,9632,10621],[1.0,1.0,1.0,1.0,1.0,1.0,1.0,1.0,1.0,1.0]
10746,[896,1098,2530,4113,7079,7379,7421,9289,9841,10093],[1.0,1.0,1.0,1.0,1.0,1.0,1.0,1.0,1.0,1.0]
10746,[2485,3528,5836,8480,9611,10057],[1.0,1.0,1.0,1.0,1.0,1.0]
10746,[1535,2070,2111,3046,3528,7842,9375],[1.0,1.0,1.0,1.0,1.0,1.0,1.0]
10746,[1683,3528,5480,5662,6536,7842,9632],[1.0,1.0,1.0,1.0,1.0,1.0,1.0]
10746,[1292,1557,2530,2618,6603,8576,8714,9031,9625],[1.0,1.0,1.0,1.0,1.0,1.0,1.0,1.0,1.0]
10746,[551,1255,2530,2618,3216,6781,7842,8440,9433],[1.0,1.0,1.0,1.0,1.0,1.0,1.0,1.0,1.0]
10746,[1005,2079,2708,4058,6237,7394,9289,10433],[1.0,1.0,1.0,1.0,1.0,1.0,1.0,1.0]
10746,[417,1005,1364,2530,6426,6603,7384,9625,9632],[1.0,1.0,1.0,1.0,1.0,1.0,1.0,1.0,1.0]
10746,[1005,2325,4058,5563,6237,8114,8714,9632],[1.0,1.0,1.0,1.0,1.0,1.0,1.0,1.0]
10746,[746,1420,4552,5877,8050,8928,9706,10057],[1.0,1.0,1.0,1.0,1.0,1.0,1.0,1.0]
10746,[2382,5815,6050,6244,6353,8991,9312,9523],[1.0,1.0,1.0,1.0,1.0,1.0,1.0,1.0]
10746,[626,680,2455,3651,5836,10057,10068,10419],[1.0,1.0,1.0,1.0,1.0,1.0,1.0,1.0]
10746,[520,1220,2455,2799,4405,9378,10068,10419,10433],[1.0,1.0,1.0,1.0,1.0,1.0,1.0,1.0,1.0]
10746,[902,1255,3516,6341,9420,9744,10433],[1.0,1.0,1.0,1.0,1.0,1.0,1.0]
10746,[198,956,3216,5836,6080,7580,8480,8554,8729,10057],[1.0,1.0,1.0,1.0,1.0,1.0,1.0,1.0,1.0,1.0]
10746,[2074,2354,3949,4888,7466,8398,9188,9460,10621],[1.0,1.0,1.0,1.0,1.0,1.0,1.0,1.0,1.0]
10746,[2455,3584,5836,6080,8041,9312,9925,10057],[1.0,1.0,1.0,1.0,1.0,1.0,1.0,1.0]
10746,[626,2040,3366,3438,5641,7122,7423,8041,9691],[1.0,1.0,1.0,1.0,1.0,1.0,1.0,1.0,1.0]
10746,[766,1647,3216,3584,6534,8307,8463,9002],[1.0,1.0,1.0,1.0,1.0,1.0,1.0,1.0]
10746,[55,2455,3755,4472,6244,6285,7748,9002,9464],[1.0,1.0,1.0,1.0,1.0,1.0,1.0,1.0,1.0]
10746,[1647,2126,5628,6534,7187,7734,9043,9292,9635],[1.0,1.0,1.0,1.0,1.0,1.0,1.0,1.0,1.0]
10746,[2493,2737,3753,4113,7649,9844,9851,9965],[1.0,1.0,1.0,1.0,1.0,1.0,1.0,1.0]
10746,[514,2415,2737,8114,8554,9486,9648,9844],[1.0,1.0,1.0,1.0,1.0,1.0,1.0,1.0]
10746,[2182,3960,4671,5044,6690,6985,8707,9002,9460],[1.0,1.0,1.0,1.0,1.0,1.0,1.0,1.0,1.0]
10746,[869,3426,6211,7117,7205,8114,9407],[1.0,1.0,1.0,1.0,1.0,1.0,1.0]
10746,[1222,4611,5069,5219,5885,8073,8630,8954],[1.0,1.0,1.0,1.0,1.0,1.0,1.0,1.0]
10746,[3426,3741,4217,6244,6773,8114,9002,9379],[1.0,1.0,1.0,1.0,1.0,1.0,1.0,1.0]
10746,[26,1448,1680,2305,4217,4611,8554,10419],[1.0,1.0,1.0,1.0,1.0,1.0,1.0,1.0]
10746,[589,1411,3216,4611,5317,5991,7649,10082,10433],[1.0,1.0,1.0,1.0,1.0,1.0,1.0,1.0,1.0]
10746,[746,1641,2982,4857,5044,8801,9460,9672],[1.0,1.0,1.0,1.0,1.0,1.0,1.0,1.0]
10746,[589,3216,6578,7379,9853,10327,10491],[1.0,1.0,1.0,1.0,1.0,1.0,1.0]
10746,[747,1904,2493,3192,8114,8920,10558,10621],[1.0,1.0,1.0,1.0,1.0,1.0,1.0,1.0]
10746,[26,862,1276,2070,4671,5343,7079,8554,10445],[1.0,1.0,1.0,1.0,1.0,1.0,1.0,1.0,1.0]
10746,[1185,1420,2404,5044,7307,8370,10057],[1.0,1.0,1.0,1.0,1.0,1.0,1.0]
10746,[3089,4113,6167,7323,8050,8928,9458,10543],[1.0,1.0,1.0,1.0,1.0,1.0,1.0,1.0]
10746,[172,3654,4929,8480,10082,10093],[1.0,1.0,1.0,1.0,1.0,1.0]
10746,[2290,3216,3850,4058,4602,8463,8554,9002,10433],[1.0,1.0,1.0,1.0,1.0,1.0,1.0,1.0,1.0]
10746,[1099,1255,3514,4113,4732,8463,8582,8928],[1.0,1.0,1.0,1.0,1.0,1.0,1.0,1.0]
10746,[26,2708,3216,6026,7390,7929,8307,8541,8928],[1.0,1.0,1.0,1.0,1.0,1.0,1.0,1.0,1.0]
10746,[1238,3586,4502,4534,6172,7079,7209,7423,7502,9851],[1.0,1.0,1.0,1.0,1.0,1.0,1.0,1.0,1.0,1.0]
10746,[14,567,1097,1535,2257,2530,4393,5142],[1.0,1.0,1.0,1.0,1.0,1.0,1.0,1.0]
10746,[2530,5564,6605,8929,9632],[1.0,1.0,1.0,1.0,1.0]
10746,[822,869,1099,2398,3741,4058,7209,9632,9692],[1.0,1.0,1.0,1.0,1.0,1.0,1.0,1.0,1.0]
10746,[869,2530,4102,5604,7209,7423,7427],[1.0,1.0,1.0,1.0,1.0,1.0,1.0]
10746,[869,1099,1238,5538,5876,6605,7842,10426],[1.0,1.0,1.0,1.0,1.0,1.0,1.0,1.0]
10746,[1099,2618,2723,3216,4149,6172,8463,8928],[1.0,1.0,1.0,1.0,1.0,1.0,1.0,1.0]
10746,[245,1887,2455,5954,6330,8114,10182,10419],[1.0,1.0,1.0,1.0,1.0,1.0,1.0,1.0]
10746,[1255,2087,2530,3426,4058,6047,8476,9002],[1.0,1.0,1.0,1.0,1.0,1.0,1.0,1.0]
10746,[175,1099,3528,4190,7030,7202,9002,10522],[1.0,1.0,1.0,1.0,1.0,1.0,1.0,1.0]
10746,[2498,2530,2708,6603,8185,8714,9595,9625,10056,10621],[1.0,1.0,1.0,1.0,1.0,1.0,1.0,1.0,1.0,1.0]
10746,[4888,5452,7877,8480,9611,10093],[1.0,1.0,1.0,1.0,1.0,1.0]
10746,[822,869,1099,2423,2485,2492,7384,8480,8578],[1.0,1.0,1.0,1.0,1.0,1.0,1.0,1.0,1.0]
10746,[514,822,3755,4502,6341,6388,8480,9611],[1.0,1.0,1.0,1.0,1.0,1.0,1.0,1.0]
10746,[822,1653,2530,6540,7105,8280,8679,8917,9298],[1.0,1.0,1.0,1.0,1.0,1.0,1.0,1.0,1.0]
10746,[1255,1561,2151,4617,5065,9082,9406,10185,10209],[1.0,1.0,1.0,1.0,1.0,1.0,1.0,1.0,1.0]
10746,[1712,3303,3528,5098,8114,8480,10057,10082],[1.0,1.0,1.0,1.0,1.0,1.0,1.0,1.0]
10746,[1099,2067,2874,2989,3119,7379,7506,8476,9256],[1.0,1.0,1.0,1.0,1.0,1.0,1.0,1.0,1.0]
10746,[2530,2866,2989,4671,5069,8578,9632],[1.0,1.0,1.0,1.0,1.0,1.0,1.0]
10746,[822,1364,3545,3768,5683,7379,8537,8917],[1.0,1.0,1.0,1.0,1.0,1.0,1.0,1.0]
10746,[2123,2404,2530,2618,4202,5653,6872,8114],[1.0,1.0,1.0,1.0,1.0,1.0,1.0,1.0]
10746,[143,902,1785,5480,6819,8729,9290,9460,9632],[1.0,1.0,1.0,1.0,1.0,1.0,1.0,1.0,1.0]
10746,[2156,5954,7105,8114,9420,9534],[1.0,1.0,1.0,1.0,1.0,1.0]
10746,[902,2447,3192,3850,6453,7610,8590,9382,9595],[1.0,1.0,1.0,1.0,1.0,1.0,1.0,1.0,1.0]
10746,[1652,1948,2771,3081,3257,7857],[1.0,1.0,1.0,1.0,1.0,1.0]
10746,[1503,3081,3999,6626,10394],[1.0,1.0,1.0,1.0,1.0]
