10746,[1310,2798,3974,4213,4440,5293,7384,9491,10127],[1.0,1.0,1.0,1.0,1.0,1.0,1.0,1.0,1.0]
10746,[2798,3006,3974,4902,5293,9033,9491,10127,10360,10362],[1.0,1.0,1.0,1.0,1.0,1.0,1.0,1.0,1.0,1.0]
10746,[213,936,2272,2876,3642,5514,7101,7381,10463],[1.0,1.0,1.0,1.0,1.0,1.0,1.0,1.0,1.0]
10746,[936,1113,1316,5146,5514,6366],[1.0,1.0,1.0,1.0,1.0,1.0]
10746,[560,2455,2593,3586,6222,6689,7432,8234],[1.0,1.0,1.0,1.0,1.0,1.0,1.0,1.0]
10746,[56,4349,4614,7918,7942,9596,10459],[1.0,1.0,1.0,1.0,1.0,1.0,1.0]
10746,[2133,2802,3731,7142,7291,9348],[1.0,1.0,1.0,1.0,1.0,1.0]
10746,[209,1247,3731,4080,4141,7291,10232],[1.0,1.0,1.0,1.0,1.0,1.0,1.0]
10746,[583,838,3731,7194,7643,7826,8649],[1.0,1.0,1.0,1.0,1.0,1.0,1.0]
10746,[1339,2582,4268,4686,8071,8713,9201],[1.0,1.0,1.0,1.0,1.0,1.0,1.0]
10746,[1233,2588,2898,4686,4909,5351,6886,9787],[1.0,1.0,1.0,1.0,1.0,1.0,1.0,1.0]
10746,[560,1706,3322,5946,6229,7194,7918,8876],[1.0,1.0,1.0,1.0,1.0,1.0,1.0,1.0]
10746,[3094,4217,8903,10327,10536],[1.0,1.0,1.0,1.0,1.0]
10746,[3339,4217,6335,8519,8582,9851,10068,10621],[1.0,1.0,1.0,1.0,1.0,1.0,1.0,1.0]
10746,[172,896,7506,8903,10068,10082],[1.0,1.0,1.0,1.0,1.0,1.0]
10746,[560,1113,4479,4783,7325,7515,9460,10536],[1.0,1.0,1.0,1.0,1.0,1.0,1.0,1.0]
10746,[1990,3106,3200,3545,7266,7381,8280,8935,9748],[1.0,1.0,1.0,1.0,1.0,1.0,1.0,1.0,1.0]
10746,[2916,3318,4611,4751,5710,10056,10327,10536],[1.0,1.0,1.0,1.0,1.0,1.0,1.0,1.0]
10746,[769,956,1673,5181,6474,8070],[1.0,1.0,1.0,1.0,1.0,1.0]
10746,[700,4000,4025,5830,6447,8875,8935,9840],[1.0,1.0,1.0,1.0,1.0,1.0,1.0,1.0]
10746,[1411,3391,4217,6471,8509,10082],[1.0,1.0,1.0,1.0,1.0,1.0]
10746,[1706,2335,3741,3860,4217,4233,6065,7384,10082],[1.0,1.0,1.0,1.0,1.0,1.0,1.0,1.0,1.0]
10746,[1347,1535,2338,2447,2858,4405,4730,5911,9611],[1.0,1.0,1.0,1.0,1.0,1.0,1.0,1.0,1.0]
10746,[1639,1821,2492,3181,4809,5983,6254,9341],[1.0,1.0,1.0,1.0,1.0,1.0,1.0,1.0]
10746,[1255,3433,3586,3997,4592,4671,9407,9748,10536],[1.0,1.0,1.0,1.0,1.0,1.0,1.0,1.0,1.0]
10746,[1726,3260,4217,4671,6115,9632,10189],[1.0,1.0,1.0,1.0,1.0,1.0,1.0]
10746,[5109,5752,7480,7663,8630,9433,10350],[1.0,1.0,1.0,1.0,1.0,1.0,1.0]
10746,[902,3545,6047,6258,7843,8314,9049,10536],[1.0,1.0,1.0,1.0,1.0,1.0,1.0,1.0]
10746,[126,304,3891,4868,7649,8844,9528,10398],[1.0,1.0,1.0,1.0,1.0,1.0,1.0,1.0]
10746,[501,2022,3651,5102,7545,8586,8628,8878,10222],[1.0,1.0,1.0,1.0,1.0,1.0,1.0,1.0,1.0]
10746,[14,297,501,1960,2455,3651,4217,4225,8878],[1.0,1.0,1.0,1.0,1.0,1.0,1.0,1.0,1.0]
10746,[191,570,2441,2618,5544,7923,8729,9262],[1.0,1.0,1.0,1.0,1.0,1.0,1.0,1.0]
10746,[14,143,902,2618,3433,4225,7561],[1.0,1.0,1.0,1.0,1.0,1.0,1.0]
10746,[297,1626,1960,3651,5505,5592,7218,10139,10536],[1.0,1.0,1.0,1.0,1.0,1.0,1.0,1.0,1.0]
10746,[515,1099,3222,5592,5662,8073,9748,10536],[1.0,1.0,1.0,1.0,1.0,1.0,1.0,1.0]
10746,[121,4217,6053,7643,8090,9959,10536],[1.0,1.0,1.0,1.0,1.0,1.0,1.0]
10746,[14,297,501,1411,8224,9831,10680],[1.0,1.0,1.0,1.0,1.0,1.0,1.0]
10746,[699,956,1054,1237,3890,9441,9524],[1.0,1.0,1.0,1.0,1.0,1.0,1.0]
10746,[3075,3274,4092,6519,6873,7699,9536],[1.0,1.0,1.0,1.0,1.0,1.0,1.0]
10746,[2618,3722,3901,5080,6033,7561,9851],[1.0,1.0,1.0,1.0,1.0,1.0,1.0]
10746,[896,3545,3659,3783,7316,9146,9528,10680],[1.0,1.0,1.0,1.0,1.0,1.0,1.0,1.0]
10746,[501,1255,1954,3082,4393,6317,7288,7649,8347],[1.0,1.0,1.0,1.0,1.0,1.0,1.0,1.0,1.0]
10746,[1548,2114,2618,3514,4081,4606,7502,10433],[1.0,1.0,1.0,1.0,1.0,1.0,1.0,1.0]
10746,[2618,3441,7923,8227,8875,10082,10139,10433,10680],[1.0,1.0,1.0,1.0,1.0,1.0,1.0,1.0,1.0]
10746,[501,822,4611,4671,5146,6317,8114,8729],[1.0,1.0,1.0,1.0,1.0,1.0,1.0,1.0]
10746,[705,2455,2708,4205,5604,7120,7515,8524,9056,9748],[1.0,1.0,1.0,1.0,1.0,1.0,1.0,1.0,1.0,1.0]
10746,[902,3192,3731,4114,4611,10082,10139],[1.0,1.0,1.0,1.0,1.0,1.0,1.0]
10746,[1552,2123,3651,6638,7384,7634,10536],[1.0,1.0,1.0,1.0,1.0,1.0,1.0]
10746,[1254,1965,2493,3216,3412,5641,6366,10055],[1.0,1.0,1.0,1.0,1.0,1.0,1.0,1.0]
10746,[372,2759,3958,5293,6521,7321,7380,10127],[1.0,1.0,1.0,1.0,1.0,1.0,1.0,1.0]
