10746,[2200,3277,4440,5090,5845,8635,9491,9996],[1.0,1.0,1.0,1.0,1.0,1.0,1.0,1.0]
10746,[213,1237,2200,2518,3277,4778,5820,7937,10152,10360],[1.0,1.0,1.0,1.0,1.0,1.0,1.0,1.0,1.0,1.0]
10746,[936,3244,3277,4722,5373,9491,9996,10463],[1.0,1.0,1.0,1.0,1.0,1.0,1.0,1.0]
10746,[2632,3112,8042,9763,10325,10463],[1.0,1.0,1.0,1.0,1.0,1.0]
10746,[54,822,936,3925,4784,5210,6590,10169],[1.0,1.0,1.0,1.0,1.0,1.0,1.0,1.0]
10746,[872,2916,3426,4149,8509,9463,9619,10539],[1.0,1.0,1.0,1.0,1.0,1.0,1.0,1.0]
10746,[822,1099,2455,3549,3586,4277,4777,5210,10419],[1.0,1.0,1.0,1.0,1.0,1.0,1.0,1.0,1.0]
10746,[258,984,1128,1255,2708,5326,7154,8227,9262],[1.0,1.0,1.0,1.0,1.0,1.0,1.0,1.0,1.0]
10746,[769,844,861,1467,3719,3980,4038,4725,5294],[1.0,1.0,1.0,1.0,1.0,1.0,1.0,1.0,1.0]
10746,[258,440,2618,3257,3545,7379,8550,9379],[1.0,1.0,1.0,1.0,1.0,1.0,1.0,1.0]
10746,[1099,2176,2455,3216,3763,5420,5845,10682],[1.0,1.0,1.0,1.0,1.0,1.0,1.0,1.0]
