10746,[2200,3277,4440,5090,5845,6457,9491,9996],[1.0,1.0,1.0,1.0,1.0,1.0,1.0,1.0]
10746,[213,1237,3277,4778,5820,7937,8635,9632,9972,10360],[1.0,1.0,1.0,1.0,1.0,1.0,1.0,1.0,1.0,1.0]
10746,[2200,2518,3277,3844,5358,9491,9996,10152,10463],[1.0,1.0,1.0,1.0,1.0,1.0,1.0,1.0,1.0]
10746,[39,936,2200,3844,5090,6131,6753,10201],[1.0,1.0,1.0,1.0,1.0,1.0,1.0,1.0]
10746,[936,3277,4374,5090,5845,8073,9491,9996,10056],[1.0,1.0,1.0,1.0,1.0,1.0,1.0,1.0,1.0]
10746,[14,1155,5304,9523,9910,9972,10621],[1.0,1.0,1.0,1.0,1.0,1.0,1.0]
10746,[172,608,1094,4113,4688,7079,10671],[1.0,1.0,1.0,1.0,1.0,1.0,1.0]
10746,[1094,2916,3592,4113,4188,6770,7423,9910,10671],[1.0,1.0,1.0,1.0,1.0,1.0,1.0,1.0,1.0]
10746,[1155,2916,4374,4688,7877,9523,9972,10621],[1.0,1.0,1.0,1.0,1.0,1.0,1.0,1.0]
10746,[608,4374,4428,5304,10621],[1.0,1.0,1.0,1.0,1.0]
10746,[172,411,463,747,3862,4534,8041,10621],[1.0,1.0,1.0,1.0,1.0,1.0,1.0,1.0]
10746,[411,1411,2123,8041,9909,10539,10621],[1.0,1.0,1.0,1.0,1.0,1.0,1.0]
10746,[411,896,1066,2123,4486,6080,8486,8991,10621],[1.0,1.0,1.0,1.0,1.0,1.0,1.0,1.0,1.0]
10746,[172,747,1535,2623,3390,3862,5978,8041,8114],[1.0,1.0,1.0,1.0,1.0,1.0,1.0,1.0,1.0]
10746,[411,1340,1411,1865,8041,9270],[1.0,1.0,1.0,1.0,1.0,1.0]
10746,[956,1066,3484,3732,4191,4486,6087,8991,9625,10552],[1.0,1.0,1.0,1.0,1.0,1.0,1.0,1.0,1.0,1.0]
10746,[411,736,3010,6167,6371,8041,9534],[1.0,1.0,1.0,1.0,1.0,1.0,1.0]
10746,[1361,3528,4475,5641,8073,9270,9632],[1.0,1.0,1.0,1.0,1.0,1.0,1.0]
10746,[869,3592,6690,7384,8633,9278,9298],[1.0,1.0,1.0,1.0,1.0,1.0,1.0]
10746,[411,2627,3390,5978,7204,7643,8041,10621],[1.0,1.0,1.0,1.0,1.0,1.0,1.0,1.0]
10746,[172,747,1155,2123,2623,6053],[1.0,1.0,1.0,1.0,1.0,1.0]
10746,[3343,4405,5181,5320,6547,7390,9523,9972],[1.0,1.0,1.0,1.0,1.0,1.0,1.0,1.0]
10746,[1411,1706,2074,7122,8249,8630,8991,10056,10281],[1.0,1.0,1.0,1.0,1.0,1.0,1.0,1.0,1.0]
10746,[3835,4405,5320,6128,7923,9270,9896,9972],[1.0,1.0,1.0,1.0,1.0,1.0,1.0,1.0]
10746,[411,3224,3862,4534,5181,8041,9465,9632],[1.0,1.0,1.0,1.0,1.0,1.0,1.0,1.0]
10746,[172,747,2623,2627,3343,3390,9972,10621],[1.0,1.0,1.0,1.0,1.0,1.0,1.0,1.0]
10746,[5845],[1.0]
