10746,[835,1489,3788,4440,5664,8487,10706],[1.0,1.0,1.0,1.0,1.0,1.0,1.0]
10746,[213,1652,3993,4159,4778,5820,6383,7937,8696,10360],[1.0,1.0,1.0,1.0,1.0,1.0,1.0,1.0,1.0,1.0]
10746,[2518,4954,5664,6890,10032,10152,10463,10706],[1.0,1.0,1.0,1.0,1.0,1.0,1.0,1.0]
10746,[936,3139,6777,7746,8295,10032,10270],[1.0,1.0,1.0,1.0,1.0,1.0,1.0]
10746,[464,3089,4159,6208,6504,6547,9972,9991],[1.0,1.0,1.0,1.0,1.0,1.0,1.0,1.0]
10746,[969,1255,4223,9744,9749,10139,10554,10617,10621],[1.0,1.0,1.0,1.0,1.0,1.0,1.0,1.0,1.0]
10746,[1706,2899,4223,6229,6271,7338,10433],[1.0,1.0,1.0,1.0,1.0,1.0,1.0]
10746,[650,896,1548,2260,4074,6383,9851,10621],[1.0,1.0,1.0,1.0,1.0,1.0,1.0,1.0]
10746,[172,896,4066,4534,5181,6229,6929,7032,7518],[1.0,1.0,1.0,1.0,1.0,1.0,1.0,1.0,1.0]
10746,[4998,5440,6379,6547,6985,7653,9045,10621],[1.0,1.0,1.0,1.0,1.0,1.0,1.0,1.0]
10746,[677,1375,1652,3139,4080,4335,8610,9222],[1.0,1.0,1.0,1.0,1.0,1.0,1.0,1.0]
10746,[2047,4953,5668,6820,7063,7341,8460,9989,10411],[1.0,1.0,1.0,1.0,1.0,1.0,1.0,1.0,1.0]
10746,[1255,2009,3139,4755,6777,8295,9222,10032],[1.0,1.0,1.0,1.0,1.0,1.0,1.0,1.0]
10746,[433,435,3601,5123,7205],[1.0,1.0,1.0,1.0,1.0]
