10746,[242,2013,2531,4440,5201,6557,8751,8779,9491],[1.0,1.0,1.0,1.0,1.0,1.0,1.0,1.0,1.0]
10746,[213,1456,1714,3844,4809,5358,7416,10360,10463],[1.0,1.0,1.0,1.0,1.0,1.0,1.0,1.0,1.0]
10746,[39,372,936,3844,6131,6753,10201],[1.0,1.0,1.0,1.0,1.0,1.0,1.0]
10746,[902,1948,3502,4217,4632,5351,5592,9290,10082],[1.0,1.0,1.0,1.0,1.0,1.0,1.0,1.0,1.0]
10746,[2916,5351,5592,7379,8114,8729,9851,9871,10082,10381],[1.0,1.0,1.0,1.0,1.0,1.0,1.0,1.0,1.0,1.0]
10746,[5580,5592,9290,10068,10082,10139,10617],[1.0,1.0,1.0,1.0,1.0,1.0,1.0]
10746,[424,869,2618,2708,2751,3748,4772,9465,9851],[1.0,1.0,1.0,1.0,1.0,1.0,1.0,1.0,1.0]
10746,[1370,2016,2916,3732,4191,7213,7869,8114,9298],[1.0,1.0,1.0,1.0,1.0,1.0,1.0,1.0,1.0]
10746,[372,1317,2596,2654,2737,4042,5820,6666,6881,9270],[1.0,1.0,1.0,1.0,1.0,1.0,1.0,1.0,1.0,1.0]
10746,[2013,5201,6557,7502,8751,8779,9290,9491,9851,10694],[1.0,1.0,1.0,1.0,1.0,1.0,1.0,1.0,1.0,1.0]
10746,[2266,4996,6754,7114,7379,8116,9851],[1.0,1.0,1.0,1.0,1.0,1.0,1.0]
10746,[365,5809,9663,10692],[1.0,1.0,1.0,1.0]
