10746,[39,3695,3844,4440,6131,6753,10201],[1.0,1.0,1.0,1.0,1.0,1.0,1.0]
10746,[213,1237,4055,4778,5017,7463,8635,9632,9865,10360],[1.0,1.0,1.0,1.0,1.0,1.0,1.0,1.0,1.0,1.0]
10746,[2200,2518,3277,3844,5090,8540,9491,9996,10152],[1.0,1.0,1.0,1.0,1.0,1.0,1.0,1.0,1.0]
10746,[936,4374,4405,4611,5090,5845,6298,6536,7580],[1.0,1.0,1.0,1.0,1.0,1.0,1.0,1.0,1.0]
10746,[1108,3695,4801,5181,6193,7218,9325,10224],[1.0,1.0,1.0,1.0,1.0,1.0,1.0,1.0]
10746,[463,3442,3941,6145,7317,8114,9851,10621],[1.0,1.0,1.0,1.0,1.0,1.0,1.0,1.0]
10746,[2524,3695,4042,5181,7506,9687],[1.0,1.0,1.0,1.0,1.0,1.0]
10746,[2074,3941,5102,5181,7716,8748,9903],[1.0,1.0,1.0,1.0,1.0,1.0,1.0]
10746,[869,3473,3661,3695,4362,4934,9851,9903],[1.0,1.0,1.0,1.0,1.0,1.0,1.0,1.0]
10746,[1516,2206,2364,2422,3941,8424,9851,10313],[1.0,1.0,1.0,1.0,1.0,1.0,1.0,1.0]
10746,[2260,3547,4934,5803,6819,7213,9361],[1.0,1.0,1.0,1.0,1.0,1.0,1.0]
10746,[6193,6536,6956,8114,9325,10082,10208],[1.0,1.0,1.0,1.0,1.0,1.0,1.0]
10746,[2162,2916,4177,4405,5181,6536,10208],[1.0,1.0,1.0,1.0,1.0,1.0,1.0]
10746,[2022,3547,4405,4601,6457,9558,9972],[1.0,1.0,1.0,1.0,1.0,1.0,1.0]
10746,[1299,3695,4934,6190,6536,6956,9972,10082],[1.0,1.0,1.0,1.0,1.0,1.0,1.0,1.0]
10746,[1291,3941,4405,6047,6956,8114,10082],[1.0,1.0,1.0,1.0,1.0,1.0,1.0]
10746,[2260,3413,3941,4149,6193,9325],[1.0,1.0,1.0,1.0,1.0,1.0]
10746,[844,2114,2206,3695,5988,8630,10068,10433,10621],[1.0,1.0,1.0,1.0,1.0,1.0,1.0,1.0,1.0]
10746,[4534,6753,7045,8917,9361],[1.0,1.0,1.0,1.0,1.0]
