10746,[1754,3282,3993,4616,6495,6502,6528,7536,8867],[1.0,1.0,1.0,1.0,1.0,1.0,1.0,1.0,1.0]
10746,[1237,2200,3277,4440,5090,5279,8635,9491,9996],[1.0,1.0,1.0,1.0,1.0,1.0,1.0,1.0,1.0]
10746,[2200,2632,3112,3277,5090,5845,9491,9996],[1.0,1.0,1.0,1.0,1.0,1.0,1.0,1.0]
10746,[3277,3844,4778,5201,5358,8751,8779,9491,10360],[1.0,1.0,1.0,1.0,1.0,1.0,1.0,1.0,1.0]
10746,[213,2200,2518,3277,3844,5358,9491,9996,10152,10463],[1.0,1.0,1.0,1.0,1.0,1.0,1.0,1.0,1.0,1.0]
10746,[39,936,2013,3844,6131,6753,10201],[1.0,1.0,1.0,1.0,1.0,1.0,1.0]
10746,[242,936,5201,6557,8751,8779,9491,10028,10029],[1.0,1.0,1.0,1.0,1.0,1.0,1.0,1.0,1.0]
10746,[126,733,1005,1706,2310,3249,3695,4801],[1.0,1.0,1.0,1.0,1.0,1.0,1.0,1.0]
10746,[202,3695,4534,4805,6603,6819,10222,10335],[1.0,1.0,1.0,1.0,1.0,1.0,1.0,1.0]
10746,[869,1411,1687,2310,3829,4888,5205,5658],[1.0,1.0,1.0,1.0,1.0,1.0,1.0,1.0]
10746,[3433,3695,4534,4759,8041,8904,9611],[1.0,1.0,1.0,1.0,1.0,1.0,1.0]
10746,[631,5845,7022],[1.0,1.0,1.0]
