10746,[4411,4616,4778,5300,6502,6997,8867,9491,10569],[1.0,1.0,1.0,1.0,1.0,1.0,1.0,1.0,1.0]
10746,[172,747,2610,3844,4440,8028],[1.0,1.0,1.0,1.0,1.0,1.0]
10746,[39,1698,3844,4906,5017,7463,8028,10360],[1.0,1.0,1.0,1.0,1.0,1.0,1.0,1.0]
10746,[213,2518,3844,4055,4778,8540,9865,10152,10463],[1.0,1.0,1.0,1.0,1.0,1.0,1.0,1.0,1.0]
10746,[936,4416,6730,7733,8106,8476,9826,10433],[1.0,1.0,1.0,1.0,1.0,1.0,1.0,1.0]
10746,[121,1529,2851,4191,5297,7003,7129,9363,9715],[1.0,1.0,1.0,1.0,1.0,1.0,1.0,1.0,1.0]
10746,[143,2885,3651,5181,5513,5985,7671,9595],[1.0,1.0,1.0,1.0,1.0,1.0,1.0,1.0]
10746,[1237,2918,3286,4217,5641,10222,10269,10433],[1.0,1.0,1.0,1.0,1.0,1.0,1.0,1.0]
10746,[410,1341,2493,4998,5641,8114,8264],[1.0,1.0,1.0,1.0,1.0,1.0,1.0]
10746,[372,1099,3661,7213,7502,8476,9336],[1.0,1.0,1.0,1.0,1.0,1.0,1.0]
10746,[191,960,6048,7966,8114,8661,9270,9517],[1.0,1.0,1.0,1.0,1.0,1.0,1.0,1.0]
10746,[168,1295,2493,2530,3115,6167,9273,9455],[1.0,1.0,1.0,1.0,1.0,1.0,1.0,1.0]
10746,[1834,3070,3514,4191,5819,8568,9270,10214,10570],[1.0,1.0,1.0,1.0,1.0,1.0,1.0,1.0,1.0]
10746,[143,4520,5985,7615,8904],[1.0,1.0,1.0,1.0,1.0]
10746,[1806,5056,5181,6034,9632,10222,10398],[1.0,1.0,1.0,1.0,1.0,1.0,1.0]
10746,[1255,2828,2896,2993,3847,6154,8333],[1.0,1.0,1.0,1.0,1.0,1.0,1.0]
10746,[1965,3661,4891,5193,6229,8114,8904],[1.0,1.0,1.0,1.0,1.0,1.0,1.0]
10746,[665,1341,2493,2781,3240,3661,10398],[1.0,1.0,1.0,1.0,1.0,1.0,1.0]
10746,[121,837,3106,4205,5885,9298,9460,9465,9748],[1.0,1.0,1.0,1.0,1.0,1.0,1.0,1.0,1.0]
10746,[1698,2425,4906,6142,9724,10115,10398],[1.0,1.0,1.0,1.0,1.0,1.0,1.0]
