10746,[39,3844,4440,6131,6753,10201],[1.0,1.0,1.0,1.0,1.0,1.0]
10746,[213,4055,4078,4494,4778,5017,7463,9865,10201,10360],[1.0,1.0,1.0,1.0,1.0,1.0,1.0,1.0,1.0,1.0]
10746,[53,2518,3844,5941,5975,6429,7319,7836,10152],[1.0,1.0,1.0,1.0,1.0,1.0,1.0,1.0,1.0]
10746,[728,936,1255,1588,4344,5990,7491,9407,10621,10671],[1.0,1.0,1.0,1.0,1.0,1.0,1.0,1.0,1.0,1.0]
10746,[51,966,1829,3939,4611,9298,10536,10539],[1.0,1.0,1.0,1.0,1.0,1.0,1.0,1.0]
10746,[365,4611,5345,5939,6580,7421,7649,9379,10536],[1.0,1.0,1.0,1.0,1.0,1.0,1.0,1.0,1.0]
10746,[1829,8257,8584],[1.0,1.0,1.0]
10746,[121,1990,2222,2425,3515,5928,7649,9262],[1.0,1.0,1.0,1.0,1.0,1.0,1.0,1.0]
10746,[1920,2992,4217,4420,5345,6515,8133,9298,10536],[1.0,1.0,1.0,1.0,1.0,1.0,1.0,1.0,1.0]
10746,[126,365,1920,4285,4534,5641,6167,6193,9298,10621],[1.0,1.0,1.0,1.0,1.0,1.0,1.0,1.0,1.0,1.0]
10746,[60,172,2992,6193,7506,8575,10536,10617],[1.0,1.0,1.0,1.0,1.0,1.0,1.0,1.0]
10746,[55,500,4217,7033,8729,9290,9611,10536],[1.0,1.0,1.0,1.0,1.0,1.0,1.0,1.0]
10746,[1275,2733,4618,6335,7757,8114,8842,9407],[1.0,1.0,1.0,1.0,1.0,1.0,1.0,1.0]
10746,[463,501,896,1255,4023,4606,5983,9460],[1.0,1.0,1.0,1.0,1.0,1.0,1.0,1.0]
10746,[14,1099,4191,4868,5124,8114,8476,9851,10536],[1.0,1.0,1.0,1.0,1.0,1.0,1.0,1.0,1.0]
10746,[2992,4191,4217,4534,4687,5938,7105,9056,10557],[1.0,1.0,1.0,1.0,1.0,1.0,1.0,1.0,1.0]
10746,[172,3426,5365,6098,6271,7218,10536],[1.0,1.0,1.0,1.0,1.0,1.0,1.0]
10746,[463,1037,1817,4534,7105,7419,9338],[1.0,1.0,1.0,1.0,1.0,1.0,1.0]
10746,[126,705,1920,4258,4534,5683,10536,10539],[1.0,1.0,1.0,1.0,1.0,1.0,1.0,1.0]
10746,[365,1796,1948,3993,6753,8398],[1.0,1.0,1.0,1.0,1.0,1.0]
