10746,[39,3844,4440,6131,6753,10201],[1.0,1.0,1.0,1.0,1.0,1.0]
10746,[213,4055,4078,4494,4778,5017,7463,9865,10201,10360],[1.0,1.0,1.0,1.0,1.0,1.0,1.0,1.0,1.0,1.0]
10746,[2518,2632,3844,8042,8540,9763,10152,10325],[1.0,1.0,1.0,1.0,1.0,1.0,1.0,1.0]
10746,[303,936,1365,8042,8114,8398,8926,10082],[1.0,1.0,1.0,1.0,1.0,1.0,1.0,1.0]
10746,[500,648,1037,1099,1796,3741,5641],[1.0,1.0,1.0,1.0,1.0,1.0,1.0]
10746,[1483,4888,5328,7334,8595,10536,10617],[1.0,1.0,1.0,1.0,1.0,1.0,1.0]
10746,[172,1099,1453,2126,7379,8595,8993],[1.0,1.0,1.0,1.0,1.0,1.0,1.0]
10746,[365,766,1920,2493,3380,3545,9289,10536],[1.0,1.0,1.0,1.0,1.0,1.0,1.0,1.0]
10746,[1905,2425,3318,5181,5983,8114,9338,10508],[1.0,1.0,1.0,1.0,1.0,1.0,1.0,1.0]
10746,[1255,4869,5146,6134,8114,10536],[1.0,1.0,1.0,1.0,1.0,1.0]
10746,[902,1554,1796,1862,4191,4205,8582],[1.0,1.0,1.0,1.0,1.0,1.0,1.0]
10746,[1483,3741,4888,5328,7334,8926,10617],[1.0,1.0,1.0,1.0,1.0,1.0,1.0]
10746,[549,2708,5592,8595,8926,9843,9851,10617],[1.0,1.0,1.0,1.0,1.0,1.0,1.0,1.0]
10746,[2172,5142,6145,6255,8114,8554,10621],[1.0,1.0,1.0,1.0,1.0,1.0,1.0]
10746,[902,956,1862,3445,3873,4191,5452,5641,10082],[1.0,1.0,1.0,1.0,1.0,1.0,1.0,1.0,1.0]
10746,[1796,2493,4679,7379,8172,8926,9152,9702,9851],[1.0,1.0,1.0,1.0,1.0,1.0,1.0,1.0,1.0]
10746,[1299,2916,4142,4857,5983,8614,8711,8926,9762],[1.0,1.0,1.0,1.0,1.0,1.0,1.0,1.0,1.0]
10746,[5681,6753,8114],[1.0,1.0,1.0]
