10746,[1870,2845,3788,4440,5767,7011,9491,9632],[1.0,1.0,1.0,1.0,1.0,1.0,1.0,1.0]
10746,[213,1296,1431,2493,3579,4961,7506,9025,9973,10360],[1.0,1.0,1.0,1.0,1.0,1.0,1.0,1.0,1.0,1.0]
10746,[11,3501,5118,7829,8700,9000,10463],[1.0,1.0,1.0,1.0,1.0,1.0,1.0]
10746,[464,789,937,1310,7742,7907,8554],[1.0,1.0,1.0,1.0,1.0,1.0,1.0]
10746,[608,957,1222,1945,4606,5820,9444,10716],[1.0,1.0,1.0,1.0,1.0,1.0,1.0,1.0]
10746,[608,1238,1599,1945,2450,2737,3661,6172,7117,7730],[1.0,1.0,1.0,1.0,1.0,1.0,1.0,1.0,1.0,1.0]
10746,[841,1310,1706,1764,4093,7049,9207],[1.0,1.0,1.0,1.0,1.0,1.0,1.0]
10746,[1238,1910,2477,4332,4344,5820,6156,6335],[1.0,1.0,1.0,1.0,1.0,1.0,1.0,1.0]
10746,[1299,1363,3997,4093,4306,4388,6047,6080,6540,7379],[1.0,1.0,1.0,1.0,1.0,1.0,1.0,1.0,1.0,1.0]
10746,[168,1870,2845,3426,3788,7011,8092,9491,10041],[1.0,1.0,1.0,1.0,1.0,1.0,1.0,1.0,1.0]
10746,[1128,1479,1760,6597],[1.0,1.0,1.0,1.0]
