10746,[838,845,1801,3168,4440,4821,8053,9878],[1.0,1.0,1.0,1.0,1.0,1.0,1.0,1.0]
10746,[213,705,4223,7515,9096,9460,10360,10463],[1.0,1.0,1.0,1.0,1.0,1.0,1.0,1.0]
10746,[563,936,1853,3450,3608,9096,9305,9491,10463],[1.0,1.0,1.0,1.0,1.0,1.0,1.0,1.0,1.0]
10746,[936,1255,1853,2530,3329,3450,3608,8114,9491,10093],[1.0,1.0,1.0,1.0,1.0,1.0,1.0,1.0,1.0,1.0]
10746,[956,1255,6401,6492,7611,8480,8673,9365],[1.0,1.0,1.0,1.0,1.0,1.0,1.0,1.0]
10746,[888,2067,2530,3329,5737,6167,6341,6547,7379],[1.0,1.0,1.0,1.0,1.0,1.0,1.0,1.0,1.0]
10746,[2530,3022,3438,5651,5683,6547,6754,7643,8216,9273],[1.0,1.0,1.0,1.0,1.0,1.0,1.0,1.0,1.0,1.0]
10746,[3022,3329,6074,6341,6368,6547,6638,9273,10621],[1.0,1.0,1.0,1.0,1.0,1.0,1.0,1.0,1.0]
10746,[393,563,1187,6341,7857,8908,9096,9273,10621],[1.0,1.0,1.0,1.0,1.0,1.0,1.0,1.0,1.0]
10746,[452,3192,4548,5991,8701,9290,9748],[1.0,1.0,1.0,1.0,1.0,1.0,1.0]
10746,[1948,3329,4331,5737,6341,8476,8554],[1.0,1.0,1.0,1.0,1.0,1.0,1.0]
10746,[3329,4405,4534,5320,6042,9831],[1.0,1.0,1.0,1.0,1.0,1.0]
10746,[747,2799,3380,5181,6900,8159],[1.0,1.0,1.0,1.0,1.0,1.0]
10746,[172,4552,8053],[1.0,1.0,1.0]
