10746,[577,2864,4440,5516,6653,8070,8829,9371,10696],[1.0,1.0,1.0,1.0,1.0,1.0,1.0,1.0,1.0]
10746,[401,1286,1646,3006,5820,6653,7620,7937,8051,10360],[1.0,1.0,1.0,1.0,1.0,1.0,1.0,1.0,1.0,1.0]
10746,[213,567,577,2864,3176,4405,5885,6335,10068],[1.0,1.0,1.0,1.0,1.0,1.0,1.0,1.0,1.0]
10746,[4405,5516,6335,8051,8070,9129,9675,10068],[1.0,1.0,1.0,1.0,1.0,1.0,1.0,1.0]
10746,[74,3391,3528,4364,4405,4944,5655,8166],[1.0,1.0,1.0,1.0,1.0,1.0,1.0,1.0]
10746,[1673,5294,5885,8051,8070,8114,8895,9814],[1.0,1.0,1.0,1.0,1.0,1.0,1.0,1.0]
10746,[1913,2582,3795,4405,6341,6503,8224,8729,10742],[1.0,1.0,1.0,1.0,1.0,1.0,1.0,1.0,1.0]
10746,[686,2182,5485,6910,7055,9424,9949,10296],[1.0,1.0,1.0,1.0,1.0,1.0,1.0,1.0]
10746,[902,1076,2916,4191,5061,9420,9968],[1.0,1.0,1.0,1.0,1.0,1.0,1.0]
10746,[2140,2792,4142,4154,4405,4784,7243,8642,8969,9568],[1.0,1.0,1.0,1.0,1.0,1.0,1.0,1.0,1.0,1.0]
10746,[272,577,2864,6292,6653,6738,8192,8829,9371,10696],[1.0,1.0,1.0,1.0,1.0,1.0,1.0,1.0,1.0,1.0]
10746,[863,2308,2475,3096,9067,10100],[1.0,1.0,1.0,1.0,1.0,1.0]
