10746,[39,3844,4440,6131,6753,10201],[1.0,1.0,1.0,1.0,1.0,1.0]
10746,[213,4055,4078,4494,4778,5017,7463,9865,10201,10360],[1.0,1.0,1.0,1.0,1.0,1.0,1.0,1.0,1.0,1.0]
10746,[192,881,2518,3844,5975,7231,10026,10152,10270],[1.0,1.0,1.0,1.0,1.0,1.0,1.0,1.0,1.0]
10746,[936,1219,3070,5345,5564,7502,10621,10714],[1.0,1.0,1.0,1.0,1.0,1.0,1.0,1.0]
10746,[14,1237,2418,4405,5142,6278,6809,8904,10536],[1.0,1.0,1.0,1.0,1.0,1.0,1.0,1.0,1.0]
10746,[2493,6271,7379,8343,10536,10724],[1.0,1.0,1.0,1.0,1.0,1.0]
10746,[303,4217,4534,6229,6335,9290,10714],[1.0,1.0,1.0,1.0,1.0,1.0,1.0]
10746,[1365,1548,4217,6564,9247,9595,10536,10617],[1.0,1.0,1.0,1.0,1.0,1.0,1.0,1.0]
10746,[1099,3216,5069,5580,8114,9290,9611,10536],[1.0,1.0,1.0,1.0,1.0,1.0,1.0,1.0]
10746,[795,6819,7084,8114,9049,9460,9528],[1.0,1.0,1.0,1.0,1.0,1.0,1.0]
10746,[871,1920,3070,4217,7061,10539],[1.0,1.0,1.0,1.0,1.0,1.0]
10746,[475,2596,4878,6754,7061,8114,9333],[1.0,1.0,1.0,1.0,1.0,1.0,1.0]
10746,[14,2162,4552,4671,4944,5181,10617],[1.0,1.0,1.0,1.0,1.0,1.0,1.0]
10746,[463,871,1592,6134,6229,6335,6648,6754,8398],[1.0,1.0,1.0,1.0,1.0,1.0,1.0,1.0,1.0]
10746,[3669,6753,7105],[1.0,1.0,1.0]
