10746,[1652,3993,4145,4440,4797,10360,10517,10548,10642],[1.0,1.0,1.0,1.0,1.0,1.0,1.0,1.0,1.0]
10746,[213,2518,4455,4778,4798,7818,8523,10152,10463],[1.0,1.0,1.0,1.0,1.0,1.0,1.0,1.0,1.0]
10746,[238,3755,4455,4798,7017,8575],[1.0,1.0,1.0,1.0,1.0,1.0]
10746,[14,936,1839,3183,5428,9977,10245],[1.0,1.0,1.0,1.0,1.0,1.0,1.0]
10746,[501,1023,3330,4268,4405,6903,8731,9258,9914,10077],[1.0,1.0,1.0,1.0,1.0,1.0,1.0,1.0,1.0,1.0]
10746,[4541,4561,5739,6206,7426,8425,10536],[1.0,1.0,1.0,1.0,1.0,1.0,1.0]
10746,[1652,1843,3802,4191,4650,4755,6005,8717,9506],[1.0,1.0,1.0,1.0,1.0,1.0,1.0,1.0,1.0]
10746,[122,885,1462,1544,2631,4066,4268,4511,4891,6530],[1.0,1.0,1.0,1.0,1.0,1.0,1.0,1.0,1.0,1.0]
10746,[144,501,1242,3670,6167,8109,9186,9298,10139,10508],[1.0,1.0,1.0,1.0,1.0,1.0,1.0,1.0,1.0,1.0]
10746,[365,750,902,1275,3886,4268,8717,9506],[1.0,1.0,1.0,1.0,1.0,1.0,1.0,1.0]
10746,[934,2759,3997,4035,5911,6049,7805,8114,10129],[1.0,1.0,1.0,1.0,1.0,1.0,1.0,1.0,1.0]
10746,[242,333,2840,6597,8582,9947,10376,10548],[1.0,1.0,1.0,1.0,1.0,1.0,1.0,1.0]
10746,[2467,3610,5294,5403,8502],[1.0,1.0,1.0,1.0,1.0]
