10746,[256,2282,4440,6829,7019,8374,8669,9072],[1.0,1.0,1.0,1.0,1.0,1.0,1.0,1.0]
10746,[213,548,1652,1824,2220,3006,8612,9269,10360],[1.0,1.0,1.0,1.0,1.0,1.0,1.0,1.0,1.0]
10746,[902,1326,3514,4534,6229,7800,9491,9569,10535],[1.0,1.0,1.0,1.0,1.0,1.0,1.0,1.0,1.0]
10746,[1098,1144,2114,2123,2530,4688,8114,10222],[1.0,1.0,1.0,1.0,1.0,1.0,1.0,1.0]
10746,[1706,2627,2916,3438,3514,4003,5544,9262,10621],[1.0,1.0,1.0,1.0,1.0,1.0,1.0,1.0,1.0]
10746,[3768,4649,4868,8041,8584,8680,10108],[1.0,1.0,1.0,1.0,1.0,1.0,1.0]
10746,[245,282,4606,6047,8161,8257,8584,8872,9090],[1.0,1.0,1.0,1.0,1.0,1.0,1.0,1.0,1.0]
10746,[463,902,1706,2455,2667,4149,5628,6033,9420],[1.0,1.0,1.0,1.0,1.0,1.0,1.0,1.0,1.0]
10746,[1493,2123,2530,3327,4191,5522,7044],[1.0,1.0,1.0,1.0,1.0,1.0,1.0]
10746,[529,1185,1706,2193,6229,6335,8257,8584],[1.0,1.0,1.0,1.0,1.0,1.0,1.0,1.0]
10746,[8,1069,1237,3651,5146,8733,9882,10327,10621],[1.0,1.0,1.0,1.0,1.0,1.0,1.0,1.0,1.0]
10746,[245,902,1275,2240,4640,5711,6524,9816,10426],[1.0,1.0,1.0,1.0,1.0,1.0,1.0,1.0,1.0]
10746,[902,1258,4092,8475,8729,9420,9882],[1.0,1.0,1.0,1.0,1.0,1.0,1.0]
10746,[1098,4066,7017,8397,8690,9407,9851],[1.0,1.0,1.0,1.0,1.0,1.0,1.0]
10746,[2530,2916,5142,5146,7165,7465,8584,9611],[1.0,1.0,1.0,1.0,1.0,1.0,1.0,1.0]
10746,[464,902,1258,1275,2771,4640,5711,6047,9420,10426],[1.0,1.0,1.0,1.0,1.0,1.0,1.0,1.0,1.0,1.0]
10746,[245,1099,1150,4066,4217,4804,5444,8729,10108],[1.0,1.0,1.0,1.0,1.0,1.0,1.0,1.0,1.0]
10746,[2596,3426,3545,3741,3973,4888,4934,5328,8584,9407],[1.0,1.0,1.0,1.0,1.0,1.0,1.0,1.0,1.0,1.0]
10746,[758,2305,2728,2992,5711,7033,8673],[1.0,1.0,1.0,1.0,1.0,1.0,1.0]
10746,[26,126,436,5711,6167,8584,8602,8960,10419],[1.0,1.0,1.0,1.0,1.0,1.0,1.0,1.0,1.0]
10746,[259,1258,4804,5711,6341,7506,7718,7959,9420],[1.0,1.0,1.0,1.0,1.0,1.0,1.0,1.0,1.0]
10746,[3509,4405,4649,7204,7643,9882],[1.0,1.0,1.0,1.0,1.0,1.0]
10746,[1275,2916,5711,5990,7184,7218,8584,9289,10185],[1.0,1.0,1.0,1.0,1.0,1.0,1.0,1.0,1.0]
10746,[1099,4191,4854,6650,7218,8374,10203,10419,10426],[1.0,1.0,1.0,1.0,1.0,1.0,1.0,1.0,1.0]
10746,[464,4331,5990,6383,8584,9882],[1.0,1.0,1.0,1.0,1.0,1.0]
10746,[956,2022,3426,3756,5146,5711,8584,9882],[1.0,1.0,1.0,1.0,1.0,1.0,1.0,1.0]
10746,[972,2182,2493,4331,4649,5294,8960,9273],[1.0,1.0,1.0,1.0,1.0,1.0,1.0,1.0]
10746,[26,1258,1626,3509,5711,5960,7044,8554,9420],[1.0,1.0,1.0,1.0,1.0,1.0,1.0,1.0,1.0]
10746,[121,781,956,1706,2916,4355,5440,6212,10419,10616],[1.0,1.0,1.0,1.0,1.0,1.0,1.0,1.0,1.0,1.0]
10746,[2790,3509,7506,8595,9420,9611,9882,10203,10419,10617],[1.0,1.0,1.0,1.0,1.0,1.0,1.0,1.0,1.0,1.0]
10746,[143,365,1099,3735,5755,6035,8582,8776,9298],[1.0,1.0,1.0,1.0,1.0,1.0,1.0,1.0,1.0]
10746,[3509,4512,4649,5544,8630,10327],[1.0,1.0,1.0,1.0,1.0,1.0]
10746,[902,3509,4332,5544,6335,6394,8595,8729,9882],[1.0,1.0,1.0,1.0,1.0,1.0,1.0,1.0,1.0]
10746,[121,5443,5738,5923,7671,9338,10327],[1.0,1.0,1.0,1.0,1.0,1.0,1.0]
10746,[2728,6042,6829,7019,8575,9072,9420,10185,10617],[1.0,1.0,1.0,1.0,1.0,1.0,1.0,1.0,1.0]
10746,[256,1824,2242,2273,7065,8669,9269,10401],[1.0,1.0,1.0,1.0,1.0,1.0,1.0,1.0]
10746,[1216,1528,3755,5142,6655,8023,8114,8562,9172],[1.0,1.0,1.0,1.0,1.0,1.0,1.0,1.0,1.0]
10746,[1568,6473],[1.0,1.0]
