10746,[2348,4440,4582,5737,6547,7367,7582,7997],[1.0,1.0,1.0,1.0,1.0,1.0,1.0,1.0]
10746,[207,213,7687,7818,7903,8403,10360],[1.0,1.0,1.0,1.0,1.0,1.0,1.0]
10746,[936,4440,5737,6547,8323,10054,10463],[1.0,1.0,1.0,1.0,1.0,1.0,1.0]
10746,[207,2348,2651,2829,7478,7903,8403,9693,10463],[1.0,1.0,1.0,1.0,1.0,1.0,1.0,1.0,1.0]
10746,[936,2348,4582,7367,7582,7997],[1.0,1.0,1.0,1.0,1.0,1.0]
10746,[1185,1369,7506,8552,8582,8917,9290,10621],[1.0,1.0,1.0,1.0,1.0,1.0,1.0,1.0]
10746,[1275,2126,2866,4405,5876,6818,8554,8917,9465],[1.0,1.0,1.0,1.0,1.0,1.0,1.0,1.0,1.0]
10746,[122,125,448,2732,2737,2982,4671,5819,10398],[1.0,1.0,1.0,1.0,1.0,1.0,1.0,1.0,1.0]
10746,[297,499,1457,1706,5940,7346,8595,8904],[1.0,1.0,1.0,1.0,1.0,1.0,1.0,1.0]
10746,[1021,1613,2325,4058,5384,6349,8070,8386],[1.0,1.0,1.0,1.0,1.0,1.0,1.0,1.0]
10746,[2530,3036,3741,3850,8498,9328,10222,10398],[1.0,1.0,1.0,1.0,1.0,1.0,1.0,1.0]
10746,[1275,1369,2627,4534,6983,10093,10222,10398],[1.0,1.0,1.0,1.0,1.0,1.0,1.0,1.0]
10746,[26,2118,2916,2996,3070,4652,7506,7923,10621],[1.0,1.0,1.0,1.0,1.0,1.0,1.0,1.0,1.0]
10746,[1255,2530,4058,6035,8056,8907,9270,10093,10222],[1.0,1.0,1.0,1.0,1.0,1.0,1.0,1.0,1.0]
10746,[1099,1665,3509,4058,4534,6762,9031,9364,10621],[1.0,1.0,1.0,1.0,1.0,1.0,1.0,1.0,1.0]
10746,[896,1255,5737,6341,6401,6607,9953,10280,10621],[1.0,1.0,1.0,1.0,1.0,1.0,1.0,1.0,1.0]
10746,[631,1099,1665,2530,3426,3442,9270,9841,10068],[1.0,1.0,1.0,1.0,1.0,1.0,1.0,1.0,1.0]
10746,[3585,3741,4405,5230,5820,7506,8041,10093,10613],[1.0,1.0,1.0,1.0,1.0,1.0,1.0,1.0,1.0]
10746,[631,1099,2708,2769,3754,6298,9632],[1.0,1.0,1.0,1.0,1.0,1.0,1.0]
10746,[1150,1315,1588,2530,5942,8280,8690,9270],[1.0,1.0,1.0,1.0,1.0,1.0,1.0,1.0]
10746,[1275,2443,3658,7117,9270,9896],[1.0,1.0,1.0,1.0,1.0,1.0]
10746,[1673,4405,7654,8073,8170,8184],[1.0,1.0,1.0,1.0,1.0,1.0]
10746,[975,1036,3545,4217,6335,7515,7518,8184,10054],[1.0,1.0,1.0,1.0,1.0,1.0,1.0,1.0,1.0]
10746,[1588,3741,4268,4405,5320,6033,6335,10536,10621],[1.0,1.0,1.0,1.0,1.0,1.0,1.0,1.0,1.0]
10746,[530,1237,1255,1516,2114,6335,9281],[1.0,1.0,1.0,1.0,1.0,1.0,1.0]
10746,[463,635,1255,2596,3888,5022,9851,10512,10621],[1.0,1.0,1.0,1.0,1.0,1.0,1.0,1.0,1.0]
10746,[896,2135,3545,3701,3993,4420,7506,9851,10621],[1.0,1.0,1.0,1.0,1.0,1.0,1.0,1.0,1.0]
10746,[1706,2962,3216,8184,9289,9379],[1.0,1.0,1.0,1.0,1.0,1.0]
10746,[4582,8856],[1.0,1.0]
