10746,[216,548,1070,4299,6997,7800,9491],[1.0,1.0,1.0,1.0,1.0,1.0,1.0]
10746,[548,2220,2282,4440,7800,8374,9491],[1.0,1.0,1.0,1.0,1.0,1.0,1.0]
10746,[548,4646,7153,7416,7800,8859,9241,9491,10360,10535],[1.0,1.0,1.0,1.0,1.0,1.0,1.0,1.0,1.0,1.0]
10746,[213,2493,2916,4682,4695,8104,9000],[1.0,1.0,1.0,1.0,1.0,1.0,1.0]
10746,[936,1158,4268,5413,6333,8904,10463],[1.0,1.0,1.0,1.0,1.0,1.0,1.0]
10746,[902,1158,3514,4534,5956,7629,8411],[1.0,1.0,1.0,1.0,1.0,1.0,1.0]
10746,[1098,1144,1326,2123,2530,4688,6229,9569],[1.0,1.0,1.0,1.0,1.0,1.0,1.0,1.0]
10746,[1706,2114,2627,2916,3514,4003,8114,9262,10222,10621],[1.0,1.0,1.0,1.0,1.0,1.0,1.0,1.0,1.0,1.0]
10746,[3438,4649,4868,5544,8041,8584,8680,10108],[1.0,1.0,1.0,1.0,1.0,1.0,1.0,1.0]
10746,[245,3768,4606,6047,8161,8257,8584],[1.0,1.0,1.0,1.0,1.0,1.0,1.0]
10746,[282,463,902,2455,3089,4149,8582,8872,9090],[1.0,1.0,1.0,1.0,1.0,1.0,1.0,1.0,1.0]
10746,[586,2182,4649,5102,6145,10621,10638],[1.0,1.0,1.0,1.0,1.0,1.0,1.0]
10746,[4934,4962,5626,7316,8595,8903,10397],[1.0,1.0,1.0,1.0,1.0,1.0,1.0]
10746,[30,945,4500,8595],[1.0,1.0,1.0,1.0]
10746,[30,945,4500,5626,7316,8903],[1.0,1.0,1.0,1.0,1.0,1.0]
10746,[30,945,4500,4962,8595],[1.0,1.0,1.0,1.0,1.0]
10746,[30,945,4500,5626,8595],[1.0,1.0,1.0,1.0,1.0]
10746,[1341,4405,4512,7390,8044,8584,9365,9851],[1.0,1.0,1.0,1.0,1.0,1.0,1.0,1.0]
10746,[1237,1637,2596,3651,4512,5146,5626,9814],[1.0,1.0,1.0,1.0,1.0,1.0,1.0,1.0]
10746,[902,2530,5440,8595,8903],[1.0,1.0,1.0,1.0,1.0]
10746,[902,1706,2530,2667,5628,6033,9420],[1.0,1.0,1.0,1.0,1.0,1.0,1.0]
10746,[1493,2123,2530,3327,4191,5522,7044],[1.0,1.0,1.0,1.0,1.0,1.0,1.0]
10746,[529,1185,1706,2193,6229,6335,8257,8584],[1.0,1.0,1.0,1.0,1.0,1.0,1.0,1.0]
