10746,[2451,3083,4440,4591,6264,9491,9747],[1.0,1.0,1.0,1.0,1.0,1.0,1.0]
10746,[213,548,654,2518,4663,4778,7416,8022,10152,10360],[1.0,1.0,1.0,1.0,1.0,1.0,1.0,1.0,1.0,1.0]
10746,[3545,4591,4688,5727,6264,6732,8073,9491,10222],[1.0,1.0,1.0,1.0,1.0,1.0,1.0,1.0,1.0]
10746,[125,3864,4589,4618,8701,8729,9273,10714],[1.0,1.0,1.0,1.0,1.0,1.0,1.0,1.0]
10746,[13,143,357,654,2916,3082,3864,4576,6951],[1.0,1.0,1.0,1.0,1.0,1.0,1.0,1.0,1.0]
10746,[245,1275,4066,4771,5781,6299,6335,6379,9273],[1.0,1.0,1.0,1.0,1.0,1.0,1.0,1.0,1.0]
10746,[806,1310,2074,2325,4405,4526,6229,7390,8673],[1.0,1.0,1.0,1.0,1.0,1.0,1.0,1.0,1.0]
10746,[758,1741,2074,3426,3850,6167,7207,7339,10536],[1.0,1.0,1.0,1.0,1.0,1.0,1.0,1.0,1.0]
10746,[5988,7339,7645,7653,8576,9666,9851,10557],[1.0,1.0,1.0,1.0,1.0,1.0,1.0,1.0]
10746,[0,10,1351,2828,3484,7339,10621],[1.0,1.0,1.0,1.0,1.0,1.0,1.0]
10746,[799,3998,4401,6366,9115,9595],[1.0,1.0,1.0,1.0,1.0,1.0]
10746,[26,204,640,1983,2455,5793,8537],[1.0,1.0,1.0,1.0,1.0,1.0,1.0]
10746,[640,2680,3685,4374,6229,9524,10680],[1.0,1.0,1.0,1.0,1.0,1.0,1.0]
10746,[463,1255,3442,4294,5381,5543,8690],[1.0,1.0,1.0,1.0,1.0,1.0,1.0]
10746,[2087,3998,5988,6497,7003],[1.0,1.0,1.0,1.0,1.0]
10746,[758,1255,2492,2709,6172,7339,10680],[1.0,1.0,1.0,1.0,1.0,1.0,1.0]
10746,[806,1005,1099,2260,2888,3998,4066,4217,10508],[1.0,1.0,1.0,1.0,1.0,1.0,1.0,1.0,1.0]
10746,[758,1829,4486,5763,7339,8032,8491,9851,10595],[1.0,1.0,1.0,1.0,1.0,1.0,1.0,1.0,1.0]
10746,[902,1110,2493,3998,4191,4650,9407,10131],[1.0,1.0,1.0,1.0,1.0,1.0,1.0,1.0]
10746,[902,2105,3998,4961,7207,7339,8729,8842,10429],[1.0,1.0,1.0,1.0,1.0,1.0,1.0,1.0,1.0]
10746,[2123,2305,4534,5505,7207,7339,8595,10536],[1.0,1.0,1.0,1.0,1.0,1.0,1.0,1.0]
10746,[930,1184,4512,4534,4633,7207,7339,10705],[1.0,1.0,1.0,1.0,1.0,1.0,1.0,1.0]
10746,[1184,2182,2641,3257,3651,6392,8114,10557],[1.0,1.0,1.0,1.0,1.0,1.0,1.0,1.0]
10746,[925,1099,1588,3741,3911,4972,6213,9540],[1.0,1.0,1.0,1.0,1.0,1.0,1.0,1.0]
10746,[758,1255,3998,4156,5417,6668,7204,9431],[1.0,1.0,1.0,1.0,1.0,1.0,1.0,1.0]
10746,[640,1110,1255,2370,3340,3998,5818],[1.0,1.0,1.0,1.0,1.0,1.0,1.0]
10746,[501,1110,1983,2370,3600,9528],[1.0,1.0,1.0,1.0,1.0,1.0]
10746,[501,640,3430,6172,6715,7276,10109],[1.0,1.0,1.0,1.0,1.0,1.0,1.0]
10746,[1255,2451,3083,3998,7276,8729,9919,10109,10616],[1.0,1.0,1.0,1.0,1.0,1.0,1.0,1.0,1.0]
10746,[5035,6597,6671,9747,10473,10587],[1.0,1.0,1.0,1.0,1.0,1.0]
