10746,[2455,4440,6193,6335,8580,8911,9325,9611],[1.0,1.0,1.0,1.0,1.0,1.0,1.0,1.0]
10746,[242,1714,2013,5201,6557,7416,8751,8779,9491,10360],[1.0,1.0,1.0,1.0,1.0,1.0,1.0,1.0,1.0,1.0]
10746,[213,936,1456,3474,4880,6634,9491,10463],[1.0,1.0,1.0,1.0,1.0,1.0,1.0,1.0]
10746,[2455,3426,3818,4217,5611,6228,6872,8554,9424],[1.0,1.0,1.0,1.0,1.0,1.0,1.0,1.0,1.0]
10746,[1099,1558,3711,3993,4259,5611,6193,9399,10419],[1.0,1.0,1.0,1.0,1.0,1.0,1.0,1.0,1.0]
10746,[910,1036,1099,1255,5440,7166],[1.0,1.0,1.0,1.0,1.0,1.0]
10746,[3549,3818,4217,4576,5244,9424,10139],[1.0,1.0,1.0,1.0,1.0,1.0,1.0]
10746,[937,1085,2162,2493,2618,8114,8582,8708,10263],[1.0,1.0,1.0,1.0,1.0,1.0,1.0,1.0,1.0]
10746,[2425,2618,3438,4445,7388,8936,9262,9831],[1.0,1.0,1.0,1.0,1.0,1.0,1.0,1.0]
10746,[956,2206,3592,4611,5294,5709,8630,9402],[1.0,1.0,1.0,1.0,1.0,1.0,1.0,1.0]
10746,[4217,4405,4611,4935,5207,8041,8114,8601,10139],[1.0,1.0,1.0,1.0,1.0,1.0,1.0,1.0,1.0]
10746,[896,2013,2708,3504,5201,6557,8751,8779,9491,10694],[1.0,1.0,1.0,1.0,1.0,1.0,1.0,1.0,1.0,1.0]
10746,[2266,4996,7114,7379,8116,9290,9851],[1.0,1.0,1.0,1.0,1.0,1.0,1.0]
10746,[365,5809,6754,9663,10692],[1.0,1.0,1.0,1.0,1.0]
