10746,[241,318,1688,1889,4054,4528,6107,6220,6597,9491],[1.0,1.0,1.0,1.0,1.0,1.0,1.0,1.0,1.0,1.0]
10746,[628,4268,4440,4954,5918,6220,9013,10267],[1.0,1.0,1.0,1.0,1.0,1.0,1.0,1.0]
10746,[1255,4263,5716,6220,7019,9013,10122,10267],[1.0,1.0,1.0,1.0,1.0,1.0,1.0,1.0]
10746,[42,213,1093,1344,4682,4755,5017,9769,10360],[1.0,1.0,1.0,1.0,1.0,1.0,1.0,1.0,1.0]
10746,[683,2518,4982,5604,5918,7572,8237,9693,10143],[1.0,1.0,1.0,1.0,1.0,1.0,1.0,1.0,1.0]
10746,[2256,3677,5133,5918,8494,9030,9111,9273,9750,10122],[1.0,1.0,1.0,1.0,1.0,1.0,1.0,1.0,1.0,1.0]
10746,[1141,2708,3950,4268,8575,8610,10143,10309,10371],[1.0,1.0,1.0,1.0,1.0,1.0,1.0,1.0,1.0]
10746,[121,223,1036,2518,2708,6385,8096],[1.0,1.0,1.0,1.0,1.0,1.0,1.0]
10746,[144,1412,1776,2733,3449,7199,9379,10671],[1.0,1.0,1.0,1.0,1.0,1.0,1.0,1.0]
10746,[365,858,1275,5916,8033,8114,9079,9365,10056],[1.0,1.0,1.0,1.0,1.0,1.0,1.0,1.0,1.0]
10746,[1669,4268,4534,5206,5584,5648,5918,9273],[1.0,1.0,1.0,1.0,1.0,1.0,1.0,1.0]
10746,[7112,7205,7610,7959,8114,10099,10309],[1.0,1.0,1.0,1.0,1.0,1.0,1.0]
10746,[14,975,3978,8040,8054,8701,9270,10288],[1.0,1.0,1.0,1.0,1.0,1.0,1.0,1.0]
10746,[1036,2560,2708,4606,4611,6335],[1.0,1.0,1.0,1.0,1.0,1.0]
10746,[1133,1829,2425,2708,7923,8165,8960,9270,9611],[1.0,1.0,1.0,1.0,1.0,1.0,1.0,1.0,1.0]
10746,[747,1093,1326,3886,7390,8734],[1.0,1.0,1.0,1.0,1.0,1.0]
10746,[975,4191,5531,5626,6901,10508],[1.0,1.0,1.0,1.0,1.0,1.0]
10746,[1036,2708,2916,6172,7898,9111,10099],[1.0,1.0,1.0,1.0,1.0,1.0,1.0]
10746,[170,869,1036,1706,2425,5988,7502,10617],[1.0,1.0,1.0,1.0,1.0,1.0,1.0,1.0]
10746,[869,1255,4239,4268,4656,5716,6341,8805,10463],[1.0,1.0,1.0,1.0,1.0,1.0,1.0,1.0,1.0]
10746,[869,1364,4268,4332,7112,7784,10056],[1.0,1.0,1.0,1.0,1.0,1.0,1.0]
10746,[1963,3732,6067,6341,8575,8806,9111],[1.0,1.0,1.0,1.0,1.0,1.0,1.0]
10746,[635,1099,1966,4268,4980,7199,9298,10122],[1.0,1.0,1.0,1.0,1.0,1.0,1.0,1.0]
10746,[975,1036,1481,6382,8729,9270,10139],[1.0,1.0,1.0,1.0,1.0,1.0,1.0]
10746,[1028,1538,2333,4268,4332,4534,5207,7039,7112],[1.0,1.0,1.0,1.0,1.0,1.0,1.0,1.0,1.0]
10746,[1093,1625,2493,3089,4205,6341,8399,10371],[1.0,1.0,1.0,1.0,1.0,1.0,1.0,1.0]
10746,[646,975,1292,4428,6167,7813],[1.0,1.0,1.0,1.0,1.0,1.0]
10746,[1237,1535,1706,1862,4978,5738,5817,9798],[1.0,1.0,1.0,1.0,1.0,1.0,1.0,1.0]
10746,[2751,2799,3705,4094,4317,4587,9289],[1.0,1.0,1.0,1.0,1.0,1.0,1.0]
10746,[1237,1517,1706,4191,7518,10381,10433],[1.0,1.0,1.0,1.0,1.0,1.0,1.0]
10746,[3549,3783,5738,5817,6335,9270,10082],[1.0,1.0,1.0,1.0,1.0,1.0,1.0]
10746,[1237,1706,2156,4587,4891,10099],[1.0,1.0,1.0,1.0,1.0,1.0]
10746,[3089,4534,4854,5738,6167,8729,10381,10433],[1.0,1.0,1.0,1.0,1.0,1.0,1.0,1.0]
10746,[1535,3089,5003,5162,9270,9595],[1.0,1.0,1.0,1.0,1.0,1.0]
10746,[365,5580,9135,9528],[1.0,1.0,1.0,1.0]
10746,[1225,1657,4344,4414,6401,6530,8347],[1.0,1.0,1.0,1.0,1.0,1.0,1.0]
10746,[112,1965,3442,4888,5939,9169,9290,9632],[1.0,1.0,1.0,1.0,1.0,1.0,1.0,1.0]
10746,[213,4332,4888,6401,7218,7390,9831],[1.0,1.0,1.0,1.0,1.0,1.0,1.0]
10746,[662,2185,7773,8010,8033,9066,10056],[1.0,1.0,1.0,1.0,1.0,1.0,1.0]
10746,[1237,2079,3257,4534,8481,10381,10433],[1.0,1.0,1.0,1.0,1.0,1.0,1.0]
10746,[1535,5738,5817,5974],[1.0,1.0,1.0,1.0]
10746,[47,3067,4944,5626,5662,5928],[1.0,1.0,1.0,1.0,1.0,1.0]
10746,[1706,2422,3741,10047],[1.0,1.0,1.0,1.0]
10746,[141,1517,1683,5049,8010,9953,10621],[1.0,1.0,1.0,1.0,1.0,1.0,1.0]
10746,[896,1596,2916,4534,4552,5049,5939,9611],[1.0,1.0,1.0,1.0,1.0,1.0,1.0,1.0]
10746,[47,790,860,4891,5928,6167,7423,10099],[1.0,1.0,1.0,1.0,1.0,1.0,1.0,1.0]
10746,[896,2916,3089,4534,5049,9953,10621],[1.0,1.0,1.0,1.0,1.0,1.0,1.0]
10746,[47,1596,3082,5939,6277,7917,9595,9611],[1.0,1.0,1.0,1.0,1.0,1.0,1.0,1.0]
10746,[3089,5003,5049,5928],[1.0,1.0,1.0,1.0]
10746,[1706,3783,5049,7917,8904,9289],[1.0,1.0,1.0,1.0,1.0,1.0]
10746,[47,217,896,2472,3749,5049,7877,10115],[1.0,1.0,1.0,1.0,1.0,1.0,1.0,1.0]
10746,[191,2443,3749,4868,5049,5804,6167,6887,9578,10372],[1.0,1.0,1.0,1.0,1.0,1.0,1.0,1.0,1.0,1.0]
10746,[790,896,956,994,2627,4332,4534,5866,6394,10419],[1.0,1.0,1.0,1.0,1.0,1.0,1.0,1.0,1.0,1.0]
10746,[47,896,956,1596,2627,4534,5049],[1.0,1.0,1.0,1.0,1.0,1.0,1.0]
10746,[1255,1596,3082,5928,5948,9270,10419,10621],[1.0,1.0,1.0,1.0,1.0,1.0,1.0,1.0]
10746,[463,902,1275,3741,5318,6080,6986,8041],[1.0,1.0,1.0,1.0,1.0,1.0,1.0,1.0]
10746,[47,790,956,1255,5928,6639,10398,10419],[1.0,1.0,1.0,1.0,1.0,1.0,1.0,1.0]
10746,[191,4336,4611,5948,9270,10056],[1.0,1.0,1.0,1.0,1.0,1.0]
10746,[874,1255,1706,3514,4606,6986,7306,8642,9289],[1.0,1.0,1.0,1.0,1.0,1.0,1.0,1.0,1.0]
10746,[1255,3036,6986,7388,7423,7843,10398],[1.0,1.0,1.0,1.0,1.0,1.0,1.0]
10746,[47,2425,4336,4656,5928,7423,9974],[1.0,1.0,1.0,1.0,1.0,1.0,1.0]
10746,[191,1093,3192,3783,5537,6341,7258,8642,9289],[1.0,1.0,1.0,1.0,1.0,1.0,1.0,1.0,1.0]
10746,[47,4947,6392,6425,8866,9407,9933],[1.0,1.0,1.0,1.0,1.0,1.0,1.0]
10746,[47,1887,3089,4191,6214,6512,7218,9237],[1.0,1.0,1.0,1.0,1.0,1.0,1.0,1.0]
10746,[47,3340,5069,6035,7976,9066,10419],[1.0,1.0,1.0,1.0,1.0,1.0,1.0]
10746,[1887,3783,5592,5971,6167,6214,7390],[1.0,1.0,1.0,1.0,1.0,1.0,1.0]
10746,[1098,4961,6035,6603,7258,9293,9555,10670],[1.0,1.0,1.0,1.0,1.0,1.0,1.0,1.0]
10746,[2005,2414,4136,7923,8347,8544,9293,10068],[1.0,1.0,1.0,1.0,1.0,1.0,1.0,1.0]
10746,[1829,1887,2859,3783,3938,6080,9420,10139],[1.0,1.0,1.0,1.0,1.0,1.0,1.0,1.0]
10746,[122,758,790,2708,2986,4534,6471,8310],[1.0,1.0,1.0,1.0,1.0,1.0,1.0,1.0]
10746,[1093,2098,3783,4606,5592,7917,10139],[1.0,1.0,1.0,1.0,1.0,1.0,1.0]
10746,[3070,4258,5641,8147,8463,8642,9289,9534],[1.0,1.0,1.0,1.0,1.0,1.0,1.0,1.0]
10746,[2986,6214,9270,10508,10690],[1.0,1.0,1.0,1.0,1.0]
10746,[143,2708,3219,6354,7634,7843,9953],[1.0,1.0,1.0,1.0,1.0,1.0,1.0]
10746,[837,4294,4405,5049,5320,10082],[1.0,1.0,1.0,1.0,1.0,1.0]
10746,[896,1093,2458,7934,8821,10621],[1.0,1.0,1.0,1.0,1.0,1.0]
10746,[896,2123,2986,5318,6639,8818],[1.0,1.0,1.0,1.0,1.0,1.0]
10746,[47,1803,5860,7026,7423,7917,9611],[1.0,1.0,1.0,1.0,1.0,1.0,1.0]
10746,[975,1481,4442,8145,9270,9977,10139],[1.0,1.0,1.0,1.0,1.0,1.0,1.0]
10746,[1036,2708,4534,8227,9030,9270,9750],[1.0,1.0,1.0,1.0,1.0,1.0,1.0]
10746,[1706,4854,5429,5604,7625,9030,10292],[1.0,1.0,1.0,1.0,1.0,1.0,1.0]
10746,[598,1517,2625,2799,2916,3287,4332],[1.0,1.0,1.0,1.0,1.0,1.0,1.0]
10746,[3089,4891,5604,6167,10099],[1.0,1.0,1.0,1.0,1.0]
10746,[1706,2625,3287,4891,5604,8729,9030],[1.0,1.0,1.0,1.0,1.0,1.0,1.0]
10746,[1963,2708,3089,5003,5142,8600,9595],[1.0,1.0,1.0,1.0,1.0,1.0,1.0]
10746,[747,1955,2518,4066,4263,5197,7019,8642,9289],[1.0,1.0,1.0,1.0,1.0,1.0,1.0,1.0,1.0]
10746,[650,2511,2625,3287,3502,5744,7027,7331,9030],[1.0,1.0,1.0,1.0,1.0,1.0,1.0,1.0,1.0]
10746,[1706,7339,7625,9030,9585,10292],[1.0,1.0,1.0,1.0,1.0,1.0]
10746,[1625,1830,7091,9111,9270,9361,9534],[1.0,1.0,1.0,1.0,1.0,1.0,1.0]
10746,[2799,2916,4534,5604,8729,10381],[1.0,1.0,1.0,1.0,1.0,1.0]
10746,[1117,2074,2625,3287,6165,10716],[1.0,1.0,1.0,1.0,1.0,1.0]
10746,[4434,4606,4648,6609,7645,9270,9420,10063],[1.0,1.0,1.0,1.0,1.0,1.0,1.0,1.0]
10746,[1093,6295,8544,8904,9030,9215,9289],[1.0,1.0,1.0,1.0,1.0,1.0,1.0]
10746,[1237,5324,5928,6053,8642,9289,9851],[1.0,1.0,1.0,1.0,1.0,1.0,1.0]
10746,[2447,2916,5429,5928,6091,7165],[1.0,1.0,1.0,1.0,1.0,1.0]
10746,[1517,3755,3944,4649,7610,8114,9270,9953],[1.0,1.0,1.0,1.0,1.0,1.0,1.0,1.0]
10746,[2493,3089,8040,8908,8921,9632,10716],[1.0,1.0,1.0,1.0,1.0,1.0,1.0]
10746,[1517,4649,5990,6035,6796,9851],[1.0,1.0,1.0,1.0,1.0,1.0]
10746,[1036,1117,3089,4891,6167,10099],[1.0,1.0,1.0,1.0,1.0,1.0]
10746,[1237,2799,3755,4854,5928,6053,9270],[1.0,1.0,1.0,1.0,1.0,1.0,1.0]
10746,[1117,2618,2799,5642,5662,6335,9293],[1.0,1.0,1.0,1.0,1.0,1.0,1.0]
10746,[1117,2799,5541,5928,6091,7343],[1.0,1.0,1.0,1.0,1.0,1.0]
10746,[121,3089,5003,6053,7098,8904,9595],[1.0,1.0,1.0,1.0,1.0,1.0,1.0]
10746,[447,2618,2799,4217,5440,9406,9595,10433],[1.0,1.0,1.0,1.0,1.0,1.0,1.0,1.0]
10746,[217,447,1237,1326,3965,5928,7502,8114,9289],[1.0,1.0,1.0,1.0,1.0,1.0,1.0,1.0,1.0]
10746,[13,245,896,1255,2916,4534,6091,10139],[1.0,1.0,1.0,1.0,1.0,1.0,1.0,1.0]
10746,[143,1099,2771,5150,5759,5985,8904],[1.0,1.0,1.0,1.0,1.0,1.0,1.0]
10746,[725,1036,4205,4611,5885,9851,10122,10139],[1.0,1.0,1.0,1.0,1.0,1.0,1.0,1.0]
10746,[1275,1637,2422,4414,8054,8642,8701],[1.0,1.0,1.0,1.0,1.0,1.0,1.0]
10746,[122,2206,4389,4611,4642,4891,7928,9270,9632],[1.0,1.0,1.0,1.0,1.0,1.0,1.0,1.0,1.0]
10746,[122,1669,3089,3944,4046,10122,10259],[1.0,1.0,1.0,1.0,1.0,1.0,1.0]
10746,[3339,5003,6916,7923,8701,8989,9270],[1.0,1.0,1.0,1.0,1.0,1.0,1.0]
10746,[1637,3089,4414,5003,5345,6541,9595],[1.0,1.0,1.0,1.0,1.0,1.0,1.0]
10746,[1028,1622,1673,6335,7548,8904,9290],[1.0,1.0,1.0,1.0,1.0,1.0,1.0]
10746,[213,902,1028,1637,4414,5181,6047,7384,8114],[1.0,1.0,1.0,1.0,1.0,1.0,1.0,1.0,1.0]
10746,[2907,4901,7548,8114,8904,9972,10139],[1.0,1.0,1.0,1.0,1.0,1.0,1.0]
10746,[1255,1791,4682,5328,5440,8642,9289,9465],[1.0,1.0,1.0,1.0,1.0,1.0,1.0,1.0]
10746,[683,1255,1766,4606,6609,8396,9270,9851],[1.0,1.0,1.0,1.0,1.0,1.0,1.0,1.0]
10746,[578,683,4263,5837,5918,7461,8821,10387],[1.0,1.0,1.0,1.0,1.0,1.0,1.0,1.0]
10746,[83,1706,2074,4042,9693,10122,10139,10530],[1.0,1.0,1.0,1.0,1.0,1.0,1.0,1.0]
10746,[3089,3732,4191,4263,6878,8130,9155,10173],[1.0,1.0,1.0,1.0,1.0,1.0,1.0,1.0]
10746,[3484,6597,7226,7269,7325,7749,8908],[1.0,1.0,1.0,1.0,1.0,1.0,1.0]
10746,[122,143,1673,2861,4191,4258,8040,8729,9270],[1.0,1.0,1.0,1.0,1.0,1.0,1.0,1.0,1.0]
10746,[1622,2425,4258,7548,9289,10463],[1.0,1.0,1.0,1.0,1.0,1.0]
10746,[213,902,1028,1673,5181,6047,6335,7384],[1.0,1.0,1.0,1.0,1.0,1.0,1.0,1.0]
10746,[1637,2907,4414,7548,8114,8904,10139],[1.0,1.0,1.0,1.0,1.0,1.0,1.0]
10746,[122,179,365,4804,4901,6335,8114,8280,8343,9972],[1.0,1.0,1.0,1.0,1.0,1.0,1.0,1.0,1.0,1.0]
10746,[646,2139,4405,5592,6541,9816],[1.0,1.0,1.0,1.0,1.0,1.0]
10746,[2238,2708,3327,3741,4191,5564,10621],[1.0,1.0,1.0,1.0,1.0,1.0,1.0]
10746,[902,3950,5328,5928,8040,8917,9290],[1.0,1.0,1.0,1.0,1.0,1.0,1.0]
10746,[1255,1766,1791,4606,4682,5440,9289,9465,9851],[1.0,1.0,1.0,1.0,1.0,1.0,1.0,1.0,1.0]
