10746,[1870,2845,3788,4440,4686,7011,9433,9491],[1.0,1.0,1.0,1.0,1.0,1.0,1.0,1.0]
10746,[121,213,840,1175,1296,1431,2953,3579,10360,10463],[1.0,1.0,1.0,1.0,1.0,1.0,1.0,1.0,1.0,1.0]
10746,[1317,2123,3422,4486,9000,9130,10277,10658],[1.0,1.0,1.0,1.0,1.0,1.0,1.0,1.0]
10746,[878,3022,4717,4888,6002,6899,7317,9760],[1.0,1.0,1.0,1.0,1.0,1.0,1.0,1.0]
10746,[243,3549,4093,4636,6341,9760,10277],[1.0,1.0,1.0,1.0,1.0,1.0,1.0]
10746,[841,4217,4576,7390,8453,9422,9871,10621],[1.0,1.0,1.0,1.0,1.0,1.0,1.0,1.0]
10746,[556,7746,9882,10182,10217,10714],[1.0,1.0,1.0,1.0,1.0,1.0]
10746,[243,896,1535,3306,4597,5596,9041,9632,10182],[1.0,1.0,1.0,1.0,1.0,1.0,1.0,1.0,1.0]
10746,[1534,2530,3890,5820,7340,8114,9632,10433],[1.0,1.0,1.0,1.0,1.0,1.0,1.0,1.0]
10746,[1299,5592,6492,6750,7435,7721,9407,10191,10734],[1.0,1.0,1.0,1.0,1.0,1.0,1.0,1.0,1.0]
10746,[3677,4534,6625,7643,8457,9006],[1.0,1.0,1.0,1.0,1.0,1.0]
10746,[4202,4344,5596,7340,9632,10050,10671],[1.0,1.0,1.0,1.0,1.0,1.0,1.0]
10746,[1099,1438,1551,2493,3910,4649,7363,8280,9722],[1.0,1.0,1.0,1.0,1.0,1.0,1.0,1.0,1.0]
10746,[1237,3257,6335,8546,8595,9528,9646,10068,10082],[1.0,1.0,1.0,1.0,1.0,1.0,1.0,1.0,1.0]
10746,[1870,3549,8092,8114,8519,9851,10082,10621],[1.0,1.0,1.0,1.0,1.0,1.0,1.0,1.0]
10746,[1128,1479,1760,2845,3788,6597,7011,9491,10041],[1.0,1.0,1.0,1.0,1.0,1.0,1.0,1.0,1.0]
