10746,[2610,3844,4411,4616,4778,5300,6502,8867,9491,10569],[1.0,1.0,1.0,1.0,1.0,1.0,1.0,1.0,1.0,1.0]
10746,[39,1237,3844,4440,6753,8635],[1.0,1.0,1.0,1.0,1.0,1.0]
10746,[2518,4055,4778,5017,6131,6753,7463,9865,10201,10360],[1.0,1.0,1.0,1.0,1.0,1.0,1.0,1.0,1.0,1.0]
10746,[213,2013,3844,5201,8540,8751,8779,9491,10152],[1.0,1.0,1.0,1.0,1.0,1.0,1.0,1.0,1.0]
10746,[126,242,936,3249,3695,4801,6557,10028,10029],[1.0,1.0,1.0,1.0,1.0,1.0,1.0,1.0,1.0]
10746,[733,1005,1706,2310,3695,4534,4801,6819,10335],[1.0,1.0,1.0,1.0,1.0,1.0,1.0,1.0,1.0]
10746,[202,869,2310,3829,4805,5658,6603,10222],[1.0,1.0,1.0,1.0,1.0,1.0,1.0,1.0]
10746,[1255,2185,2596,4576,4592,4944,6335,6872,7516],[1.0,1.0,1.0,1.0,1.0,1.0,1.0,1.0,1.0]
10746,[1113,2916,3094,3651,4205,7506,8114,8580,8911],[1.0,1.0,1.0,1.0,1.0,1.0,1.0,1.0,1.0]
10746,[365,2596,2916,3106,4264,7333,7791],[1.0,1.0,1.0,1.0,1.0,1.0,1.0]
10746,[1255,2185,6753],[1.0,1.0,1.0]
