10746,[1870,2845,3788,4440,5737,6547,7011,9491],[1.0,1.0,1.0,1.0,1.0,1.0,1.0,1.0]
10746,[207,213,1296,1431,1870,2348,3579,10360,10463],[1.0,1.0,1.0,1.0,1.0,1.0,1.0,1.0,1.0]
10746,[2348,4582,7367,7582,7997,9000],[1.0,1.0,1.0,1.0,1.0,1.0]
10746,[546,869,1712,2425,4419,8815,9632],[1.0,1.0,1.0,1.0,1.0,1.0,1.0]
10746,[1052,1960,4405,7390,8815,9290,9298,9632,9703],[1.0,1.0,1.0,1.0,1.0,1.0,1.0,1.0,1.0]
10746,[399,2124,6080,9632,9703,9757],[1.0,1.0,1.0,1.0,1.0,1.0]
10746,[533,3890,4058,4419,5089,5564,9632,9703],[1.0,1.0,1.0,1.0,1.0,1.0,1.0,1.0]
10746,[1706,4058,4582,6257,7384,7874,9703,9757],[1.0,1.0,1.0,1.0,1.0,1.0,1.0,1.0]
10746,[4419,5429,5710,7718,10068],[1.0,1.0,1.0,1.0,1.0]
10746,[14,4419,5637,5946,7379,9237,9753,10056],[1.0,1.0,1.0,1.0,1.0,1.0,1.0,1.0]
10746,[2589,3263,3566,3741,4405,8673,9000,9273,9632],[1.0,1.0,1.0,1.0,1.0,1.0,1.0,1.0,1.0]
10746,[399,2455,2986,3290,3833,4419,8114,9000,9703],[1.0,1.0,1.0,1.0,1.0,1.0,1.0,1.0,1.0]
10746,[399,3741,4405,9000,9703],[1.0,1.0,1.0,1.0,1.0]
10746,[1128,1479,1760,1870,2845,3788,7011,8092,9491,10041],[1.0,1.0,1.0,1.0,1.0,1.0,1.0,1.0,1.0,1.0]
10746,[6597],[1.0]
