10746,[2030,4440,4750,6753,7159,9632,10187,10360],[1.0,1.0,1.0,1.0,1.0,1.0,1.0,1.0]
10746,[213,1193,1652,2518,2661,3669,4681,4778,10152,10187],[1.0,1.0,1.0,1.0,1.0,1.0,1.0,1.0,1.0,1.0]
10746,[1853,3450,3608,9305,9491,10463],[1.0,1.0,1.0,1.0,1.0,1.0]
10746,[894,936,1706,2074,2530,3098,4899,9491,9831],[1.0,1.0,1.0,1.0,1.0,1.0,1.0,1.0,1.0]
10746,[1099,1275,1315,4606,5221,8114,9273,10539],[1.0,1.0,1.0,1.0,1.0,1.0,1.0,1.0]
10746,[1920,2916,4606,6341,6365,6368,6394,10621],[1.0,1.0,1.0,1.0,1.0,1.0,1.0,1.0]
10746,[463,971,4603,6500,8571,9379,9489,9607],[1.0,1.0,1.0,1.0,1.0,1.0,1.0,1.0]
10746,[2455,2618,4042,4204,4611,6500,7728,9607],[1.0,1.0,1.0,1.0,1.0,1.0,1.0,1.0]
10746,[2272,2876,2916,3832,7101,7381,9528,9748],[1.0,1.0,1.0,1.0,1.0,1.0,1.0,1.0]
10746,[356,5820,8343],[1.0,1.0,1.0]
