10746,[64,514,540,2566,2763,4440,8811,9632,9972],[1.0,1.0,1.0,1.0,1.0,1.0,1.0,1.0,1.0]
10746,[213,1652,2582,2763,3336,4682,7153,7633,8859,10360],[1.0,1.0,1.0,1.0,1.0,1.0,1.0,1.0,1.0,1.0]
10746,[902,1513,4807,4953,7990,8773,9000,10067],[1.0,1.0,1.0,1.0,1.0,1.0,1.0,1.0]
10746,[4268,4374,4405,5592,6035,9270],[1.0,1.0,1.0,1.0,1.0,1.0]
10746,[372,1706,2916,4534,4649,5592,7700,8172,8553],[1.0,1.0,1.0,1.0,1.0,1.0,1.0,1.0,1.0]
10746,[1237,1706,2123,2521,3339,3340,7173,9365],[1.0,1.0,1.0,1.0,1.0,1.0,1.0,1.0]
10746,[902,2916,3002,4149,4344,6229,7502,8170],[1.0,1.0,1.0,1.0,1.0,1.0,1.0,1.0]
10746,[1706,2799,2828,4042,5804,5883,7204,8729,10104],[1.0,1.0,1.0,1.0,1.0,1.0,1.0,1.0,1.0]
10746,[2521,2799,4534,4843,5592,7423,8172,9523],[1.0,1.0,1.0,1.0,1.0,1.0,1.0,1.0]
10746,[4110,4512,5804,6002,6388,8729,10104],[1.0,1.0,1.0,1.0,1.0,1.0,1.0]
10746,[966,4113,4344,4871,6468,9988],[1.0,1.0,1.0,1.0,1.0,1.0]
10746,[1255,1842,2916,4188,5473,5819,8398,8630,9365,10222],[1.0,1.0,1.0,1.0,1.0,1.0,1.0,1.0,1.0,1.0]
10746,[896,2992,3206,3990,4188,4336,4962,7502,9578,10332],[1.0,1.0,1.0,1.0,1.0,1.0,1.0,1.0,1.0,1.0]
10746,[1640,2916,3264,6426,7423,8491,9406,9988,10398],[1.0,1.0,1.0,1.0,1.0,1.0,1.0,1.0,1.0]
10746,[679,2974,4576,4955,6024,6481,7423,10398],[1.0,1.0,1.0,1.0,1.0,1.0,1.0,1.0]
10746,[46,3426,4309,7423,7761,8398,9633],[1.0,1.0,1.0,1.0,1.0,1.0,1.0]
10746,[902,1253,4149,5077,6002,8729,9953,10268],[1.0,1.0,1.0,1.0,1.0,1.0,1.0,1.0]
10746,[1681,2366,3257,4688,4955,5138,8729,9600,10103],[1.0,1.0,1.0,1.0,1.0,1.0,1.0,1.0,1.0]
10746,[520,631,1299,2967,6047,7195,7387,8842,9603,10522],[1.0,1.0,1.0,1.0,1.0,1.0,1.0,1.0,1.0,1.0]
10746,[463,1299,3089,4606,6298,6394,7218,9988],[1.0,1.0,1.0,1.0,1.0,1.0,1.0,1.0]
10746,[2123,3089,5081,6229,8453,8729],[1.0,1.0,1.0,1.0,1.0,1.0]
10746,[2618,3586,5102,5737,6080,6271,6341,7452,7907,10336],[1.0,1.0,1.0,1.0,1.0,1.0,1.0,1.0,1.0,1.0]
10746,[463,1298,2123,2618,4534,4953,7934],[1.0,1.0,1.0,1.0,1.0,1.0,1.0]
10746,[1099,1854,5737,6341,7218,9911],[1.0,1.0,1.0,1.0,1.0,1.0]
10746,[1266,1706,3339,4380,5983,6080,8398,8582],[1.0,1.0,1.0,1.0,1.0,1.0,1.0,1.0]
10746,[902,1266,2406,2783,3545,4576,6047,8062],[1.0,1.0,1.0,1.0,1.0,1.0,1.0,1.0]
10746,[529,1266,2627,3741,4618,5388,8554,9724,10433],[1.0,1.0,1.0,1.0,1.0,1.0,1.0,1.0,1.0]
10746,[14,204,417,1054,5121,5887,5978,10191,10222],[1.0,1.0,1.0,1.0,1.0,1.0,1.0,1.0,1.0]
10746,[2916,3171,4534,6053,6298,7205,7913,8246],[1.0,1.0,1.0,1.0,1.0,1.0,1.0,1.0]
10746,[479,529,1421,3426,5171,5467,7423,10057,10119],[1.0,1.0,1.0,1.0,1.0,1.0,1.0,1.0,1.0]
10746,[1238,2493,4534,5171,6053,8934,9831],[1.0,1.0,1.0,1.0,1.0,1.0,1.0]
10746,[608,2238,3257,4534,4884,5181,6335,6341],[1.0,1.0,1.0,1.0,1.0,1.0,1.0,1.0]
10746,[2449,3685,4534,4649,7390,8720,9290,10056,10103],[1.0,1.0,1.0,1.0,1.0,1.0,1.0,1.0,1.0]
10746,[26,2074,2455,3590,4354,8729,10056,10419],[1.0,1.0,1.0,1.0,1.0,1.0,1.0,1.0]
10746,[1298,2364,3318,3590,4405,4534,10103],[1.0,1.0,1.0,1.0,1.0,1.0,1.0]
10746,[1298,2123,5592,8021,9365,9568],[1.0,1.0,1.0,1.0,1.0,1.0]
10746,[1298,2123,4611,4707,5525,10414],[1.0,1.0,1.0,1.0,1.0,1.0]
10746,[956,1298,3886,4217,7718,8582,9247],[1.0,1.0,1.0,1.0,1.0,1.0,1.0]
10746,[1099,2618,2904,3057,4405,5440,6229,6341,9298,10621],[1.0,1.0,1.0,1.0,1.0,1.0,1.0,1.0,1.0,1.0]
10746,[3118,4498,4732,7421,7843,7890,9972],[1.0,1.0,1.0,1.0,1.0,1.0,1.0]
10746,[175,1795,2074,2156,3592,4611,6172,8199,9045],[1.0,1.0,1.0,1.0,1.0,1.0,1.0,1.0,1.0]
10746,[1188,2295,4768,6035,7390,8971,9776],[1.0,1.0,1.0,1.0,1.0,1.0,1.0]
10746,[1673,4205,4953,8199,9292,10433,10438],[1.0,1.0,1.0,1.0,1.0,1.0,1.0]
10746,[896,1410,1772,1920,3907,4534,5823,9273,9289],[1.0,1.0,1.0,1.0,1.0,1.0,1.0,1.0,1.0]
10746,[464,2992,3590,4649,4707,6836,10621],[1.0,1.0,1.0,1.0,1.0,1.0,1.0]
10746,[1032,2530,3945,4534,5710,5832,7415,10621],[1.0,1.0,1.0,1.0,1.0,1.0,1.0,1.0]
10746,[1671,4159,7351,8554,8846],[1.0,1.0,1.0,1.0,1.0]
10746,[855,1187,4191,4707,4921,6035],[1.0,1.0,1.0,1.0,1.0,1.0]
10746,[457,2407,4341,4534,5181,8114,9365,9886,10621],[1.0,1.0,1.0,1.0,1.0,1.0,1.0,1.0,1.0]
10746,[806,2366,3002,4534,4707,6117,9270,9365,10621],[1.0,1.0,1.0,1.0,1.0,1.0,1.0,1.0,1.0]
10746,[1776,3532,5480,5928,7506,8442,9632],[1.0,1.0,1.0,1.0,1.0,1.0,1.0]
10746,[121,182,1460,2818,3532,5324,7074,9273],[1.0,1.0,1.0,1.0,1.0,1.0,1.0,1.0]
10746,[464,4191,4332,4498,4534,4707,6918,7890],[1.0,1.0,1.0,1.0,1.0,1.0,1.0,1.0]
10746,[2771,4191,4424,5534,6035,8690,9249,9298,10222],[1.0,1.0,1.0,1.0,1.0,1.0,1.0,1.0,1.0]
10746,[16,1153,1275,1769,7423,8398,8442,8889],[1.0,1.0,1.0,1.0,1.0,1.0,1.0,1.0]
10746,[2382,5326,6257,7021,7379,7649,8582,9523],[1.0,1.0,1.0,1.0,1.0,1.0,1.0,1.0]
10746,[3087,3549,4113,5069,5641,6125,7407,9972],[1.0,1.0,1.0,1.0,1.0,1.0,1.0,1.0]
10746,[475,3082,4349,5069,5324,8582,9692,9851],[1.0,1.0,1.0,1.0,1.0,1.0,1.0,1.0]
10746,[175,844,956,2493,3257,4640,5326,6438,7379],[1.0,1.0,1.0,1.0,1.0,1.0,1.0,1.0,1.0]
10746,[475,896,2407,2916,7869,7923,8114,10433,10539],[1.0,1.0,1.0,1.0,1.0,1.0,1.0,1.0,1.0]
10746,[4217,5710,6482,9903,9972,10011],[1.0,1.0,1.0,1.0,1.0,1.0]
10746,[2588,4336,4688,6170,6938,7548,8032,9632],[1.0,1.0,1.0,1.0,1.0,1.0,1.0,1.0]
10746,[1005,2530,2618,2916,4217,5065,8917],[1.0,1.0,1.0,1.0,1.0,1.0,1.0]
10746,[869,956,3754,4217,4405,5592,5885,9626],[1.0,1.0,1.0,1.0,1.0,1.0,1.0,1.0]
10746,[51,1005,2588,4295,7890,9903,10082],[1.0,1.0,1.0,1.0,1.0,1.0,1.0]
10746,[35,1681,4221,4755,6295,6426,7379,8005],[1.0,1.0,1.0,1.0,1.0,1.0,1.0,1.0]
10746,[1255,1353,3259,3946,4755,6401,9632,9972,10536],[1.0,1.0,1.0,1.0,1.0,1.0,1.0,1.0,1.0]
10746,[3097,6569,6603,7173,8227,9364,10103,10621],[1.0,1.0,1.0,1.0,1.0,1.0,1.0,1.0]
10746,[501,902,2114,2123,5537,7204,7379,7390,9569,10621],[1.0,1.0,1.0,1.0,1.0,1.0,1.0,1.0,1.0,1.0]
10746,[1275,2493,3590,4534,4649,5102,9513,9993],[1.0,1.0,1.0,1.0,1.0,1.0,1.0,1.0]
10746,[4929,6125,8227,8729,9247,10029],[1.0,1.0,1.0,1.0,1.0,1.0]
10746,[97,3545,3590,4303,5142,8630,8729,9298,10024],[1.0,1.0,1.0,1.0,1.0,1.0,1.0,1.0,1.0]
10746,[342,966,2455,6047,8908,10028,10419],[1.0,1.0,1.0,1.0,1.0,1.0,1.0]
10746,[289,2074,2781,4869,5544,8729,8895,9298,10388],[1.0,1.0,1.0,1.0,1.0,1.0,1.0,1.0,1.0]
10746,[143,359,902,1218,1673,3417,5181,5985,9247],[1.0,1.0,1.0,1.0,1.0,1.0,1.0,1.0,1.0]
10746,[3426,3545,3590,6172,7933,8398,8475,10082],[1.0,1.0,1.0,1.0,1.0,1.0,1.0,1.0]
10746,[956,3097,3417,4191,4205,6053,7933,10103],[1.0,1.0,1.0,1.0,1.0,1.0,1.0,1.0]
10746,[1588,2074,4032,4405,6229,6457,8729,9611,10743],[1.0,1.0,1.0,1.0,1.0,1.0,1.0,1.0,1.0]
10746,[2618,3590,3821,5102,6216,6547,10038,10508],[1.0,1.0,1.0,1.0,1.0,1.0,1.0,1.0]
10746,[143,1098,2618,4205,5985,6295,6417,9611,9882],[1.0,1.0,1.0,1.0,1.0,1.0,1.0,1.0,1.0]
10746,[2493,3092,3821,4443,4707,5544,6603,10028],[1.0,1.0,1.0,1.0,1.0,1.0,1.0,1.0]
10746,[1098,3092,4066,4217,4332,7843],[1.0,1.0,1.0,1.0,1.0,1.0]
10746,[567,1275,1552,2923,6035,8885,9661],[1.0,1.0,1.0,1.0,1.0,1.0,1.0]
10746,[1697,3075,3590,4534,6229,7423,8475,10336,10433],[1.0,1.0,1.0,1.0,1.0,1.0,1.0,1.0,1.0]
10746,[2824,4060,4113,4203,4272,6035,8475,9972],[1.0,1.0,1.0,1.0,1.0,1.0,1.0,1.0]
10746,[844,956,2325,2824,3651,3754,3783,8991],[1.0,1.0,1.0,1.0,1.0,1.0,1.0,1.0]
10746,[1759,2068,3549,4113,5628,5827,7366],[1.0,1.0,1.0,1.0,1.0,1.0,1.0]
10746,[1291,1340,2530,4217,4405,6047,6335,9298,10621],[1.0,1.0,1.0,1.0,1.0,1.0,1.0,1.0,1.0]
10746,[902,1291,2493,2530,7356,9283,9632,10103],[1.0,1.0,1.0,1.0,1.0,1.0,1.0,1.0]
10746,[713,822,2492,3993,6823,9270,10093],[1.0,1.0,1.0,1.0,1.0,1.0,1.0]
10746,[1255,1493,3318,5215,5744,6115,6170,9190],[1.0,1.0,1.0,1.0,1.0,1.0,1.0,1.0]
10746,[14,1275,3094,3374,3441,5641,9270,9292],[1.0,1.0,1.0,1.0,1.0,1.0,1.0,1.0]
10746,[191,902,4167,4313,5648,6056,6298,7452,9270],[1.0,1.0,1.0,1.0,1.0,1.0,1.0,1.0,1.0]
10746,[164,1341,2123,5661,7645,7843,8297,10716],[1.0,1.0,1.0,1.0,1.0,1.0,1.0,1.0]
10746,[902,1341,2228,4534,4561,5928,7423,7649,8595,9364],[1.0,1.0,1.0,1.0,1.0,1.0,1.0,1.0,1.0,1.0]
10746,[47,1089,2542,4534,5641,5711,6371,7205,7423],[1.0,1.0,1.0,1.0,1.0,1.0,1.0,1.0,1.0]
10746,[436,1150,2916,4640,7649,8114,9259],[1.0,1.0,1.0,1.0,1.0,1.0,1.0]
10746,[51,143,1634,1706,2215,5181,5985,7316,9247],[1.0,1.0,1.0,1.0,1.0,1.0,1.0,1.0,1.0]
10746,[143,720,2123,2730,5985,6457,7306,8729],[1.0,1.0,1.0,1.0,1.0,1.0,1.0,1.0]
10746,[143,3417,5985,7923,8041,8398,8729,9659,10028,10222],[1.0,1.0,1.0,1.0,1.0,1.0,1.0,1.0,1.0,1.0]
10746,[143,966,2123,3097,4191,5985,6053,7218],[1.0,1.0,1.0,1.0,1.0,1.0,1.0,1.0]
10746,[1966,2123,4032,6590,9247,9568],[1.0,1.0,1.0,1.0,1.0,1.0]
10746,[143,1098,1979,2123,4707,4871,5791,5907,5985],[1.0,1.0,1.0,1.0,1.0,1.0,1.0,1.0,1.0]
10746,[1829,2425,2429,2530,4332,5592,7728,7929,9247],[1.0,1.0,1.0,1.0,1.0,1.0,1.0,1.0,1.0]
10746,[1535,2560,2618,3426,4174,6893,7390,8584,9236],[1.0,1.0,1.0,1.0,1.0,1.0,1.0,1.0,1.0]
10746,[58,1195,1255,6229,6335,7792,7929,9273,9744],[1.0,1.0,1.0,1.0,1.0,1.0,1.0,1.0,1.0]
10746,[1292,2079,3514,7792,8041,8729,9687],[1.0,1.0,1.0,1.0,1.0,1.0,1.0]
10746,[2377,2530,3318,4238,6492,7390,7516,9611,9831,10419],[1.0,1.0,1.0,1.0,1.0,1.0,1.0,1.0,1.0,1.0]
10746,[1255,2992,5737,5944,8114,8673,8976,9744,9972],[1.0,1.0,1.0,1.0,1.0,1.0,1.0,1.0,1.0]
10746,[125,143,822,4606,5328,6547,7502,7792,10621],[1.0,1.0,1.0,1.0,1.0,1.0,1.0,1.0,1.0]
10746,[1255,2589,2916,5181,7923,9289,9311,9379],[1.0,1.0,1.0,1.0,1.0,1.0,1.0,1.0]
10746,[1706,1990,2530,5142,6778,8007,8041],[1.0,1.0,1.0,1.0,1.0,1.0,1.0]
10746,[172,747,2601,4669,4707,6536,8729,8842],[1.0,1.0,1.0,1.0,1.0,1.0,1.0,1.0]
10746,[289,4405,4534,4606,5618,5710,8908,9270],[1.0,1.0,1.0,1.0,1.0,1.0,1.0,1.0]
10746,[966,2530,2861,4534,4871,8729,8908],[1.0,1.0,1.0,1.0,1.0,1.0,1.0]
10746,[966,1275,4606,5604,6394,7506,8729,8908,9247,10714],[1.0,1.0,1.0,1.0,1.0,1.0,1.0,1.0,1.0,1.0]
10746,[26,2596,4804,4953,5604,6394,8280,8908,10170,10419],[1.0,1.0,1.0,1.0,1.0,1.0,1.0,1.0,1.0,1.0]
10746,[2530,4294,4707,5142,5544,8041,9129,9452,9882,10254],[1.0,1.0,1.0,1.0,1.0,1.0,1.0,1.0,1.0,1.0]
10746,[143,662,5985,7792,7923,9247,9273,10222],[1.0,1.0,1.0,1.0,1.0,1.0,1.0,1.0]
10746,[64,2566,3061,6017,7923,8953,9273,9802],[1.0,1.0,1.0,1.0,1.0,1.0,1.0,1.0]
10746,[191,2763,3061,4345,4955,5170,7890],[1.0,1.0,1.0,1.0,1.0,1.0,1.0]
10746,[540,1847,2763,3336,8811,9600],[1.0,1.0,1.0,1.0,1.0,1.0]
