10746,[2493,2916,4440,4695,4755,8104],[1.0,1.0,1.0,1.0,1.0,1.0]
10746,[208,213,4299,5808,6290,7207,7409,9135,10360,10463],[1.0,1.0,1.0,1.0,1.0,1.0,1.0,1.0,1.0,1.0]
10746,[15,52,208,578,936,3545,4299,9491,9846],[1.0,1.0,1.0,1.0,1.0,1.0,1.0,1.0,1.0]
10746,[1222,3685,3997,6229,7339,7580,9412,9465],[1.0,1.0,1.0,1.0,1.0,1.0,1.0,1.0]
10746,[193,3381,4405,6159,8109,8170,8398,9962],[1.0,1.0,1.0,1.0,1.0,1.0,1.0,1.0]
10746,[549,956,1920,4640,4649,4950,5641,8114,9816],[1.0,1.0,1.0,1.0,1.0,1.0,1.0,1.0,1.0]
10746,[1237,1535,1920,2493,4217,5916,7506,8595],[1.0,1.0,1.0,1.0,1.0,1.0,1.0,1.0]
10746,[51,1275,3754,5885,5985,6335,9851,10419],[1.0,1.0,1.0,1.0,1.0,1.0,1.0,1.0]
10746,[747,1150,1588,3741,4929,6395,7325,7379,8280],[1.0,1.0,1.0,1.0,1.0,1.0,1.0,1.0,1.0]
10746,[501,529,578,2611,3587,3921,5690,9292],[1.0,1.0,1.0,1.0,1.0,1.0,1.0,1.0]
10746,[15,52,74,208,4198,4299,8245,9491],[1.0,1.0,1.0,1.0,1.0,1.0,1.0,1.0]
10746,[121,646,2240,3284,3442,4217,6385,10068],[1.0,1.0,1.0,1.0,1.0,1.0,1.0,1.0]
10746,[14,646,4332,6865,8476,8917,9270],[1.0,1.0,1.0,1.0,1.0,1.0,1.0]
10746,[869,1255,4268,5001,6940,9580,10415,10463],[1.0,1.0,1.0,1.0,1.0,1.0,1.0,1.0]
10746,[15,578,1242,1284,2425,7267,9270,9298,9580,10415],[1.0,1.0,1.0,1.0,1.0,1.0,1.0,1.0,1.0,1.0]
10746,[60,463,2530,3290,3514,6952,7033,7777],[1.0,1.0,1.0,1.0,1.0,1.0,1.0,1.0]
10746,[1900,2206,4027,6341,7646,8073,8511,9273],[1.0,1.0,1.0,1.0,1.0,1.0,1.0,1.0]
10746,[126,1054,1275,2618,4442,9270,9424,9611,9794],[1.0,1.0,1.0,1.0,1.0,1.0,1.0,1.0,1.0]
10746,[1903,4090,5928,6341,6841,7923,8398,8584,9364,9611],[1.0,1.0,1.0,1.0,1.0,1.0,1.0,1.0,1.0,1.0]
10746,[561,2305,2493,4534,5592,6047,9379],[1.0,1.0,1.0,1.0,1.0,1.0,1.0]
