10746,[39,3844,4440,6131,6753,8635,10201],[1.0,1.0,1.0,1.0,1.0,1.0,1.0]
10746,[213,1237,2518,4055,4778,5017,7463,9865,10152,10360],[1.0,1.0,1.0,1.0,1.0,1.0,1.0,1.0,1.0,1.0]
10746,[3844,6022,6753,8104,8140,8540,10188],[1.0,1.0,1.0,1.0,1.0,1.0,1.0]
10746,[936,3318,3545,5443,6145,7038,10621],[1.0,1.0,1.0,1.0,1.0,1.0,1.0]
10746,[469,766,1706,2123,2618,4074,4113,4545,5782],[1.0,1.0,1.0,1.0,1.0,1.0,1.0,1.0,1.0]
10746,[2455,3257,5505,7421,7645,10433],[1.0,1.0,1.0,1.0,1.0,1.0]
10746,[469,2618,4074,4545,5197,5304,5628,5782,7506,9555],[1.0,1.0,1.0,1.0,1.0,1.0,1.0,1.0,1.0,1.0]
10746,[1036,3089,4191,5069,5304,7117,7379,8114,10419,10442],[1.0,1.0,1.0,1.0,1.0,1.0,1.0,1.0,1.0,1.0]
10746,[16,2742,3545,4534,5304,6170,7188,8114,9851],[1.0,1.0,1.0,1.0,1.0,1.0,1.0,1.0,1.0]
10746,[416,457,902,2708,4545,5641,5928,6753],[1.0,1.0,1.0,1.0,1.0,1.0,1.0,1.0]
