10746,[11,1310,3501,4440,4686,5118,7829,8700],[1.0,1.0,1.0,1.0,1.0,1.0,1.0,1.0]
10746,[213,242,1304,1652,3474,3501,3979,5355,9491,10360],[1.0,1.0,1.0,1.0,1.0,1.0,1.0,1.0,1.0,1.0]
10746,[936,1317,2651,3474,7478,9491,9693,10658],[1.0,1.0,1.0,1.0,1.0,1.0,1.0,1.0]
10746,[11,3501,5118,7829,8700,9130,10463],[1.0,1.0,1.0,1.0,1.0,1.0,1.0]
10746,[242,936,3474,3545,4268,5355,8700,9270,9491,9957],[1.0,1.0,1.0,1.0,1.0,1.0,1.0,1.0,1.0,1.0]
10746,[936,3474,3925,5962,7117,9491],[1.0,1.0,1.0,1.0,1.0,1.0]
10746,[209,1667,3651,3873,5055,5349,7084,9084],[1.0,1.0,1.0,1.0,1.0,1.0,1.0,1.0]
10746,[213,501,1667,1803,2997,5623,6401,8729,9030],[1.0,1.0,1.0,1.0,1.0,1.0,1.0,1.0,1.0]
10746,[2287,3710,6115,6143,6497,6769,9708],[1.0,1.0,1.0,1.0,1.0,1.0,1.0]
10746,[1099,2618,3426,3713,4126,5962,7079,9851],[1.0,1.0,1.0,1.0,1.0,1.0,1.0,1.0]
10746,[2455,2708,5181,5962,6143,8686,8700,9632,10536,10542],[1.0,1.0,1.0,1.0,1.0,1.0,1.0,1.0,1.0,1.0]
10746,[365,838,3257,4191,4611,4669,4947,6533],[1.0,1.0,1.0,1.0,1.0,1.0,1.0,1.0]
10746,[1113,2799,4669,5962,7645,9970,10433],[1.0,1.0,1.0,1.0,1.0,1.0,1.0]
10746,[172,365,1667,1673,8686,9632],[1.0,1.0,1.0,1.0,1.0,1.0]
10746,[209,1579,4349,6053,8745,9003,9273,9632,10539],[1.0,1.0,1.0,1.0,1.0,1.0,1.0,1.0,1.0]
10746,[860,2334,2640,3661,4611,5885,5962],[1.0,1.0,1.0,1.0,1.0,1.0,1.0]
10746,[209,5055,6002,6255,7477,9632,10035,10621,10670],[1.0,1.0,1.0,1.0,1.0,1.0,1.0,1.0,1.0]
10746,[443,1711,3523,4076,5181,5661,7384,7477,8745,9632],[1.0,1.0,1.0,1.0,1.0,1.0,1.0,1.0,1.0,1.0]
10746,[209,589,5055,6255,6985,7477,7515,8041,8073],[1.0,1.0,1.0,1.0,1.0,1.0,1.0,1.0,1.0]
10746,[209,902,1324,2278,3052,4488,5055,8554,8653,9315],[1.0,1.0,1.0,1.0,1.0,1.0,1.0,1.0,1.0,1.0]
10746,[1552,1960,2425,3661,3873,6626,8041,10056],[1.0,1.0,1.0,1.0,1.0,1.0,1.0,1.0]
10746,[51,1665,3545,4217,5997,7643,8558,9700,10433],[1.0,1.0,1.0,1.0,1.0,1.0,1.0,1.0,1.0]
10746,[365,914,2334,3835,6257,8114,9289,9379],[1.0,1.0,1.0,1.0,1.0,1.0,1.0,1.0]
10746,[365,4075,5294,5962,7390,7477,8457,9883],[1.0,1.0,1.0,1.0,1.0,1.0,1.0,1.0]
10746,[14,1255,1631,2305,3337,5181,5685,8582,10222],[1.0,1.0,1.0,1.0,1.0,1.0,1.0,1.0,1.0]
10746,[1255,1675,1706,3766,6497,7691,9671],[1.0,1.0,1.0,1.0,1.0,1.0,1.0]
10746,[1550,1631,3766,6497,7649,9420,9671,10222],[1.0,1.0,1.0,1.0,1.0,1.0,1.0,1.0]
10746,[1255,1675,1706,4075,8622,9671,10068],[1.0,1.0,1.0,1.0,1.0,1.0,1.0]
10746,[869,1411,5815,6516,6742,7074,7139,7649,9632],[1.0,1.0,1.0,1.0,1.0,1.0,1.0,1.0,1.0]
10746,[14,209,869,1411,2269,5055,5619,7477,10222],[1.0,1.0,1.0,1.0,1.0,1.0,1.0,1.0,1.0]
10746,[3426,3741,4217,5815,6742,7139,8622,9632],[1.0,1.0,1.0,1.0,1.0,1.0,1.0,1.0]
10746,[1817,3513,6497,7390,8498,9419,9671,10433],[1.0,1.0,1.0,1.0,1.0,1.0,1.0,1.0]
10746,[11,501,3501,5118,6650,7829,8700],[1.0,1.0,1.0,1.0,1.0,1.0,1.0]
