10746,[1237,3669,4440,4750,6753,8635,10187,10360],[1.0,1.0,1.0,1.0,1.0,1.0,1.0,1.0]
10746,[213,1652,2518,2661,3889,4681,4778,7536,8956,10152],[1.0,1.0,1.0,1.0,1.0,1.0,1.0,1.0,1.0,1.0]
10746,[39,1193,3844,5358,6753,10187,10463],[1.0,1.0,1.0,1.0,1.0,1.0,1.0]
10746,[936,2200,3277,5090,6131,6753,9491,9996,10201],[1.0,1.0,1.0,1.0,1.0,1.0,1.0,1.0,1.0]
10746,[822,936,4191,4272,5090,5142,5641,5845,9851],[1.0,1.0,1.0,1.0,1.0,1.0,1.0,1.0,1.0]
10746,[3075,4191,4424,5063,5142,6311,6442,9851,10680],[1.0,1.0,1.0,1.0,1.0,1.0,1.0,1.0,1.0]
10746,[4159,4332,5142,6442,7282,7506,9385,9851],[1.0,1.0,1.0,1.0,1.0,1.0,1.0,1.0]
10746,[902,3426,4332,5142,6442,7548,9351,10082,10617],[1.0,1.0,1.0,1.0,1.0,1.0,1.0,1.0,1.0]
10746,[637,4191,4650,6650,7036,8638,8842,9289,10522],[1.0,1.0,1.0,1.0,1.0,1.0,1.0,1.0,1.0]
10746,[822,1099,1535,1626,1937,3613,4223,5790,7202],[1.0,1.0,1.0,1.0,1.0,1.0,1.0,1.0,1.0]
10746,[822,3341,4272,5031,5142,5928,6547,8729],[1.0,1.0,1.0,1.0,1.0,1.0,1.0,1.0]
10746,[631,822,1099,5502,6547,7653,8162,9298],[1.0,1.0,1.0,1.0,1.0,1.0,1.0,1.0]
10746,[14,1406,4534,5604,6442,8416,9564,10419],[1.0,1.0,1.0,1.0,1.0,1.0,1.0,1.0]
10746,[3890,4787,4934,6098,6985,9273,9611],[1.0,1.0,1.0,1.0,1.0,1.0,1.0]
