10746,[563,697,2910,4440,9096,9496],[1.0,1.0,1.0,1.0,1.0,1.0]
10746,[697,845,1932,2518,4778,4954,8030,9096,9878,10152],[1.0,1.0,1.0,1.0,1.0,1.0,1.0,1.0,1.0,1.0]
10746,[213,563,1652,3006,9096,10360,10463],[1.0,1.0,1.0,1.0,1.0,1.0,1.0]
10746,[936,1853,3450,3608,9305,9491],[1.0,1.0,1.0,1.0,1.0,1.0]
10746,[936,3340,5737,7379,8114,8323,9534,10054,10463],[1.0,1.0,1.0,1.0,1.0,1.0,1.0,1.0,1.0]
10746,[411,956,1813,4188,6341,7654,8041,9655],[1.0,1.0,1.0,1.0,1.0,1.0,1.0,1.0]
10746,[1482,2206,2530,3438,5683,10093,10336,10433],[1.0,1.0,1.0,1.0,1.0,1.0,1.0,1.0]
10746,[1706,2530,2997,5737,6341,6547,6638,7643,9262],[1.0,1.0,1.0,1.0,1.0,1.0,1.0,1.0,1.0]
10746,[35,733,1482,2618,4534,7886,8729,8737,10139,10336],[1.0,1.0,1.0,1.0,1.0,1.0,1.0,1.0,1.0,1.0]
10746,[1706,2618,5181,6214,9413,9482],[1.0,1.0,1.0,1.0,1.0,1.0]
10746,[4042,4188,5737,5983,6074,8690,9342],[1.0,1.0,1.0,1.0,1.0,1.0,1.0]
10746,[956,4122,6341,7649,7699,8690,9342],[1.0,1.0,1.0,1.0,1.0,1.0,1.0]
10746,[902,1829,2219,3098,5480,7423,8690,9632],[1.0,1.0,1.0,1.0,1.0,1.0,1.0,1.0]
10746,[682,769,2916,3893,4888,7873,9883,10433],[1.0,1.0,1.0,1.0,1.0,1.0,1.0,1.0]
10746,[463,1405,2664,5873,5888,9290,9342,10621],[1.0,1.0,1.0,1.0,1.0,1.0,1.0,1.0]
10746,[3318,5098,5888,7645,7873,8595],[1.0,1.0,1.0,1.0,1.0,1.0]
10746,[956,2070,5264,6098,6341,6541,7699,8595,9342],[1.0,1.0,1.0,1.0,1.0,1.0,1.0,1.0,1.0]
10746,[5098,6098,6341,7645,7873],[1.0,1.0,1.0,1.0,1.0]
10746,[1548,1735,2455,4366,5264,7645,9031,9342,9379],[1.0,1.0,1.0,1.0,1.0,1.0,1.0,1.0,1.0]
10746,[631,1548,2728,4611,5098,5888,6167,9031],[1.0,1.0,1.0,1.0,1.0,1.0,1.0,1.0]
10746,[2070,4405,5264,5604,5888,7649,7934,8231,8476,9342],[1.0,1.0,1.0,1.0,1.0,1.0,1.0,1.0,1.0,1.0]
10746,[1534,5414,5873,5888,6561,7873,8114,9289],[1.0,1.0,1.0,1.0,1.0,1.0,1.0,1.0]
10746,[3539,5873,5888,6257,7390,7873,8595,8889,10082],[1.0,1.0,1.0,1.0,1.0,1.0,1.0,1.0,1.0]
10746,[563,682,6339,7873,9096],[1.0,1.0,1.0,1.0,1.0]
10746,[452,1187,4548,7857,8908],[1.0,1.0,1.0,1.0,1.0]
