10746,[11,838,3501,4440,5118,7829,8700],[1.0,1.0,1.0,1.0,1.0,1.0,1.0]
10746,[121,1652,3206,3501,3875,3979,4686,9433,9632,10360],[1.0,1.0,1.0,1.0,1.0,1.0,1.0,1.0,1.0,1.0]
10746,[213,226,1304,3116,5460,5554,6498],[1.0,1.0,1.0,1.0,1.0,1.0,1.0]
10746,[372,936,957,3661,4387,4614,6530,8469,10653],[1.0,1.0,1.0,1.0,1.0,1.0,1.0,1.0,1.0]
10746,[341,447,2530,4121,5634,6341,8114,10433],[1.0,1.0,1.0,1.0,1.0,1.0,1.0,1.0]
10746,[769,1478,9714,10093],[1.0,1.0,1.0,1.0]
10746,[417,844,1706,5510,5590,6401,6483,8398],[1.0,1.0,1.0,1.0,1.0,1.0,1.0,1.0]
10746,[14,365,447,2201,5983,8757,9883,10222,10232],[1.0,1.0,1.0,1.0,1.0,1.0,1.0,1.0,1.0]
10746,[2799,4042,4405,8280,8325,8690,10621],[1.0,1.0,1.0,1.0,1.0,1.0,1.0]
10746,[14,3651,8280,8476,9280,9528,9841,10185,10445],[1.0,1.0,1.0,1.0,1.0,1.0,1.0,1.0,1.0]
10746,[1291,1712,5634,7843,8280,8325,9632],[1.0,1.0,1.0,1.0,1.0,1.0,1.0]
10746,[902,1004,1255,1782,3829,4934,7237,8280,8757],[1.0,1.0,1.0,1.0,1.0,1.0,1.0,1.0,1.0]
10746,[747,876,3514,4934,5877,7316,10645],[1.0,1.0,1.0,1.0,1.0,1.0,1.0]
10746,[869,956,1712,3651,5634,9029,9528,9632],[1.0,1.0,1.0,1.0,1.0,1.0,1.0,1.0]
10746,[1181,2206,2472,6350,7423,8114,9460,10398],[1.0,1.0,1.0,1.0,1.0,1.0,1.0,1.0]
10746,[869,3318,5181,7773,7898,9632,10222],[1.0,1.0,1.0,1.0,1.0,1.0,1.0]
10746,[45,1548,3339,3514,4112,5181,5580,7379,8757],[1.0,1.0,1.0,1.0,1.0,1.0,1.0,1.0,1.0]
10746,[4000,4066,5181,6115,7051,8325,9576,10165],[1.0,1.0,1.0,1.0,1.0,1.0,1.0,1.0]
10746,[1782,2325,6455,7045,7502,8582],[1.0,1.0,1.0,1.0,1.0,1.0]
10746,[2488,2708,3192,3257,3426,6623,7649,8033,9365],[1.0,1.0,1.0,1.0,1.0,1.0,1.0,1.0,1.0]
10746,[631,3426,4191,6080,6455,8757,9365,9541,10093],[1.0,1.0,1.0,1.0,1.0,1.0,1.0,1.0,1.0]
10746,[417,776,1920,2799,4473,6335,6623,7075,9068,10433],[1.0,1.0,1.0,1.0,1.0,1.0,1.0,1.0,1.0,1.0]
10746,[1156,2708,3354,5304,5802,6483,8289,8310,9292,9534],[1.0,1.0,1.0,1.0,1.0,1.0,1.0,1.0,1.0,1.0]
10746,[3892,5465,6455,7307,8757,9365],[1.0,1.0,1.0,1.0,1.0,1.0]
10746,[1099,2576,3596,3829,5628,5804,7051,7197,8325],[1.0,1.0,1.0,1.0,1.0,1.0,1.0,1.0,1.0]
10746,[143,365,2986,4191,9364,9716,10206,10670],[1.0,1.0,1.0,1.0,1.0,1.0,1.0,1.0]
10746,[2285,2916,3515,3528,5142,6788,7461,9460],[1.0,1.0,1.0,1.0,1.0,1.0,1.0,1.0]
10746,[507,4046,4872,7468,8070,8693,9118,9273,9365,10539],[1.0,1.0,1.0,1.0,1.0,1.0,1.0,1.0,1.0,1.0]
10746,[1817,5710,7468,9273,9494,9988],[1.0,1.0,1.0,1.0,1.0,1.0]
10746,[2136,2455,4872,6585,8504,8693,9397],[1.0,1.0,1.0,1.0,1.0,1.0,1.0]
10746,[844,1255,2916,4270,7240,7923,8398,10216],[1.0,1.0,1.0,1.0,1.0,1.0,1.0,1.0]
10746,[4294,4653,6483,8582,8904,9241,9716],[1.0,1.0,1.0,1.0,1.0,1.0,1.0]
10746,[1948,3528,4236,5064,5376,8164],[1.0,1.0,1.0,1.0,1.0,1.0]
10746,[1637,1673,3592,4534,5181,5328,6788,7506,7609,10433],[1.0,1.0,1.0,1.0,1.0,1.0,1.0,1.0,1.0,1.0]
10746,[2718,2916,3528,4534,6788,8729,10139,10263,10645],[1.0,1.0,1.0,1.0,1.0,1.0,1.0,1.0,1.0]
10746,[172,507,2708,2916,4871,5725,7877,10621],[1.0,1.0,1.0,1.0,1.0,1.0,1.0,1.0]
10746,[1452,1706,4344,4872,4904,6574,6819,9628],[1.0,1.0,1.0,1.0,1.0,1.0,1.0,1.0]
10746,[896,1127,1948,4948,8623,9397,9939,10554],[1.0,1.0,1.0,1.0,1.0,1.0,1.0,1.0]
10746,[1706,2296,2509,3426,5797,7079,8575,9632],[1.0,1.0,1.0,1.0,1.0,1.0,1.0,1.0]
10746,[1438,5181,5641,6607,9494],[1.0,1.0,1.0,1.0,1.0]
10746,[11,507,1829,2285,3685,4405,6229,9365,10222,10670],[1.0,1.0,1.0,1.0,1.0,1.0,1.0,1.0,1.0,1.0]
10746,[3501,5118,7829,8700],[1.0,1.0,1.0,1.0]
