10746,[1870,2845,3788,4440,4707,6457,7011,9491],[1.0,1.0,1.0,1.0,1.0,1.0,1.0,1.0]
10746,[463,2029,3206,4534,7074,7813,9632,9972,10445],[1.0,1.0,1.0,1.0,1.0,1.0,1.0,1.0,1.0]
10746,[213,1296,1431,3244,3579,4722,5373,10360,10463],[1.0,1.0,1.0,1.0,1.0,1.0,1.0,1.0,1.0]
10746,[936,2951,3879,4534,4707,5373,7318,9000,10150,10407],[1.0,1.0,1.0,1.0,1.0,1.0,1.0,1.0,1.0,1.0]
10746,[2182,3590,4895,5102,8582,8748,9528,9988],[1.0,1.0,1.0,1.0,1.0,1.0,1.0,1.0]
10746,[1706,2260,2916,3106,4149,9528,10740],[1.0,1.0,1.0,1.0,1.0,1.0,1.0]
10746,[556,956,1706,2232,2916,7783,10716],[1.0,1.0,1.0,1.0,1.0,1.0,1.0]
10746,[956,2425,5102,7783,9289,9708,10621],[1.0,1.0,1.0,1.0,1.0,1.0,1.0]
10746,[1828,1870,2845,3106,3788,7011,8092,9491,9528,10041],[1.0,1.0,1.0,1.0,1.0,1.0,1.0,1.0,1.0,1.0]
10746,[1128,1479,1760,6597],[1.0,1.0,1.0,1.0]
