10746,[1652,2785,3993,4440,5486,7506,10360,10731],[1.0,1.0,1.0,1.0,1.0,1.0,1.0,1.0]
10746,[213,2247,2916,3621,4405,5710,6229,6385,6394],[1.0,1.0,1.0,1.0,1.0,1.0,1.0,1.0,1.0]
10746,[2618,5710,7128,7656,7843,9611],[1.0,1.0,1.0,1.0,1.0,1.0]
10746,[635,1099,3957,5083,5513,5885,8242,9049,9733],[1.0,1.0,1.0,1.0,1.0,1.0,1.0,1.0,1.0]
10746,[372,1811,1895,2874,5592,5641,5706,7070],[1.0,1.0,1.0,1.0,1.0,1.0,1.0,1.0]
10746,[896,2114,3614,4405,4534,5513,8851,9460,9595,10621],[1.0,1.0,1.0,1.0,1.0,1.0,1.0,1.0,1.0,1.0]
10746,[501,567,3223,3290,4332,5710,8595,9555],[1.0,1.0,1.0,1.0,1.0,1.0,1.0,1.0]
10746,[365,902,2016,2145,2455,4084,5710,9632],[1.0,1.0,1.0,1.0,1.0,1.0,1.0,1.0]
10746,[416,844,956,1712,2916,5061,7769,8010,9458,10433],[1.0,1.0,1.0,1.0,1.0,1.0,1.0,1.0,1.0,1.0]
10746,[1776,2537,3433,3515,5001,8530,9270],[1.0,1.0,1.0,1.0,1.0,1.0,1.0]
10746,[567,1291,1706,3433,6229,7414,7645,9460],[1.0,1.0,1.0,1.0,1.0,1.0,1.0,1.0]
10746,[2916,4534,4962,5241,5673,9851,10390,10617],[1.0,1.0,1.0,1.0,1.0,1.0,1.0,1.0]
10746,[463,878,2916,4217,5661,5675,9632,9851,10433],[1.0,1.0,1.0,1.0,1.0,1.0,1.0,1.0,1.0]
10746,[463,2114,2530,3442,5205,5407,10438],[1.0,1.0,1.0,1.0,1.0,1.0,1.0]
10746,[2781,3442,3545,4804,8673,8917,9298,9841],[1.0,1.0,1.0,1.0,1.0,1.0,1.0,1.0]
10746,[463,2530,2890,3478,7390,8729,9725,10621],[1.0,1.0,1.0,1.0,1.0,1.0,1.0,1.0]
10746,[5710,6229,6335,7843,8595,9289],[1.0,1.0,1.0,1.0,1.0,1.0]
10746,[878,3216,3586,4501,7575,9632,10203],[1.0,1.0,1.0,1.0,1.0,1.0,1.0]
10746,[2114,3442,4217,5513,6002,7506,7898,8844,10068],[1.0,1.0,1.0,1.0,1.0,1.0,1.0,1.0,1.0]
10746,[501,2916,3545,5710,8595,10433,10714],[1.0,1.0,1.0,1.0,1.0,1.0,1.0]
10746,[365,902,2916,3055,3884,4903,6650],[1.0,1.0,1.0,1.0,1.0,1.0,1.0]
10746,[209,2212,2493,4080,4611,5928,9425,9538],[1.0,1.0,1.0,1.0,1.0,1.0,1.0,1.0]
10746,[1255,1626,1706,3461,4229,5604,6810,9632,9848,10433],[1.0,1.0,1.0,1.0,1.0,1.0,1.0,1.0,1.0,1.0]
10746,[55,729,758,2518,2916,5798,6602,7813,10699],[1.0,1.0,1.0,1.0,1.0,1.0,1.0,1.0,1.0]
10746,[281,758,1155,2054,2916,3545,4217,9851],[1.0,1.0,1.0,1.0,1.0,1.0,1.0,1.0]
10746,[529,611,2493,6341,7545,8296,9342,9465],[1.0,1.0,1.0,1.0,1.0,1.0,1.0,1.0]
10746,[972,2589,4033,4534,4576,4993,7358,8874,9270,10115],[1.0,1.0,1.0,1.0,1.0,1.0,1.0,1.0,1.0,1.0]
