10746,[242,2013,4440,5201,6557,6626,8751,8779,9491],[1.0,1.0,1.0,1.0,1.0,1.0,1.0,1.0,1.0]
10746,[213,654,806,1310,1456,1714,2455,7416,10360,10463],[1.0,1.0,1.0,1.0,1.0,1.0,1.0,1.0,1.0,1.0]
10746,[513,936,3864,5279,8153,10326,10463],[1.0,1.0,1.0,1.0,1.0,1.0,1.0]
10746,[2200,3277,5090,5845,9113,9491,9996],[1.0,1.0,1.0,1.0,1.0,1.0,1.0]
10746,[936,956,1310,4533,5181,7898,7930,8280,10151,10419],[1.0,1.0,1.0,1.0,1.0,1.0,1.0,1.0,1.0,1.0]
10746,[223,356,2737,3216,3651,4603,9738],[1.0,1.0,1.0,1.0,1.0,1.0,1.0]
10746,[44,2126,3685,3864,4215,5628,6303,7643,9213,10177],[1.0,1.0,1.0,1.0,1.0,1.0,1.0,1.0,1.0,1.0]
10746,[213,372,1255,5294,5566,6098,8114],[1.0,1.0,1.0,1.0,1.0,1.0,1.0]
10746,[365,3266,3545,3661,4852,7379,8917,9400,9724],[1.0,1.0,1.0,1.0,1.0,1.0,1.0,1.0,1.0]
10746,[121,839,2013,3378,5348,6056,6557,8056,10694],[1.0,1.0,1.0,1.0,1.0,1.0,1.0,1.0,1.0]
10746,[2266,5201,7114,7379,8751,8779,9290,9491,9851],[1.0,1.0,1.0,1.0,1.0,1.0,1.0,1.0,1.0]
10746,[365,4996,5809,6754,8116,9663,9851,10692],[1.0,1.0,1.0,1.0,1.0,1.0,1.0,1.0]
