10746,[121,3136,4276,4440,4686,5785,7672,9433,10360],[1.0,1.0,1.0,1.0,1.0,1.0,1.0,1.0,1.0]
10746,[213,1652,2445,2518,4055,4778,6060,7133,7937,9162],[1.0,1.0,1.0,1.0,1.0,1.0,1.0,1.0,1.0,1.0]
10746,[1364,2272,2876,7101,7672,10152],[1.0,1.0,1.0,1.0,1.0,1.0]
10746,[936,3535,4534,6229,6335,7381,9460,10621],[1.0,1.0,1.0,1.0,1.0,1.0,1.0,1.0]
10746,[1706,4077,4113,4771,5458,5499,8904,9298,9953,10093],[1.0,1.0,1.0,1.0,1.0,1.0,1.0,1.0,1.0,1.0]
10746,[1275,1299,1341,1902,5592,6335,6810,10068],[1.0,1.0,1.0,1.0,1.0,1.0,1.0,1.0]
10746,[100,1341,4077,4389,5820,5978,6002,10068,10621],[1.0,1.0,1.0,1.0,1.0,1.0,1.0,1.0,1.0]
10746,[1099,2008,4077,4512,4611,8002,9298],[1.0,1.0,1.0,1.0,1.0,1.0,1.0]
10746,[704,1341,2737,3935,3965,4106,4611,7653],[1.0,1.0,1.0,1.0,1.0,1.0,1.0,1.0]
10746,[1299,1807,3935,5499,6335,10056,10068,10398],[1.0,1.0,1.0,1.0,1.0,1.0,1.0,1.0]
10746,[1275,3965,4113,4611,4671,4771,5458,5592,6810,9953],[1.0,1.0,1.0,1.0,1.0,1.0,1.0,1.0,1.0,1.0]
10746,[3327,4077,4592,4688,5195,8280,10068,10621],[1.0,1.0,1.0,1.0,1.0,1.0,1.0,1.0]
10746,[2126,5458,5628,8114,8690,10068,10621],[1.0,1.0,1.0,1.0,1.0,1.0,1.0]
10746,[3651,3890,4771,5604,6090,9298,10222],[1.0,1.0,1.0,1.0,1.0,1.0,1.0]
10746,[51,869,2800,3265,3327,4534,6022,7407,8476,10115],[1.0,1.0,1.0,1.0,1.0,1.0,1.0,1.0,1.0,1.0]
10746,[168,3098,3535,4028,4606,4810,6626,8842,10621],[1.0,1.0,1.0,1.0,1.0,1.0,1.0,1.0,1.0]
10746,[1299,3535,3545,4077,4606,4611,6335,9298,10279,10621],[1.0,1.0,1.0,1.0,1.0,1.0,1.0,1.0,1.0,1.0]
10746,[1341,1902,3136,3426,4276,4534,5458,7502,10068],[1.0,1.0,1.0,1.0,1.0,1.0,1.0,1.0,1.0]
10746,[2916,3131,4409,4534,6164,6626,7566,7672,9730],[1.0,1.0,1.0,1.0,1.0,1.0,1.0,1.0,1.0]
10746,[2419,3457,3651,4496,7225,9270,10225],[1.0,1.0,1.0,1.0,1.0,1.0,1.0]
10746,[342,1084,1255,3457,6335,7905,9407],[1.0,1.0,1.0,1.0,1.0,1.0,1.0]
