10746,[11,1310,3501,4440,5118,6022,7829,8700],[1.0,1.0,1.0,1.0,1.0,1.0,1.0,1.0]
10746,[213,936,1304,1652,3501,3979,7254,8323,10054,10360],[1.0,1.0,1.0,1.0,1.0,1.0,1.0,1.0,1.0,1.0]
10746,[11,936,3501,5118,7829,8700,10463],[1.0,1.0,1.0,1.0,1.0,1.0,1.0]
10746,[14,902,4191,4405,5922,6536,8356,10222],[1.0,1.0,1.0,1.0,1.0,1.0,1.0,1.0]
10746,[1037,1983,3590,6229,7033,8073,9025,9973],[1.0,1.0,1.0,1.0,1.0,1.0,1.0,1.0]
10746,[847,6500,7643,7717,7959,9358,10362],[1.0,1.0,1.0,1.0,1.0,1.0,1.0]
10746,[4,776,1369,1576,5293,6303,6781,9482],[1.0,1.0,1.0,1.0,1.0,1.0,1.0,1.0]
10746,[662,1310,3128,4268,4405,5641,7222,9107,10621],[1.0,1.0,1.0,1.0,1.0,1.0,1.0,1.0,1.0]
10746,[463,4223,4405,4606,5885,7069,9460],[1.0,1.0,1.0,1.0,1.0,1.0,1.0]
10746,[549,662,1310,4683,5885,8280,9107],[1.0,1.0,1.0,1.0,1.0,1.0,1.0]
10746,[11,3501,5118,7829,8700],[1.0,1.0,1.0,1.0,1.0]
