10746,[121,1801,3168,4440,4686,4821,8053,9433,10360],[1.0,1.0,1.0,1.0,1.0,1.0,1.0,1.0,1.0]
10746,[213,1255,2407,2876,5420,7033,8964,9270,9930,10463],[1.0,1.0,1.0,1.0,1.0,1.0,1.0,1.0,1.0,1.0]
10746,[936,2272,2876,2916,7101,7381],[1.0,1.0,1.0,1.0,1.0,1.0]
10746,[2530,3911,4649,8875],[1.0,1.0,1.0,1.0]
10746,[125,2123,2427,2530,6115,7323,9458],[1.0,1.0,1.0,1.0,1.0,1.0,1.0]
10746,[168,2530,3318,4785,9290,9632,10319],[1.0,1.0,1.0,1.0,1.0,1.0,1.0]
10746,[4428,6626,6822,7649,7843,9595,10068],[1.0,1.0,1.0,1.0,1.0,1.0,1.0]
10746,[463,2123,2427,2530,4405,8673],[1.0,1.0,1.0,1.0,1.0,1.0]
10746,[463,896,2530,3028,5710,8630,10222],[1.0,1.0,1.0,1.0,1.0,1.0,1.0]
10746,[172,4552,5181,5763,8159,8729],[1.0,1.0,1.0,1.0,1.0,1.0]
10746,[2123,2427,2530,3028,7282,8114,9270,9385,10222,10539],[1.0,1.0,1.0,1.0,1.0,1.0,1.0,1.0,1.0,1.0]
10746,[1596,2123,2427,2530,4888,9066],[1.0,1.0,1.0,1.0,1.0,1.0]
10746,[7381,7653,8053,8935,9298,9748],[1.0,1.0,1.0,1.0,1.0,1.0]
