10746,[242,2013,3695,4440,5201,6557,8751,8779,9491],[1.0,1.0,1.0,1.0,1.0,1.0,1.0,1.0,1.0]
10746,[213,1237,1456,1714,5358,7416,8635,9632,10360,10463],[1.0,1.0,1.0,1.0,1.0,1.0,1.0,1.0,1.0,1.0]
10746,[39,936,3844,6131,6753,10201],[1.0,1.0,1.0,1.0,1.0,1.0]
10746,[3413,3941,6193,6956,8114,9325,10082],[1.0,1.0,1.0,1.0,1.0,1.0,1.0]
10746,[844,2114,2206,2260,4149,5988,8630,10433],[1.0,1.0,1.0,1.0,1.0,1.0,1.0,1.0]
10746,[1255,3695,4534,7045,8917,9361,10068,10621],[1.0,1.0,1.0,1.0,1.0,1.0,1.0,1.0]
10746,[1785,3509,5127,7379,7699,8904,9361,9851,10115,10320],[1.0,1.0,1.0,1.0,1.0,1.0,1.0,1.0,1.0,1.0]
10746,[2013,2916,5201,6557,8701,8751,8779,9270,9491,10694],[1.0,1.0,1.0,1.0,1.0,1.0,1.0,1.0,1.0,1.0]
10746,[2266,4996,7114,7379,8116,9290,9851],[1.0,1.0,1.0,1.0,1.0,1.0,1.0]
10746,[365,5809,6754,9663,10692],[1.0,1.0,1.0,1.0,1.0]
