10746,[4440,4750,6193,6753,8635,9325,9632,10187],[1.0,1.0,1.0,1.0,1.0,1.0,1.0,1.0]
10746,[213,1237,1652,2518,2661,3669,4681,4778,10152,10360],[1.0,1.0,1.0,1.0,1.0,1.0,1.0,1.0,1.0,1.0]
10746,[510,1193,2343,3254,10187,10463],[1.0,1.0,1.0,1.0,1.0,1.0]
10746,[143,936,2493,3851,3931,4595,6492,7214],[1.0,1.0,1.0,1.0,1.0,1.0,1.0,1.0]
10746,[3070,3594,4172,6229,8875,8885,10617],[1.0,1.0,1.0,1.0,1.0,1.0,1.0]
10746,[340,3301,5155,5343,7379,7390,8114,8697,8866],[1.0,1.0,1.0,1.0,1.0,1.0,1.0,1.0,1.0]
10746,[1651,1974,3523,6229,6952,8114,8934,8971],[1.0,1.0,1.0,1.0,1.0,1.0,1.0,1.0]
10746,[2493,3898,6340,7363,7384,8041,9718,10056],[1.0,1.0,1.0,1.0,1.0,1.0,1.0,1.0]
10746,[1422,2240,3251,3592,5050,6616,6849,8347],[1.0,1.0,1.0,1.0,1.0,1.0,1.0,1.0]
10746,[1238,1255,4055,4589,5604,8673,8842,9780,10118,10329],[1.0,1.0,1.0,1.0,1.0,1.0,1.0,1.0,1.0,1.0]
10746,[38,2243,3327,6491,6510,7317,8673,8917,10621],[1.0,1.0,1.0,1.0,1.0,1.0,1.0,1.0,1.0]
10746,[1303,1443,4205,4691,5075,5110,6442,6693,8416,9377],[1.0,1.0,1.0,1.0,1.0,1.0,1.0,1.0,1.0,1.0]
10746,[4707,9185],[1.0,1.0]
