10746,[4440,5760,6626,8416,9007,9537,10408,10594],[1.0,1.0,1.0,1.0,1.0,1.0,1.0,1.0]
10746,[654,806,1310,1652,2455,3993,4152,4621,7463,10360],[1.0,1.0,1.0,1.0,1.0,1.0,1.0,1.0,1.0,1.0]
10746,[213,851,936,3367,3428,4405,6259,7117,10463],[1.0,1.0,1.0,1.0,1.0,1.0,1.0,1.0,1.0]
10746,[654,1902,2398,6229,8114,8582,10465],[1.0,1.0,1.0,1.0,1.0,1.0,1.0]
10746,[1005,2260,4506,4891,5308,6012,6172,7807],[1.0,1.0,1.0,1.0,1.0,1.0,1.0,1.0]
10746,[2206,2425,2708,5308,9841,10465,10539],[1.0,1.0,1.0,1.0,1.0,1.0,1.0]
10746,[4442,5760,7019,8416,9007,9537,10408,10594],[1.0,1.0,1.0,1.0,1.0,1.0,1.0,1.0]
10746,[2618,3198,4217,4534,4597,4961,7279,7728,8056],[1.0,1.0,1.0,1.0,1.0,1.0,1.0,1.0,1.0]
10746,[1665,2618,4534,6002,6920,8005,8421,8908,9770,10115],[1.0,1.0,1.0,1.0,1.0,1.0,1.0,1.0,1.0,1.0]
10746,[121,1181,1255,3713,7381,9748],[1.0,1.0,1.0,1.0,1.0,1.0]
