10746,[1652,3280,4440,6980,8177,8323,10054,10360,10560],[1.0,1.0,1.0,1.0,1.0,1.0,1.0,1.0,1.0]
10746,[213,1316,5351,5918,6380,7031,10463],[1.0,1.0,1.0,1.0,1.0,1.0,1.0]
10746,[896,936,1225,6335,7331,7502,8494,8627],[1.0,1.0,1.0,1.0,1.0,1.0,1.0,1.0]
10746,[1869,2046,2351,3532,6601,8416,8729,9460],[1.0,1.0,1.0,1.0,1.0,1.0,1.0,1.0]
10746,[791,2596,7117,7877,8091,8114,9595,10621],[1.0,1.0,1.0,1.0,1.0,1.0,1.0,1.0]
10746,[51,2916,4059,5792,6601,7307,7379,9322],[1.0,1.0,1.0,1.0,1.0,1.0,1.0,1.0]
10746,[172,2070,4219,7316,7643,8416,8729,9049],[1.0,1.0,1.0,1.0,1.0,1.0,1.0,1.0]
10746,[878,1291,2240,3532,4642,8145,8416,10222],[1.0,1.0,1.0,1.0,1.0,1.0,1.0,1.0]
10746,[1225,3528,4682,7054,7393],[1.0,1.0,1.0,1.0,1.0]
10746,[14,902,2916,5983,8416,9298,10222,10494],[1.0,1.0,1.0,1.0,1.0,1.0,1.0,1.0]
10746,[2240,3528,4258,4414,6626,8091,9273,10203],[1.0,1.0,1.0,1.0,1.0,1.0,1.0,1.0]
10746,[4682,6098,7054,7393,8904,9424,10082],[1.0,1.0,1.0,1.0,1.0,1.0,1.0]
10746,[559,2046,2123,2351,3532,4060,8114,9066],[1.0,1.0,1.0,1.0,1.0,1.0,1.0,1.0]
10746,[1535,1726,5012,5641,6098,10560],[1.0,1.0,1.0,1.0,1.0,1.0]
10746,[3055,5320,7769,8370,9595,9693],[1.0,1.0,1.0,1.0,1.0,1.0]
10746,[869,4059,4595,4883,5345,5954,6609],[1.0,1.0,1.0,1.0,1.0,1.0,1.0]
10746,[1291,1673,2123,2169,2436,2618,4883,9328,10222],[1.0,1.0,1.0,1.0,1.0,1.0,1.0,1.0,1.0]
10746,[2771,4059,4414,4595,4883],[1.0,1.0,1.0,1.0,1.0]
10746,[3523,4595,4682,4883,5443,6609,10222],[1.0,1.0,1.0,1.0,1.0,1.0,1.0]
10746,[1099,2916,2997,4059,4595,6229,6917],[1.0,1.0,1.0,1.0,1.0,1.0,1.0]
10746,[636,4059,4389,4883,6304,9395,10205],[1.0,1.0,1.0,1.0,1.0,1.0,1.0]
10746,[1695,2916,4059,6172,6394,7421],[1.0,1.0,1.0,1.0,1.0,1.0]
10746,[1886,4682,4883,5069,6098,7869,10419],[1.0,1.0,1.0,1.0,1.0,1.0,1.0]
10746,[1099,3586,5443,6958,9237,9534,10068],[1.0,1.0,1.0,1.0,1.0,1.0,1.0]
10746,[2240,2599,3055,3965,4059,4883,7394,10222,10292],[1.0,1.0,1.0,1.0,1.0,1.0,1.0,1.0,1.0]
10746,[4059,4414,6056,7869,8416,9420],[1.0,1.0,1.0,1.0,1.0,1.0]
10746,[4516,4755,7010,7961,8073],[1.0,1.0,1.0,1.0,1.0]
10746,[143,3502,5013,6974,7379,8114,10082,10508],[1.0,1.0,1.0,1.0,1.0,1.0,1.0,1.0]
10746,[544,769,2596,6341,7898,8602,9270,9379,10056],[1.0,1.0,1.0,1.0,1.0,1.0,1.0,1.0,1.0]
10746,[4525,5207,5628,6229,7699,8895,9255,9430,9632],[1.0,1.0,1.0,1.0,1.0,1.0,1.0,1.0,1.0]
10746,[3741,5343,6938,9569,9632,9773,9851],[1.0,1.0,1.0,1.0,1.0,1.0,1.0]
10746,[1144,4405,4469,5345,7506,7928,8416,9851],[1.0,1.0,1.0,1.0,1.0,1.0,1.0,1.0]
10746,[1438,2875,4611,5358,7643,7813,9558],[1.0,1.0,1.0,1.0,1.0,1.0,1.0]
10746,[1493,1653,2088,3661,4121,7902,8347],[1.0,1.0,1.0,1.0,1.0,1.0,1.0]
10746,[1712,2455,3528,3985,4534,6754],[1.0,1.0,1.0,1.0,1.0,1.0]
10746,[896,987,1066,2455,3985,7205,7502,8680,9262],[1.0,1.0,1.0,1.0,1.0,1.0,1.0,1.0,1.0]
10746,[4597,7073,8416,9066,9632,10560],[1.0,1.0,1.0,1.0,1.0,1.0]
10746,[686,1255,4074,5065,7165,9639],[1.0,1.0,1.0,1.0,1.0,1.0]
10746,[1255,1726,3250,4671,5312,5819,9460],[1.0,1.0,1.0,1.0,1.0,1.0,1.0]
10746,[365,3532,5819,8114,8686,9460,9883],[1.0,1.0,1.0,1.0,1.0,1.0,1.0]
10746,[2916,4405,4606,5928,6877,7390,7502,9332,9816,10139],[1.0,1.0,1.0,1.0,1.0,1.0,1.0,1.0,1.0,1.0]
10746,[245,2493,7317,8114,8138,9383,10358,10530],[1.0,1.0,1.0,1.0,1.0,1.0,1.0,1.0]
10746,[1537,1780,2781,3651,4039,4405,5438,7205,9420],[1.0,1.0,1.0,1.0,1.0,1.0,1.0,1.0,1.0]
10746,[2083,2708,3859,4191,4611,9132,9316],[1.0,1.0,1.0,1.0,1.0,1.0,1.0]
10746,[1099,1255,2067,2708,2771,2916,5641,9102],[1.0,1.0,1.0,1.0,1.0,1.0,1.0,1.0]
10746,[55,1881,2022,3186,3426,4601,7423,9085,9871],[1.0,1.0,1.0,1.0,1.0,1.0,1.0,1.0,1.0]
10746,[506,1099,2509,4287,7423,7575,9049,9338,9568],[1.0,1.0,1.0,1.0,1.0,1.0,1.0,1.0,1.0]
10746,[55,5181,5320,5496,5641,5855,9298,10203],[1.0,1.0,1.0,1.0,1.0,1.0,1.0,1.0]
10746,[2828,2854,3802,4191,6406,8635,9485],[1.0,1.0,1.0,1.0,1.0,1.0,1.0]
10746,[55,747,956,2123,2206,2916,7084,7421,8114],[1.0,1.0,1.0,1.0,1.0,1.0,1.0,1.0,1.0]
10746,[3528,4595,7045,8917,9298,9816,10068,10621],[1.0,1.0,1.0,1.0,1.0,1.0,1.0,1.0]
10746,[2126,2640,3965,4228,4595,8114,10716],[1.0,1.0,1.0,1.0,1.0,1.0,1.0]
10746,[3669,4066,6159,7338,7593,8729],[1.0,1.0,1.0,1.0,1.0,1.0]
10746,[870,2029,2618,4595,6880,7317,8114,8980,10056],[1.0,1.0,1.0,1.0,1.0,1.0,1.0,1.0,1.0]
10746,[902,1537,2970,3089,4520,7304],[1.0,1.0,1.0,1.0,1.0,1.0]
10746,[878,4228,4428,4595,10054],[1.0,1.0,1.0,1.0,1.0]
