10746,[1870,2845,3788,4440,5767,7011,9491,9632],[1.0,1.0,1.0,1.0,1.0,1.0,1.0,1.0]
10746,[213,1296,1431,2493,3579,4961,7506,9025,9973,10360],[1.0,1.0,1.0,1.0,1.0,1.0,1.0,1.0,1.0,1.0]
10746,[844,956,1706,4772,5580,5911,8902,10734],[1.0,1.0,1.0,1.0,1.0,1.0,1.0,1.0]
10746,[259,1235,3545,4217,4508,6066,6674],[1.0,1.0,1.0,1.0,1.0,1.0,1.0]
10746,[1054,1342,4223,5259,8554,9298,10222],[1.0,1.0,1.0,1.0,1.0,1.0,1.0]
10746,[174,3258,3741,4217,7986,8476,8893],[1.0,1.0,1.0,1.0,1.0,1.0,1.0]
10746,[902,1548,3426,3638,4154,6819,9298],[1.0,1.0,1.0,1.0,1.0,1.0,1.0]
10746,[890,2493,3192,4217,4223,6879,9289,9465,9851],[1.0,1.0,1.0,1.0,1.0,1.0,1.0,1.0,1.0]
10746,[1315,1603,2140,2664,4772,8989,9298,9420,9642],[1.0,1.0,1.0,1.0,1.0,1.0,1.0,1.0,1.0]
10746,[608,1310,2232,3442,3964,4217,4332,8480,9407],[1.0,1.0,1.0,1.0,1.0,1.0,1.0,1.0,1.0]
10746,[1310,2238,3426,4071,4217,4240,4258],[1.0,1.0,1.0,1.0,1.0,1.0,1.0]
10746,[869,2576,3993,4191,6156,6910,8480],[1.0,1.0,1.0,1.0,1.0,1.0,1.0]
10746,[1870,2425,2845,3788,5878,6341,7548,7922,8092],[1.0,1.0,1.0,1.0,1.0,1.0,1.0,1.0,1.0]
10746,[1128,1479,1760,6597,7011,9491,10041],[1.0,1.0,1.0,1.0,1.0,1.0,1.0]
