10746,[540,3531,4440,6157,7019,7813,8093,9096],[1.0,1.0,1.0,1.0,1.0,1.0,1.0,1.0]
10746,[463,1932,4534,4778,4954,7074,8030,9972,10445],[1.0,1.0,1.0,1.0,1.0,1.0,1.0,1.0,1.0]
10746,[213,540,1652,2518,9096,10152,10360,10463],[1.0,1.0,1.0,1.0,1.0,1.0,1.0,1.0]
10746,[936,1284,3370,5900,7786,7998,8083,9491,10463],[1.0,1.0,1.0,1.0,1.0,1.0,1.0,1.0,1.0]
10746,[936,1175,1317,2953,3422,6174,9130,10605,10658],[1.0,1.0,1.0,1.0,1.0,1.0,1.0,1.0,1.0]
10746,[464,956,1275,3596,4707,8398,9988,10222],[1.0,1.0,1.0,1.0,1.0,1.0,1.0,1.0]
10746,[896,5069,6457,9379,9953,10225,10621],[1.0,1.0,1.0,1.0,1.0,1.0,1.0]
10746,[2708,4707,8347,8729,9247,9841,10225],[1.0,1.0,1.0,1.0,1.0,1.0,1.0]
10746,[754,3131,3327,3426,6047,6257,6457,9555,9851,10621],[1.0,1.0,1.0,1.0,1.0,1.0,1.0,1.0,1.0,1.0]
10746,[2109,2228,2455,3097,4000,5499,6810,10244,10419],[1.0,1.0,1.0,1.0,1.0,1.0,1.0,1.0,1.0]
10746,[1438,1706,4574,5181,5495,6530,7423,9247,10082],[1.0,1.0,1.0,1.0,1.0,1.0,1.0,1.0,1.0]
10746,[2751,3133,3835,5940,6952,8157,8663,9577],[1.0,1.0,1.0,1.0,1.0,1.0,1.0,1.0]
10746,[1255,2850,4064,5287,5602,5604,5820,7800],[1.0,1.0,1.0,1.0,1.0,1.0,1.0,1.0]
10746,[3091,5783,7093,8003,8238,8852,10225],[1.0,1.0,1.0,1.0,1.0,1.0,1.0]
10746,[1706,2109,2997,5422,7204,7502,7792,9555],[1.0,1.0,1.0,1.0,1.0,1.0,1.0,1.0]
10746,[1955,2161,3286,6244,6500,7475,7728,7971,10433],[1.0,1.0,1.0,1.0,1.0,1.0,1.0,1.0,1.0]
10746,[263,769,2618,6263,6394,9733,9973,10076],[1.0,1.0,1.0,1.0,1.0,1.0,1.0,1.0]
10746,[2618,2636,6179,6232,7164,9797,10262,10603],[1.0,1.0,1.0,1.0,1.0,1.0,1.0,1.0]
10746,[3145,4950,6251,6257,7475,10663],[1.0,1.0,1.0,1.0,1.0,1.0]
