10746,[103,1754,2274,3993,6528,7536,7579,10240,10687],[1.0,1.0,1.0,1.0,1.0,1.0,1.0,1.0,1.0]
10746,[2610,3844,4440,4778,6689,8451,10260],[1.0,1.0,1.0,1.0,1.0,1.0,1.0]
10746,[175,1249,3844,7937,8451,9510,10260],[1.0,1.0,1.0,1.0,1.0,1.0,1.0]
10746,[2518,4055,4778,5017,5820,7463,9377,10152,10260,10360],[1.0,1.0,1.0,1.0,1.0,1.0,1.0,1.0,1.0,1.0]
10746,[213,1398,3844,4954,6352,8407,9117,9769,10463],[1.0,1.0,1.0,1.0,1.0,1.0,1.0,1.0,1.0]
10746,[3295,4864,6634,7722,8407],[1.0,1.0,1.0,1.0,1.0]
10746,[936,3844,8451,9510,10260,10463],[1.0,1.0,1.0,1.0,1.0,1.0]
10746,[121,902,936,1249,2530,3388,5146,10338],[1.0,1.0,1.0,1.0,1.0,1.0,1.0,1.0]
10746,[575,2530,5146,7044,10068,10338,10508],[1.0,1.0,1.0,1.0,1.0,1.0,1.0]
10746,[556,902,2530,3380,5146,7044,9595,9912],[1.0,1.0,1.0,1.0,1.0,1.0,1.0,1.0]
10746,[3380,5146,8475,8729,9882,10508],[1.0,1.0,1.0,1.0,1.0,1.0]
10746,[121,556,4280,5111,5146,8582,9595,9912],[1.0,1.0,1.0,1.0,1.0,1.0,1.0,1.0]
10746,[121,650,902,1237,2530,3997,5146,6385,10350],[1.0,1.0,1.0,1.0,1.0,1.0,1.0,1.0,1.0]
10746,[121,3340,3969,4280,5444,6295,10135],[1.0,1.0,1.0,1.0,1.0,1.0,1.0]
10746,[121,353,1618,2278,2530,4335,5146,5879,5970,7195],[1.0,1.0,1.0,1.0,1.0,1.0,1.0,1.0,1.0,1.0]
10746,[1673,2540,6341,7645,8979,9361,9379],[1.0,1.0,1.0,1.0,1.0,1.0,1.0]
10746,[431,1657,3407,3844,8451,9510],[1.0,1.0,1.0,1.0,1.0,1.0]
