10746,[2328,3900,4111,4440,6695,7944,8168,9551],[1.0,1.0,1.0,1.0,1.0,1.0,1.0,1.0]
10746,[1308,3900,4302,4878,6736,9096,10053,10360,10463],[1.0,1.0,1.0,1.0,1.0,1.0,1.0,1.0,1.0]
10746,[213,1734,2328,4255,4615,5539,9491,10069,10463],[1.0,1.0,1.0,1.0,1.0,1.0,1.0,1.0,1.0]
10746,[936,1734,2999,4615,8654,8848,9491,10156],[1.0,1.0,1.0,1.0,1.0,1.0,1.0,1.0]
10746,[2185,3347,4589,4632,5429,5440,7423,7634],[1.0,1.0,1.0,1.0,1.0,1.0,1.0,1.0]
10746,[2099,4159,4718,7157,7634,8345,10089],[1.0,1.0,1.0,1.0,1.0,1.0,1.0]
10746,[303,902,1023,1475,2571,4424,4804,6047,8145,9460],[1.0,1.0,1.0,1.0,1.0,1.0,1.0,1.0,1.0,1.0]
10746,[2799,4217,4421,5978,8040,9273,9617],[1.0,1.0,1.0,1.0,1.0,1.0,1.0]
10746,[776,1164,2206,3134,5662,6449,7423,7649,10156],[1.0,1.0,1.0,1.0,1.0,1.0,1.0,1.0,1.0]
10746,[1563,1712,2264,3347,6295,7506,9009,9256,10358],[1.0,1.0,1.0,1.0,1.0,1.0,1.0,1.0,1.0]
10746,[1559,2123,3549,7032,8198,8917,9639,10539],[1.0,1.0,1.0,1.0,1.0,1.0,1.0,1.0]
10746,[66,1036,1509,3586,5639,8343,9814],[1.0,1.0,1.0,1.0,1.0,1.0,1.0]
10746,[1036,2493,4534,5440,5524,6387,8597,9273,10156],[1.0,1.0,1.0,1.0,1.0,1.0,1.0,1.0,1.0]
10746,[2185,2499,3732,5996,6295,7515,9974,10490],[1.0,1.0,1.0,1.0,1.0,1.0,1.0,1.0]
10746,[49,136,956,1255,4611,8582,9208,9254,9298,9792],[1.0,1.0,1.0,1.0,1.0,1.0,1.0,1.0,1.0,1.0]
10746,[204,1455,1562,2618,4217,4534,8114,9851,10630],[1.0,1.0,1.0,1.0,1.0,1.0,1.0,1.0,1.0]
10746,[143,204,2618,4159,4217,4534,7843,7877],[1.0,1.0,1.0,1.0,1.0,1.0,1.0,1.0]
10746,[204,902,2618,4149,4159,4611,7843,10289],[1.0,1.0,1.0,1.0,1.0,1.0,1.0,1.0]
10746,[303,902,2546,2603,4804,7222,9187,9569,10621],[1.0,1.0,1.0,1.0,1.0,1.0,1.0,1.0,1.0]
10746,[2185,2627,3309,6293,6695,7522,8168,8855,9551],[1.0,1.0,1.0,1.0,1.0,1.0,1.0,1.0,1.0]
10746,[2328,3900,4480,4997,6695,6730,7620,10100],[1.0,1.0,1.0,1.0,1.0,1.0,1.0,1.0]
10746,[5718,9294],[1.0,1.0]
