10746,[1310,1870,2845,3788,4213,4440,7011,9491],[1.0,1.0,1.0,1.0,1.0,1.0,1.0,1.0]
10746,[213,1296,1431,3501,3579,7384,10360,10362,10463],[1.0,1.0,1.0,1.0,1.0,1.0,1.0,1.0,1.0]
10746,[11,1255,3501,4520,5118,7829,8700,9000],[1.0,1.0,1.0,1.0,1.0,1.0,1.0,1.0]
10746,[909,3532,4157,8836,9270,10433],[1.0,1.0,1.0,1.0,1.0,1.0]
10746,[758,2240,2493,6172,7482,8280,8673,10433],[1.0,1.0,1.0,1.0,1.0,1.0,1.0,1.0]
10746,[2114,2530,3892,7327,8802,8836,9270,10433],[1.0,1.0,1.0,1.0,1.0,1.0,1.0,1.0]
10746,[988,2836,7205,7421,8836,9058,9528],[1.0,1.0,1.0,1.0,1.0,1.0,1.0]
10746,[1438,2243,2733,5639,7205,7379,9438,9708,9851],[1.0,1.0,1.0,1.0,1.0,1.0,1.0,1.0,1.0]
10746,[252,2708,2992,4534,4611,8280,9528],[1.0,1.0,1.0,1.0,1.0,1.0,1.0]
10746,[273,758,2530,7643,7890,9270],[1.0,1.0,1.0,1.0,1.0,1.0]
10746,[772,1237,1255,2618,5146,5641,6335,10068],[1.0,1.0,1.0,1.0,1.0,1.0,1.0,1.0]
10746,[2530,2708,3989,4405,7506,7643,8280,9438],[1.0,1.0,1.0,1.0,1.0,1.0,1.0,1.0]
10746,[356,1237,3989,4405,6257,8041],[1.0,1.0,1.0,1.0,1.0,1.0]
10746,[1870,2845,3788,6080,6257,7011,8092,9491,10336],[1.0,1.0,1.0,1.0,1.0,1.0,1.0,1.0,1.0]
10746,[1128,1479,1760,6597,10041],[1.0,1.0,1.0,1.0,1.0]
