10746,[654,1818,2905,4440,6862,8022,10360],[1.0,1.0,1.0,1.0,1.0,1.0,1.0]
10746,[213,1652,1818,2518,4778,10152,10463],[1.0,1.0,1.0,1.0,1.0,1.0,1.0]
10746,[513,936,1801,3168,3864,10326,10463],[1.0,1.0,1.0,1.0,1.0,1.0,1.0]
10746,[172,936,4405,4821,5131,5351,6229,6335,8053],[1.0,1.0,1.0,1.0,1.0,1.0,1.0,1.0,1.0]
10746,[544,902,3946,6229,6335,8729,9632,10024,10222],[1.0,1.0,1.0,1.0,1.0,1.0,1.0,1.0,1.0]
10746,[902,914,1073,1706,3321,4424,4688,10024],[1.0,1.0,1.0,1.0,1.0,1.0,1.0,1.0]
10746,[5348,7745,8056,8114,8658,9264,9665,10627],[1.0,1.0,1.0,1.0,1.0,1.0,1.0,1.0]
10746,[776,2182,5348,6229,6335,7379,9665,10627],[1.0,1.0,1.0,1.0,1.0,1.0,1.0,1.0]
10746,[650,1275,2170,7117,7379,7745,9831,10024],[1.0,1.0,1.0,1.0,1.0,1.0,1.0,1.0]
10746,[3850,4258,4512,5351,5597,6810,8114,9049,10132],[1.0,1.0,1.0,1.0,1.0,1.0,1.0,1.0,1.0]
10746,[380,1829,2673,3669,5351,7745,10480],[1.0,1.0,1.0,1.0,1.0,1.0,1.0]
10746,[364,1509,6442,6711,7745,9061,10222,10433],[1.0,1.0,1.0,1.0,1.0,1.0,1.0,1.0]
10746,[3321,3755,3758,7384,8115,8409,9851,10050,10445],[1.0,1.0,1.0,1.0,1.0,1.0,1.0,1.0,1.0]
10746,[1881,2618,5351,6167,8114,8246,10433,10596],[1.0,1.0,1.0,1.0,1.0,1.0,1.0,1.0]
10746,[2182,3783,4534,5351,5628,7649,7745,9611,9764],[1.0,1.0,1.0,1.0,1.0,1.0,1.0,1.0,1.0]
10746,[115,1432,1706,2079,3175,4987,7898],[1.0,1.0,1.0,1.0,1.0,1.0,1.0]
10746,[1706,4576,6341,7502,8624,9266,9270,10611],[1.0,1.0,1.0,1.0,1.0,1.0,1.0,1.0]
10746,[1312,1662,1713,2325,7823,9090,9390,10438,10469],[1.0,1.0,1.0,1.0,1.0,1.0,1.0,1.0,1.0]
10746,[1662,3426,3601,4217,7205,8595],[1.0,1.0,1.0,1.0,1.0,1.0]
