10746,[1310,2013,4213,4440,5201,7384,8751,8779,10362],[1.0,1.0,1.0,1.0,1.0,1.0,1.0,1.0,1.0]
10746,[213,242,1456,1714,2876,6557,7416,9491,10360,10463],[1.0,1.0,1.0,1.0,1.0,1.0,1.0,1.0,1.0,1.0]
10746,[936,2272,2876,7101,7381],[1.0,1.0,1.0,1.0,1.0]
10746,[776,1099,5069,8077,8979,9270,10288],[1.0,1.0,1.0,1.0,1.0,1.0,1.0]
10746,[971,2916,4603,6394,6500,8571,9040],[1.0,1.0,1.0,1.0,1.0,1.0,1.0]
10746,[463,2618,4611,7728,9379,9489,9607],[1.0,1.0,1.0,1.0,1.0,1.0,1.0]
10746,[896,1255,2455,3186,4042,4204,5799,6500],[1.0,1.0,1.0,1.0,1.0,1.0,1.0,1.0]
10746,[143,1275,6341,7055,8114,9379,10288],[1.0,1.0,1.0,1.0,1.0,1.0,1.0]
10746,[1099,1377,2668,2799,5069,6500],[1.0,1.0,1.0,1.0,1.0,1.0]
10746,[1040,3106,5604,8280,9040,10288],[1.0,1.0,1.0,1.0,1.0,1.0]
10746,[1948,6500,7843,7919,8310,8775],[1.0,1.0,1.0,1.0,1.0,1.0]
10746,[3545,3876,6205,6500,8114,9523,10362],[1.0,1.0,1.0,1.0,1.0,1.0,1.0]
10746,[463,3442,4202,6689,8582,8960,9270,9428,10082],[1.0,1.0,1.0,1.0,1.0,1.0,1.0,1.0,1.0]
10746,[663,1237,3713,5623,5836,7645,8692,9290,9851],[1.0,1.0,1.0,1.0,1.0,1.0,1.0,1.0,1.0]
10746,[567,1237,3514,4534,5181,7653,9851],[1.0,1.0,1.0,1.0,1.0,1.0,1.0]
10746,[172,2618,2733,3257,3371,3965,7518,8280],[1.0,1.0,1.0,1.0,1.0,1.0,1.0,1.0]
10746,[463,1237,1706,2499,2618,3442,4825,4998,6918],[1.0,1.0,1.0,1.0,1.0,1.0,1.0,1.0,1.0]
10746,[55,1255,5628,6047,7379,8114,9851],[1.0,1.0,1.0,1.0,1.0,1.0,1.0]
10746,[55,1043,1706,2260,3515,4328,5628,9273,9748],[1.0,1.0,1.0,1.0,1.0,1.0,1.0,1.0,1.0]
10746,[16,633,3318,3545,3741,5222,5684,5949,9273],[1.0,1.0,1.0,1.0,1.0,1.0,1.0,1.0,1.0]
10746,[365,474,3433,3890,4333,4931,5205,8068,8114,8673],[1.0,1.0,1.0,1.0,1.0,1.0,1.0,1.0,1.0,1.0]
10746,[279,837,1315,5022,5426,5628,8231,8476,9273],[1.0,1.0,1.0,1.0,1.0,1.0,1.0,1.0,1.0]
10746,[1411,2596,4084,4205,5991,8673,10694],[1.0,1.0,1.0,1.0,1.0,1.0,1.0]
10746,[2013,2266,5201,6557,8751,8779,9290,9491,9851],[1.0,1.0,1.0,1.0,1.0,1.0,1.0,1.0,1.0]
10746,[4996,5809,6754,7114,7379,8116,9663,9851],[1.0,1.0,1.0,1.0,1.0,1.0,1.0,1.0]
10746,[365,10692],[1.0,1.0]
