10746,[3139,4440,6777,7813,8295,10032,10270],[1.0,1.0,1.0,1.0,1.0,1.0,1.0]
10746,[463,1652,4534,7074,8460,9972,10360,10411,10445],[1.0,1.0,1.0,1.0,1.0,1.0,1.0,1.0,1.0]
10746,[213,936,1175,1317,2467,2953,3422,9130,10658],[1.0,1.0,1.0,1.0,1.0,1.0,1.0,1.0,1.0]
10746,[24,2657,4907,8700,9332,10463],[1.0,1.0,1.0,1.0,1.0,1.0]
10746,[936,1175,1317,2435,2953,3422,7567,9130,10463],[1.0,1.0,1.0,1.0,1.0,1.0,1.0,1.0,1.0]
10746,[1097,4707,6457,8114,9000,9972,10658],[1.0,1.0,1.0,1.0,1.0,1.0,1.0]
10746,[896,1965,2079,2708,3257,4534,4707,6457,7566],[1.0,1.0,1.0,1.0,1.0,1.0,1.0,1.0,1.0]
10746,[383,1241,1255,4800,5820,5841,6257,8099,10621],[1.0,1.0,1.0,1.0,1.0,1.0,1.0,1.0,1.0]
10746,[464,4707,5529,5820,6257,8398,9988,10200,10222],[1.0,1.0,1.0,1.0,1.0,1.0,1.0,1.0,1.0]
10746,[902,956,1099,1275,3596,4332,5022],[1.0,1.0,1.0,1.0,1.0,1.0,1.0]
10746,[2455,3590,4534,6394,6457,6564,9289,9290,9988],[1.0,1.0,1.0,1.0,1.0,1.0,1.0,1.0,1.0]
10746,[1255,3875,4336,4618,7023,8361,8622,8694,10419],[1.0,1.0,1.0,1.0,1.0,1.0,1.0,1.0,1.0]
10746,[375,1125,2455,4618,6170,6564,7379,9290,10419],[1.0,1.0,1.0,1.0,1.0,1.0,1.0,1.0,1.0]
10746,[896,1098,3257,5438,6335,9298,9851,10068],[1.0,1.0,1.0,1.0,1.0,1.0,1.0,1.0]
10746,[1341,2916,6457,8630,8904,9424,10068,10572],[1.0,1.0,1.0,1.0,1.0,1.0,1.0,1.0]
10746,[5,485,1317,4125,4394,4877,10658],[1.0,1.0,1.0,1.0,1.0,1.0,1.0]
10746,[191,896,5327,5791,7566,7606,7728,8304,9368,10322],[1.0,1.0,1.0,1.0,1.0,1.0,1.0,1.0,1.0,1.0]
10746,[464,894,5592,6457,7843,8842,9289,9555,10621],[1.0,1.0,1.0,1.0,1.0,1.0,1.0,1.0,1.0]
10746,[463,4114,4534,5928,8114,8613,9528,10068],[1.0,1.0,1.0,1.0,1.0,1.0,1.0,1.0]
10746,[677,3139,4335,4606,5928,6866,7566,8610],[1.0,1.0,1.0,1.0,1.0,1.0,1.0,1.0]
10746,[1375,1652,2047,4080,6820,7341,8460,9222],[1.0,1.0,1.0,1.0,1.0,1.0,1.0,1.0]
10746,[3139,4953,5668,6777,7063,8295,9989,10032,10411],[1.0,1.0,1.0,1.0,1.0,1.0,1.0,1.0,1.0]
10746,[433,435,1255,2009,3601,4755,7205,9222],[1.0,1.0,1.0,1.0,1.0,1.0,1.0,1.0]
10746,[5123],[1.0]
