10746,[209,887,989,1478,3534,6077,9491],[1.0,1.0,1.0,1.0,1.0,1.0,1.0]
10746,[1965,2262,3511,4440,6167,7123,9851,10360],[1.0,1.0,1.0,1.0,1.0,1.0,1.0,1.0]
10746,[209,213,989,1478,2518,3006,4778,5820,7937,9491],[1.0,1.0,1.0,1.0,1.0,1.0,1.0,1.0,1.0,1.0]
10746,[209,462,753,1478,1535,2518,5895,9270,9491,10152],[1.0,1.0,1.0,1.0,1.0,1.0,1.0,1.0,1.0,1.0]
10746,[7266,8068,8701,8904,9355,9632,10325,10733],[1.0,1.0,1.0,1.0,1.0,1.0,1.0,1.0]
10746,[3191,4205,4440,4649,8042,9595,9632,10463],[1.0,1.0,1.0,1.0,1.0,1.0,1.0,1.0]
10746,[769,1028,3089,4405,5181,6446,9270,9632,10463],[1.0,1.0,1.0,1.0,1.0,1.0,1.0,1.0,1.0]
10746,[1233,2518,5661,6035,8196,9558,10445],[1.0,1.0,1.0,1.0,1.0,1.0,1.0]
10746,[2518,3433,3997,4292,4332,4603,8068,10263],[1.0,1.0,1.0,1.0,1.0,1.0,1.0,1.0]
10746,[1028,3110,6938,7366,8592,8903,10082],[1.0,1.0,1.0,1.0,1.0,1.0,1.0]
10746,[105,4409,4937,5523,5947,7287,10687],[1.0,1.0,1.0,1.0,1.0,1.0,1.0]
10746,[878,4137,4544,4937,5862,6349,6725,8815,10413],[1.0,1.0,1.0,1.0,1.0,1.0,1.0,1.0,1.0]
10746,[189,978,1284,1585,4595,9491,10421],[1.0,1.0,1.0,1.0,1.0,1.0,1.0]
10746,[3295,3464,3582,4864,6634,7722],[1.0,1.0,1.0,1.0,1.0,1.0]
10746,[661,887,989,1965,2247,3464,7262,8120,9406],[1.0,1.0,1.0,1.0,1.0,1.0,1.0,1.0,1.0]
10746,[209,887,989,1478,3385,4315,7391,9491,10621],[1.0,1.0,1.0,1.0,1.0,1.0,1.0,1.0,1.0]
10746,[1662,2325,5604,6298,6394,8505,9851,10223],[1.0,1.0,1.0,1.0,1.0,1.0,1.0,1.0]
10746,[980,5706,5991,7316,7384,9326,9848,10445],[1.0,1.0,1.0,1.0,1.0,1.0,1.0,1.0]
