10746,[1317,1489,4159,4440,6383,9130,10360,10658],[1.0,1.0,1.0,1.0,1.0,1.0,1.0,1.0]
10746,[213,222,1175,2518,3422,4778,5742,5865,10152,10463],[1.0,1.0,1.0,1.0,1.0,1.0,1.0,1.0,1.0,1.0]
10746,[3139,4954,6777,6890,8295,10032,10270],[1.0,1.0,1.0,1.0,1.0,1.0,1.0]
10746,[936,1175,1317,2953,3139,3422,9130,10658],[1.0,1.0,1.0,1.0,1.0,1.0,1.0,1.0]
10746,[3139,4954,6777,6890,8295,10032,10463],[1.0,1.0,1.0,1.0,1.0,1.0,1.0]
10746,[464,747,936,3139,3850,3892,7792,10270],[1.0,1.0,1.0,1.0,1.0,1.0,1.0,1.0]
10746,[262,1965,2079,3089,8690,9851],[1.0,1.0,1.0,1.0,1.0,1.0]
10746,[1489,2079,2493,3523,6555,7653,7792],[1.0,1.0,1.0,1.0,1.0,1.0,1.0]
10746,[2916,3503,4706,6481,7421,7649,8749,9972],[1.0,1.0,1.0,1.0,1.0,1.0,1.0,1.0]
10746,[184,837,1255,4102,4526,4763,5181,6985,10621],[1.0,1.0,1.0,1.0,1.0,1.0,1.0,1.0,1.0]
10746,[372,763,860,4223,4405,5505,6271,7384,9465],[1.0,1.0,1.0,1.0,1.0,1.0,1.0,1.0,1.0]
10746,[51,4223,5505,6394,6417,8114,8167,8219,8749,9972],[1.0,1.0,1.0,1.0,1.0,1.0,1.0,1.0,1.0,1.0]
10746,[2182,3470,4191,4217,6494,6663,7079,8154],[1.0,1.0,1.0,1.0,1.0,1.0,1.0,1.0]
10746,[464,3089,3734,6172,6379,6547,7746,9972],[1.0,1.0,1.0,1.0,1.0,1.0,1.0,1.0]
10746,[969,4159,4223,5244,6208,6504,9991,10433],[1.0,1.0,1.0,1.0,1.0,1.0,1.0,1.0]
10746,[143,1036,5505,7610,8114,8630,9749],[1.0,1.0,1.0,1.0,1.0,1.0,1.0]
10746,[51,3089,3257,4223,7390,7548,10433],[1.0,1.0,1.0,1.0,1.0,1.0,1.0]
10746,[2799,6335,6626,7390,7548,10056,10433,10617],[1.0,1.0,1.0,1.0,1.0,1.0,1.0,1.0]
10746,[3732,5641,6229,6335,6769,7649,8114,10309],[1.0,1.0,1.0,1.0,1.0,1.0,1.0,1.0]
10746,[822,896,4191,4405,5592,7105,8934,9298],[1.0,1.0,1.0,1.0,1.0,1.0,1.0,1.0]
10746,[1588,2260,2425,5244,6383,6810,9851,10621],[1.0,1.0,1.0,1.0,1.0,1.0,1.0,1.0]
10746,[1948,3089,5142,5641,5806,6335,7502,8114,9851],[1.0,1.0,1.0,1.0,1.0,1.0,1.0,1.0,1.0]
10746,[896,6379,6985,7272,7510,7653,9851,10617,10621],[1.0,1.0,1.0,1.0,1.0,1.0,1.0,1.0,1.0]
10746,[948,4217,5440,6547,6983,7670],[1.0,1.0,1.0,1.0,1.0,1.0]
10746,[896,2950,4217,4223,4308,4534,5205,9977],[1.0,1.0,1.0,1.0,1.0,1.0,1.0,1.0]
10746,[705,956,2068,4102,4287,4391,4611,6399],[1.0,1.0,1.0,1.0,1.0,1.0,1.0,1.0]
10746,[1996,2493,2805,3741,6819,8135,9942],[1.0,1.0,1.0,1.0,1.0,1.0,1.0]
10746,[172,288,1099,1154,3741,4102,7506,10621],[1.0,1.0,1.0,1.0,1.0,1.0,1.0,1.0]
10746,[2072,4132,4308,4614,5505,6819,7272,9084],[1.0,1.0,1.0,1.0,1.0,1.0,1.0,1.0]
10746,[1965,4102,4552,5024,9086,9556],[1.0,1.0,1.0,1.0,1.0,1.0]
10746,[172,288,2650,3089,4102,4650,5236,6580,9084],[1.0,1.0,1.0,1.0,1.0,1.0,1.0,1.0,1.0]
10746,[1903,2596,2916,4217,5022,6485,6754,10433,10508],[1.0,1.0,1.0,1.0,1.0,1.0,1.0,1.0,1.0]
10746,[1903,2618,2650,4944,6754,7744,7923,9513],[1.0,1.0,1.0,1.0,1.0,1.0,1.0,1.0]
10746,[1275,1903,2114,2596,3498,5022,6335,8630,10414],[1.0,1.0,1.0,1.0,1.0,1.0,1.0,1.0,1.0]
10746,[1113,3732,4132,4205,4520,4534,8363,8752],[1.0,1.0,1.0,1.0,1.0,1.0,1.0,1.0]
10746,[372,4066,4191,4205,4217,5885,8114,9292,9407],[1.0,1.0,1.0,1.0,1.0,1.0,1.0,1.0,1.0]
10746,[822,4102,4132,4149,4795,5793,7502,9851],[1.0,1.0,1.0,1.0,1.0,1.0,1.0,1.0]
10746,[66,896,2260,2493,3426,3835,4486,4534,7510],[1.0,1.0,1.0,1.0,1.0,1.0,1.0,1.0,1.0]
10746,[806,1965,4768,5505,6436,8005,9379,10621],[1.0,1.0,1.0,1.0,1.0,1.0,1.0,1.0]
10746,[1911,2079,4929,5181,6335,8595,10617,10714,10716],[1.0,1.0,1.0,1.0,1.0,1.0,1.0,1.0,1.0]
10746,[66,766,4332,4888,6172,6379,10621],[1.0,1.0,1.0,1.0,1.0,1.0,1.0]
10746,[806,4332,6172,8411,8582,10281,10697],[1.0,1.0,1.0,1.0,1.0,1.0,1.0]
10746,[1317,1990,2182,3070,6335,6663,8114,8154],[1.0,1.0,1.0,1.0,1.0,1.0,1.0,1.0]
10746,[5,485,4125,4394,4877,5327,10658],[1.0,1.0,1.0,1.0,1.0,1.0,1.0]
