10746,[1513,4111,4440,4953,7944,7990,8773,10067],[1.0,1.0,1.0,1.0,1.0,1.0,1.0,1.0]
10746,[1308,2518,4302,4778,4878,6736,9096,10053,10152],[1.0,1.0,1.0,1.0,1.0,1.0,1.0,1.0,1.0]
10746,[1513,2289,3900,7153,7339,8859,10067,10360],[1.0,1.0,1.0,1.0,1.0,1.0,1.0,1.0]
10746,[213,1284,3318,4682,5901,6537,7318,9000,9405,10734],[1.0,1.0,1.0,1.0,1.0,1.0,1.0,1.0,1.0,1.0]
10746,[41,525,2493,3442,4671,4868,4934,7121,9632],[1.0,1.0,1.0,1.0,1.0,1.0,1.0,1.0,1.0]
10746,[3070,3340,4217,4486,4671,6257,7121,7502,9407],[1.0,1.0,1.0,1.0,1.0,1.0,1.0,1.0,1.0]
10746,[1299,2194,2594,2916,3498,4611,7222,7507,10433],[1.0,1.0,1.0,1.0,1.0,1.0,1.0,1.0,1.0]
10746,[2099,6603,7043,8524,9273,9528,10433,10544,10726],[1.0,1.0,1.0,1.0,1.0,1.0,1.0,1.0,1.0]
10746,[4393,4569,5142,5580,7078,7121,8984,9107,9270,10433],[1.0,1.0,1.0,1.0,1.0,1.0,1.0,1.0,1.0,1.0]
10746,[1706,2594,4572,6500,7222,7421,7645],[1.0,1.0,1.0,1.0,1.0,1.0,1.0]
10746,[343,3340,3343,7105,7649,8729],[1.0,1.0,1.0,1.0,1.0,1.0]
10746,[1588,1950,2493,3512,7121,7307,7646,9212],[1.0,1.0,1.0,1.0,1.0,1.0,1.0,1.0]
10746,[1023,1817,3592,4868,4934,6167,6797,6819,10539],[1.0,1.0,1.0,1.0,1.0,1.0,1.0,1.0,1.0]
10746,[678,1255,4046,5710,7221,7474,8274,10082],[1.0,1.0,1.0,1.0,1.0,1.0,1.0,1.0]
10746,[2123,3512,4712,7646,8041,8265,9864],[1.0,1.0,1.0,1.0,1.0,1.0,1.0]
10746,[1084,2474,2919,3512,3962,5639,7646,8041,10714],[1.0,1.0,1.0,1.0,1.0,1.0,1.0,1.0,1.0]
10746,[1950,2618,5328,6341,8291,9338,9851,10222,10433],[1.0,1.0,1.0,1.0,1.0,1.0,1.0,1.0,1.0]
10746,[365,3732,6341,6541,9546,9851,10508],[1.0,1.0,1.0,1.0,1.0,1.0,1.0]
10746,[823,1803,2521,4217,4611,4734,4751,6754,9523,10433],[1.0,1.0,1.0,1.0,1.0,1.0,1.0,1.0,1.0,1.0]
10746,[814,3732,4202,4217,4421,4734,6341,6754],[1.0,1.0,1.0,1.0,1.0,1.0,1.0,1.0]
10746,[2708,6819,8576,8812,9290,10621],[1.0,1.0,1.0,1.0,1.0,1.0]
10746,[1255,2100,2185,4052,5651,7746,9270,9595,10323],[1.0,1.0,1.0,1.0,1.0,1.0,1.0,1.0,1.0]
10746,[1099,3873,4618,6047,6049,8476,8729,9107,9292],[1.0,1.0,1.0,1.0,1.0,1.0,1.0,1.0,1.0]
10746,[175,780,956,1220,2493,2581,6603,7419,8898,10419],[1.0,1.0,1.0,1.0,1.0,1.0,1.0,1.0,1.0,1.0]
10746,[1388,1881,2440,2618,2916,3741,6401,7617,10003],[1.0,1.0,1.0,1.0,1.0,1.0,1.0,1.0,1.0]
10746,[1220,2596,3328,3445,4486,7343,8018,9107,9270],[1.0,1.0,1.0,1.0,1.0,1.0,1.0,1.0,1.0]
10746,[1706,2074,2885,6500,7121,9289,9292],[1.0,1.0,1.0,1.0,1.0,1.0,1.0]
10746,[175,2099,5643,7105,7423,8991,9364,9460,9465],[1.0,1.0,1.0,1.0,1.0,1.0,1.0,1.0,1.0]
10746,[776,869,1255,2885,3890,7926,8497,9851,9973,10222],[1.0,1.0,1.0,1.0,1.0,1.0,1.0,1.0,1.0,1.0]
10746,[661,1735,2919,4875,5820,5904,6985],[1.0,1.0,1.0,1.0,1.0,1.0,1.0]
10746,[463,632,2366,2390,4730,6637,9364,10222],[1.0,1.0,1.0,1.0,1.0,1.0,1.0,1.0]
10746,[374,2581,3514,3911,7419,7923,9270,9289,9328,9523],[1.0,1.0,1.0,1.0,1.0,1.0,1.0,1.0,1.0,1.0]
10746,[1220,2916,4066,4405,5003,5320,8898,9249],[1.0,1.0,1.0,1.0,1.0,1.0,1.0,1.0]
10746,[175,640,1072,3257,6335,8991,10003,10433],[1.0,1.0,1.0,1.0,1.0,1.0,1.0,1.0]
10746,[143,844,1589,1881,2366,5003,10056],[1.0,1.0,1.0,1.0,1.0,1.0,1.0]
10746,[608,1098,4102,4552,5142,6448,6603,9185,9630],[1.0,1.0,1.0,1.0,1.0,1.0,1.0,1.0,1.0]
10746,[3715,4606,6603,7222,9185,9524,9612,9851],[1.0,1.0,1.0,1.0,1.0,1.0,1.0,1.0]
10746,[413,430,1220,6042,6341,8073,9107,9185,9365],[1.0,1.0,1.0,1.0,1.0,1.0,1.0,1.0,1.0]
10746,[1099,5641,6559,7222,7923,8401,9270,9528],[1.0,1.0,1.0,1.0,1.0,1.0,1.0,1.0]
10746,[3094,5991,6590,6726,7516,8582,9014,10445],[1.0,1.0,1.0,1.0,1.0,1.0,1.0,1.0]
10746,[365,1459,1720,5205,6167,6726,7012,10617],[1.0,1.0,1.0,1.0,1.0,1.0,1.0,1.0]
10746,[374,3481,3532,5142,8580,9107,9270,9706,9851],[1.0,1.0,1.0,1.0,1.0,1.0,1.0,1.0,1.0]
10746,[143,217,1326,2425,6074,9270],[1.0,1.0,1.0,1.0,1.0,1.0]
10746,[175,3514,4405,5003,5320,6444,8690,10621],[1.0,1.0,1.0,1.0,1.0,1.0,1.0,1.0]
10746,[561,3373,4475,6298,8114,8991,9448,9575],[1.0,1.0,1.0,1.0,1.0,1.0,1.0,1.0]
10746,[1299,4046,4217,4219,6603,7010,9107,9524,9620],[1.0,1.0,1.0,1.0,1.0,1.0,1.0,1.0,1.0]
10746,[430,2099,3075,5641,5881,9158,9612,10072],[1.0,1.0,1.0,1.0,1.0,1.0,1.0,1.0]
10746,[3075,4066,5618,5881,6115,9289],[1.0,1.0,1.0,1.0,1.0,1.0]
10746,[902,1673,2455,2688,3075,3373,7323,8114,9185],[1.0,1.0,1.0,1.0,1.0,1.0,1.0,1.0,1.0]
10746,[78,776,1255,1948,6167,7105,9281],[1.0,1.0,1.0,1.0,1.0,1.0,1.0]
10746,[26,1255,3110,7961,9014,9185,9347,9973,10139],[1.0,1.0,1.0,1.0,1.0,1.0,1.0,1.0,1.0]
10746,[902,1099,1255,2455,2916,4728,5215,5907,8114,9611],[1.0,1.0,1.0,1.0,1.0,1.0,1.0,1.0,1.0,1.0]
10746,[902,1480,3110,5215,8476,9632,9973],[1.0,1.0,1.0,1.0,1.0,1.0,1.0]
10746,[776,3110,3143,3545,4217,4534,6531,7202,9528,10139],[1.0,1.0,1.0,1.0,1.0,1.0,1.0,1.0,1.0,1.0]
10746,[776,3741,5763,6341,7218,9186,9851],[1.0,1.0,1.0,1.0,1.0,1.0,1.0]
10746,[374,2455,3134,5683,5978,7303,8114,9973,10056],[1.0,1.0,1.0,1.0,1.0,1.0,1.0,1.0,1.0]
10746,[374,2425,4534,5683,6603,7222,9270,9612],[1.0,1.0,1.0,1.0,1.0,1.0,1.0,1.0]
10746,[1232,4217,5142,5763,8114,9851,9973,10433],[1.0,1.0,1.0,1.0,1.0,1.0,1.0,1.0]
10746,[731,776,844,956,4552,6590,6626,7385,10056],[1.0,1.0,1.0,1.0,1.0,1.0,1.0,1.0,1.0]
10746,[1220,2472,3353,8582,8898,9014,9973],[1.0,1.0,1.0,1.0,1.0,1.0,1.0]
10746,[476,1072,2493,3353,3514,6335,7222,9973],[1.0,1.0,1.0,1.0,1.0,1.0,1.0,1.0]
10746,[457,1220,2366,2455,6047,6603,7222,9851],[1.0,1.0,1.0,1.0,1.0,1.0,1.0,1.0]
10746,[181,365,1621,2079,4191,5305,7032],[1.0,1.0,1.0,1.0,1.0,1.0,1.0]
10746,[1073,4428,5645,6167,9851],[1.0,1.0,1.0,1.0,1.0]
10746,[686,2618,4576,6851,7043,7270,9031,9876,10617],[1.0,1.0,1.0,1.0,1.0,1.0,1.0,1.0,1.0]
10746,[806,4552,6042,6167,6947,9031,9107,9365],[1.0,1.0,1.0,1.0,1.0,1.0,1.0,1.0]
10746,[26,3075,3426,7382,7864,8868,9031,9289,9851],[1.0,1.0,1.0,1.0,1.0,1.0,1.0,1.0,1.0]
10746,[1702,4217,5324,9841,9851,10419],[1.0,1.0,1.0,1.0,1.0,1.0]
10746,[896,2114,2618,2627,4424,4576,4804,10433],[1.0,1.0,1.0,1.0,1.0,1.0,1.0,1.0]
10746,[378,1548,2126,2530,4116,9595,9693],[1.0,1.0,1.0,1.0,1.0,1.0,1.0]
10746,[122,3545,6002,6229,7518,9290,9460,10168],[1.0,1.0,1.0,1.0,1.0,1.0,1.0,1.0]
10746,[902,1155,2114,3932,6002,9364,10716],[1.0,1.0,1.0,1.0,1.0,1.0,1.0]
10746,[526,1700,2284,2407,2628,7746,9107,9816],[1.0,1.0,1.0,1.0,1.0,1.0,1.0,1.0]
10746,[1138,2916,3327,4534,4833,5003,8868],[1.0,1.0,1.0,1.0,1.0,1.0,1.0]
10746,[1588,3426,4534,4649,5200,5874,5983,10714],[1.0,1.0,1.0,1.0,1.0,1.0,1.0,1.0]
10746,[1237,3590,5323,7444,8661,9513],[1.0,1.0,1.0,1.0,1.0,1.0]
10746,[464,3669,4962,8114,8455],[1.0,1.0,1.0,1.0,1.0]
10746,[35,1138,1152,4191,5139,7649,8337,8729,9107,9816],[1.0,1.0,1.0,1.0,1.0,1.0,1.0,1.0,1.0,1.0]
10746,[686,2099,2407,3533,4576,6603,8114],[1.0,1.0,1.0,1.0,1.0,1.0,1.0]
10746,[773,2398,2493,3545,4944,5752,9460,9861],[1.0,1.0,1.0,1.0,1.0,1.0,1.0,1.0]
10746,[902,1284,2455,3586,4084,4540,7843,9816],[1.0,1.0,1.0,1.0,1.0,1.0,1.0,1.0]
10746,[2238,2425,3257,5122,6098,8114,9107,9328,10419],[1.0,1.0,1.0,1.0,1.0,1.0,1.0,1.0,1.0]
10746,[343,1706,3965,4744,6808,7027,9270,9816],[1.0,1.0,1.0,1.0,1.0,1.0,1.0,1.0]
10746,[78,895,1099,1173,5710,6399,7074,8018,8729],[1.0,1.0,1.0,1.0,1.0,1.0,1.0,1.0,1.0]
10746,[422,3732,4301,5328,6995,7443,8863,9183,9273,10433],[1.0,1.0,1.0,1.0,1.0,1.0,1.0,1.0,1.0,1.0]
10746,[4552,7117,8114,8280,9153,9270,9664,10742],[1.0,1.0,1.0,1.0,1.0,1.0,1.0,1.0]
10746,[1965,3229,4534,4784,5641,6808,7502,8917,10621],[1.0,1.0,1.0,1.0,1.0,1.0,1.0,1.0,1.0]
10746,[365,5537,7649,7992,9026,9270,9816],[1.0,1.0,1.0,1.0,1.0,1.0,1.0]
10746,[1134,1706,6002,6448,6778,7222,7506,9187,10617],[1.0,1.0,1.0,1.0,1.0,1.0,1.0,1.0,1.0]
10746,[2708,3257,4671,8875,9493,9831],[1.0,1.0,1.0,1.0,1.0,1.0]
10746,[2618,3075,7042,7222,7923,8586,8960,10072],[1.0,1.0,1.0,1.0,1.0,1.0,1.0,1.0]
10746,[2228,3548,5548,6603,6726,8672,8729,9040],[1.0,1.0,1.0,1.0,1.0,1.0,1.0,1.0]
10746,[1099,3127,3257,9040,9408,10433],[1.0,1.0,1.0,1.0,1.0,1.0]
10746,[3075,3514,3669,5831,7079,8249,9040],[1.0,1.0,1.0,1.0,1.0,1.0,1.0]
10746,[2114,3783,5207,5700,7379,9453,9973,10222,10433],[1.0,1.0,1.0,1.0,1.0,1.0,1.0,1.0,1.0]
10746,[1099,1275,1834,2596,5580,6013,6341,10268],[1.0,1.0,1.0,1.0,1.0,1.0,1.0,1.0]
10746,[1213,2916,3890,4435,4794,6745,8154,10056],[1.0,1.0,1.0,1.0,1.0,1.0,1.0,1.0]
10746,[1099,1255,4525,5241,6002,7516,10222,10621],[1.0,1.0,1.0,1.0,1.0,1.0,1.0,1.0]
10746,[126,143,1099,3374,3437,9270,9953],[1.0,1.0,1.0,1.0,1.0,1.0,1.0]
10746,[303,1573,2185,4534,8595,9298,9460],[1.0,1.0,1.0,1.0,1.0,1.0,1.0]
10746,[4953],[1.0]
