10746,[1652,3993,4145,4440,4722,4797,5373,10642],[1.0,1.0,1.0,1.0,1.0,1.0,1.0,1.0]
10746,[213,1749,3244,4455,4798,5373,7153,7979,8523,10360],[1.0,1.0,1.0,1.0,1.0,1.0,1.0,1.0,1.0,1.0]
10746,[238,936,3755,5428,7017,8575],[1.0,1.0,1.0,1.0,1.0,1.0]
10746,[14,1839,3183,4405,9977,10077,10245],[1.0,1.0,1.0,1.0,1.0,1.0,1.0]
10746,[501,1023,3330,4268,4561,6903,8731,9258,9914,10536],[1.0,1.0,1.0,1.0,1.0,1.0,1.0,1.0,1.0,1.0]
10746,[4541,5739,6206,7426,8425,8717,9506],[1.0,1.0,1.0,1.0,1.0,1.0,1.0]
10746,[1462,1652,1843,2631,3802,4191,4650,4755,6005],[1.0,1.0,1.0,1.0,1.0,1.0,1.0,1.0,1.0]
10746,[844,885,1544,2185,3089,3736,4405,4511,4541],[1.0,1.0,1.0,1.0,1.0,1.0,1.0,1.0,1.0]
10746,[683,898,1637,1706,2126,2185,3463,5001,7718],[1.0,1.0,1.0,1.0,1.0,1.0,1.0,1.0,1.0]
10746,[365,878,4784,4935,5205,7074,7649,8114,9851],[1.0,1.0,1.0,1.0,1.0,1.0,1.0,1.0,1.0]
10746,[3523,4589,5328,5555,5564,5641,5710,8630,8729],[1.0,1.0,1.0,1.0,1.0,1.0,1.0,1.0,1.0]
10746,[37,1652,2278,2916,3993,10536,10621],[1.0,1.0,1.0,1.0,1.0,1.0,1.0]
10746,[3993,4145,4405,4534,5463,9632,10621,10642],[1.0,1.0,1.0,1.0,1.0,1.0,1.0,1.0]
10746,[365,901,3545,4121,4772,6245,9270,9298,9534],[1.0,1.0,1.0,1.0,1.0,1.0,1.0,1.0,1.0]
10746,[1255,1915,3553,4734,5839,5912,8468,8473,10115],[1.0,1.0,1.0,1.0,1.0,1.0,1.0,1.0,1.0]
10746,[1025,3437,3515,4047,7699,8816,9822],[1.0,1.0,1.0,1.0,1.0,1.0,1.0]
10746,[901,4534,5025,5986,6096,7384,7502],[1.0,1.0,1.0,1.0,1.0,1.0,1.0]
10746,[3330,4541,4561,4775,5739,6167,10536],[1.0,1.0,1.0,1.0,1.0,1.0,1.0]
10746,[1103,4414,4534,4722,5194,10539],[1.0,1.0,1.0,1.0,1.0,1.0]
