10746,[2245,3093,4440,4583,5990,6003,6220,8790],[1.0,1.0,1.0,1.0,1.0,1.0,1.0,1.0]
10746,[213,813,4329,4895,6005,6763,7547,7757,9988,10360],[1.0,1.0,1.0,1.0,1.0,1.0,1.0,1.0,1.0,1.0]
10746,[1316,2518,3006,3093,4778,5514,6220,10152],[1.0,1.0,1.0,1.0,1.0,1.0,1.0,1.0]
10746,[936,1316,3514,3792,5514,6366],[1.0,1.0,1.0,1.0,1.0,1.0]
10746,[447,4335,6218,8056,8280,8477,9298,9632],[1.0,1.0,1.0,1.0,1.0,1.0,1.0,1.0]
10746,[14,417,3379,7412,8251,9903,10222,10445],[1.0,1.0,1.0,1.0,1.0,1.0,1.0,1.0]
10746,[1094,4694,6902,8114,9595,9633,10082],[1.0,1.0,1.0,1.0,1.0,1.0,1.0]
10746,[417,447,1099,6985,9400,9814,10670],[1.0,1.0,1.0,1.0,1.0,1.0,1.0]
10746,[2121,2501,3586,3741,4998,8721],[1.0,1.0,1.0,1.0,1.0,1.0]
10746,[417,447,4149,7346,7412,8630,9621,10653],[1.0,1.0,1.0,1.0,1.0,1.0,1.0,1.0]
10746,[365,1255,4149,6454,6650,9903,10433,10653],[1.0,1.0,1.0,1.0,1.0,1.0,1.0,1.0]
10746,[688,991,5069,6341,8695,10349],[1.0,1.0,1.0,1.0,1.0,1.0]
10746,[14,417,2131,6366,8068],[1.0,1.0,1.0,1.0,1.0]
10746,[2131,6902,8068,8114,9595],[1.0,1.0,1.0,1.0,1.0]
10746,[1094,1099,1316,4694,5514,5886,6366,9633,10082],[1.0,1.0,1.0,1.0,1.0,1.0,1.0,1.0,1.0]
10746,[25,2698,3754,5474,6946,7039,8630,10433],[1.0,1.0,1.0,1.0,1.0,1.0,1.0,1.0]
10746,[3268,5604,6145,8790,9290,10068],[1.0,1.0,1.0,1.0,1.0,1.0]
10746,[447,1830,2840,3093,4891,5893,7117],[1.0,1.0,1.0,1.0,1.0,1.0,1.0]
10746,[1337,2306,2335,2455,6035,6220,9045,10419],[1.0,1.0,1.0,1.0,1.0,1.0,1.0,1.0]
