10746,[2348,4440,4582,7367,7582,7997,10433],[1.0,1.0,1.0,1.0,1.0,1.0,1.0]
10746,[213,2992,7687,7818,9748,10187,10360,10463],[1.0,1.0,1.0,1.0,1.0,1.0,1.0,1.0]
10746,[936,4750,6753,10187],[1.0,1.0,1.0,1.0]
10746,[2651,2829,2992,4440,4750,7478,9693,9748,10433],[1.0,1.0,1.0,1.0,1.0,1.0,1.0,1.0,1.0]
10746,[936,1099,2596,4582,7381,7993,7997,9298],[1.0,1.0,1.0,1.0,1.0,1.0,1.0,1.0]
10746,[447,1076,5570,7074,7830,7898,10137,10621],[1.0,1.0,1.0,1.0,1.0,1.0,1.0,1.0]
10746,[4052,6341,7339,7610,9270,9290,10024,10066],[1.0,1.0,1.0,1.0,1.0,1.0,1.0,1.0]
10746,[1187,1616,1990,6170,7390,7857,9270],[1.0,1.0,1.0,1.0,1.0,1.0,1.0]
10746,[1634,6035,6130,8983,9270,9909,10645],[1.0,1.0,1.0,1.0,1.0,1.0,1.0]
10746,[2079,2708,4442,4561,6399,8993,9270,9851],[1.0,1.0,1.0,1.0,1.0,1.0,1.0,1.0]
10746,[143,1990,4944,5743,7156,8893,10725],[1.0,1.0,1.0,1.0,1.0,1.0,1.0]
10746,[2493,2530,2992,3741,6035,9528],[1.0,1.0,1.0,1.0,1.0,1.0]
10746,[245,417,1478,5710,6341,7240,9211],[1.0,1.0,1.0,1.0,1.0,1.0,1.0]
10746,[26,1255,2733,4002,5069,5429,9407],[1.0,1.0,1.0,1.0,1.0,1.0,1.0]
10746,[4582,5820,8917,10419],[1.0,1.0,1.0,1.0]
