10746,[1316,3280,3792,4440,4778,5514,6366,10560],[1.0,1.0,1.0,1.0,1.0,1.0,1.0,1.0]
10746,[1316,2518,3006,5514,6366,10152],[1.0,1.0,1.0,1.0,1.0,1.0]
10746,[213,1230,1553,1652,5474,7818,10187,10360,10463],[1.0,1.0,1.0,1.0,1.0,1.0,1.0,1.0,1.0]
10746,[936,1316,4750,5514,6753,10187,10463],[1.0,1.0,1.0,1.0,1.0,1.0,1.0]
10746,[936,1316,3792,5514,6366,10187,10463],[1.0,1.0,1.0,1.0,1.0,1.0,1.0]
10746,[936,1316,4750,5514,6366,6753,10463],[1.0,1.0,1.0,1.0,1.0,1.0,1.0]
10746,[936,1316,2530,3792,4743,4934,10738],[1.0,1.0,1.0,1.0,1.0,1.0,1.0]
10746,[307,747,1326,1855,2182,5578,7942],[1.0,1.0,1.0,1.0,1.0,1.0,1.0]
10746,[307,1855,2182,7942,9270],[1.0,1.0,1.0,1.0,1.0]
10746,[104,172,747,942,2917,10651],[1.0,1.0,1.0,1.0,1.0,1.0]
10746,[2530,2769,4743,4934,5429,9632,10738],[1.0,1.0,1.0,1.0,1.0,1.0,1.0]
10746,[307,688,747,802,966,1326,6366,8610],[1.0,1.0,1.0,1.0,1.0,1.0,1.0,1.0]
10746,[14,417,2131,8068],[1.0,1.0,1.0,1.0]
10746,[2131,6902,8068,8114,9595,9633],[1.0,1.0,1.0,1.0,1.0,1.0]
10746,[1094,1099,1316,4694,5514,5886,6366,10082],[1.0,1.0,1.0,1.0,1.0,1.0,1.0,1.0]
10746,[25,2698,3754,5474,6946,7039,8630,9290,10433],[1.0,1.0,1.0,1.0,1.0,1.0,1.0,1.0,1.0]
10746,[3268,5604,6145],[1.0,1.0,1.0]
