10746,[1310,1513,4213,4440,4953,7990,8773,10067],[1.0,1.0,1.0,1.0,1.0,1.0,1.0,1.0]
10746,[1513,2518,4778,7384,10067,10152,10360,10362],[1.0,1.0,1.0,1.0,1.0,1.0,1.0,1.0]
10746,[213,1323,2289,3105,3900,4682,4865,7153,7339,8859],[1.0,1.0,1.0,1.0,1.0,1.0,1.0,1.0,1.0,1.0]
10746,[1818,4217,5429,6710,6787,6862,9000,9097],[1.0,1.0,1.0,1.0,1.0,1.0,1.0,1.0]
10746,[3339,3651,3731,4534,5983,8875,10536,10734],[1.0,1.0,1.0,1.0,1.0,1.0,1.0,1.0]
10746,[364,2799,3402,4928,5928,6257,9632,10251],[1.0,1.0,1.0,1.0,1.0,1.0,1.0,1.0]
10746,[868,3651,6485,7653,7843,8114],[1.0,1.0,1.0,1.0,1.0,1.0]
10746,[14,463,567,3731,5635,9423,10222],[1.0,1.0,1.0,1.0,1.0,1.0,1.0]
10746,[3402,4202,7743,8234,9237,9632],[1.0,1.0,1.0,1.0,1.0,1.0]
10746,[143,2079,5328,6401,7084,7379,7390,8114],[1.0,1.0,1.0,1.0,1.0,1.0,1.0,1.0]
10746,[1139,3260,4804,8280,9460,9632,9831],[1.0,1.0,1.0,1.0,1.0,1.0,1.0]
10746,[3783,7379,9460,9632,10536],[1.0,1.0,1.0,1.0,1.0]
10746,[1113,1706,2718,3260,4865,6335,8234,10508],[1.0,1.0,1.0,1.0,1.0,1.0,1.0,1.0]
10746,[1054,3366,4405,7111,7390,9030,10249,10536],[1.0,1.0,1.0,1.0,1.0,1.0,1.0,1.0]
10746,[143,365,1706,3651,7780,9030],[1.0,1.0,1.0,1.0,1.0,1.0]
10746,[121,747,869,3492,5604,6047,9595],[1.0,1.0,1.0,1.0,1.0,1.0,1.0]
10746,[4202,5604,6002,8729,9604,9632,10536,10716],[1.0,1.0,1.0,1.0,1.0,1.0,1.0,1.0]
10746,[143,365,549,3257,7390,10433,10621],[1.0,1.0,1.0,1.0,1.0,1.0,1.0]
10746,[1052,1255,1726,2333,2799,3394,8885,10536],[1.0,1.0,1.0,1.0,1.0,1.0,1.0,1.0]
10746,[912,1054,1315,6080,7147,8557,8898,9365,10536],[1.0,1.0,1.0,1.0,1.0,1.0,1.0,1.0,1.0]
10746,[1054,1086,3257,5983,8595,10433],[1.0,1.0,1.0,1.0,1.0,1.0]
10746,[860,1275,2493,4201,6128,9851,10068,10621],[1.0,1.0,1.0,1.0,1.0,1.0,1.0,1.0]
10746,[4953],[1.0]
