10746,[647,3190,3281,4440,5316,7571,7608,8136],[1.0,1.0,1.0,1.0,1.0,1.0,1.0,1.0]
10746,[213,1652,3642,5514,5830,8315,8526,10211,10360,10463],[1.0,1.0,1.0,1.0,1.0,1.0,1.0,1.0,1.0,1.0]
10746,[936,1316,3792,5514,5661,6366,9714],[1.0,1.0,1.0,1.0,1.0,1.0,1.0]
10746,[138,278,766,2418,3523,3783,8412,10079],[1.0,1.0,1.0,1.0,1.0,1.0,1.0,1.0]
10746,[3318,3783,5343,9165,9308,9649,9843],[1.0,1.0,1.0,1.0,1.0,1.0,1.0]
10746,[2618,5830,6750,7545,9632,10139,10536],[1.0,1.0,1.0,1.0,1.0,1.0,1.0]
10746,[171,837,2247,3401,4191,6530,7506,9851],[1.0,1.0,1.0,1.0,1.0,1.0,1.0,1.0]
10746,[463,896,2530,2588,2618,8476,8509],[1.0,1.0,1.0,1.0,1.0,1.0,1.0]
10746,[13,829,869,1099,1706,2618,7062],[1.0,1.0,1.0,1.0,1.0,1.0,1.0]
10746,[302,1099,1291,3376,3870,4755,5181,5983,9851,10459],[1.0,1.0,1.0,1.0,1.0,1.0,1.0,1.0,1.0,1.0]
10746,[1099,1438,2537,7062,8114,9290,10056,10621],[1.0,1.0,1.0,1.0,1.0,1.0,1.0,1.0]
10746,[1291,1377,2325,3960,7653,8625,9289,10215],[1.0,1.0,1.0,1.0,1.0,1.0,1.0,1.0]
10746,[1099,1665,2247,2588,4066,8509],[1.0,1.0,1.0,1.0,1.0,1.0]
10746,[1324,4405,6394,8476,8995,9632],[1.0,1.0,1.0,1.0,1.0,1.0]
10746,[653,1307,3209,4690,5710,8879,9273,9955],[1.0,1.0,1.0,1.0,1.0,1.0,1.0,1.0]
10746,[1856,3065,3376,5064,7045,8416],[1.0,1.0,1.0,1.0,1.0,1.0]
10746,[126,2447,3133,6335,6368,9290,9851,10621],[1.0,1.0,1.0,1.0,1.0,1.0,1.0,1.0]
10746,[766,3133,3515,3523,3741,3783,10068,10139],[1.0,1.0,1.0,1.0,1.0,1.0,1.0,1.0]
10746,[447,2618,5710,6750,7213,8394,9030,9843],[1.0,1.0,1.0,1.0,1.0,1.0,1.0,1.0]
10746,[447,878,2588,3881,4405,5811,6368,6603,9632],[1.0,1.0,1.0,1.0,1.0,1.0,1.0,1.0,1.0]
10746,[14,2799,3706,4332,4678,5302,5652,8476],[1.0,1.0,1.0,1.0,1.0,1.0,1.0,1.0]
10746,[3290,4534,5181,5652,7877,8114,8653,9632],[1.0,1.0,1.0,1.0,1.0,1.0,1.0,1.0]
10746,[878,2705,3640,5983,7912,8041,9632],[1.0,1.0,1.0,1.0,1.0,1.0,1.0]
10746,[1534,2588,2705,4205,5830,6298,8114,10082],[1.0,1.0,1.0,1.0,1.0,1.0,1.0,1.0]
10746,[878,2974,3545,3640,5316,8136,9632,10410],[1.0,1.0,1.0,1.0,1.0,1.0,1.0,1.0]
10746,[1652,7740,7857,7923,8315,8526,9075,10211],[1.0,1.0,1.0,1.0,1.0,1.0,1.0,1.0]
10746,[3642],[1.0]
