10746,[15,52,208,578,4299,4440,6193,9325,9491],[1.0,1.0,1.0,1.0,1.0,1.0,1.0,1.0,1.0]
10746,[208,213,1237,7153,7416,8635,8859,9632,10360],[1.0,1.0,1.0,1.0,1.0,1.0,1.0,1.0,1.0]
10746,[711,3908,6193,6379,7955,8114,8402,9325,9632],[1.0,1.0,1.0,1.0,1.0,1.0,1.0,1.0,1.0]
10746,[14,962,2524,3633,5053,8842,9203,10423],[1.0,1.0,1.0,1.0,1.0,1.0,1.0,1.0]
10746,[2366,2737,7307,7649,8073,8441,10617,10621],[1.0,1.0,1.0,1.0,1.0,1.0,1.0,1.0]
10746,[423,3089,6145,6193,7502,9325,9632],[1.0,1.0,1.0,1.0,1.0,1.0,1.0]
10746,[1144,5366,6193,7711,7955,8227,9325,9379],[1.0,1.0,1.0,1.0,1.0,1.0,1.0,1.0]
10746,[2088,3908,6193,7506,7955,8630,9364,9462,9632],[1.0,1.0,1.0,1.0,1.0,1.0,1.0,1.0,1.0]
10746,[1099,4389,4801,5885,6011,6193,9325],[1.0,1.0,1.0,1.0,1.0,1.0,1.0]
10746,[672,1255,2162,2769,4549,4801,8941,9298],[1.0,1.0,1.0,1.0,1.0,1.0,1.0,1.0]
10746,[2492,3754,4405,4520,5885,6229,7276,8630,10056],[1.0,1.0,1.0,1.0,1.0,1.0,1.0,1.0,1.0]
10746,[3433,4217,5540,5690,6229,6341,8851,9379,9851],[1.0,1.0,1.0,1.0,1.0,1.0,1.0,1.0,1.0]
10746,[758,3442,3754,4389,6229,9325,9632,10056,10621],[1.0,1.0,1.0,1.0,1.0,1.0,1.0,1.0,1.0]
10746,[14,1099,2455,3908,5540,9379,9632,10581,10617],[1.0,1.0,1.0,1.0,1.0,1.0,1.0,1.0,1.0]
10746,[15,52,208,213,578,1736,4299,6401,9491],[1.0,1.0,1.0,1.0,1.0,1.0,1.0,1.0,1.0]
