10746,[1129,2024,2202,3006,3824,4440,4561,5357,9491],[1.0,1.0,1.0,1.0,1.0,1.0,1.0,1.0,1.0]
10746,[1129,2013,2651,5201,5868,7478,8751,8779,9491,10360],[1.0,1.0,1.0,1.0,1.0,1.0,1.0,1.0,1.0,1.0]
10746,[213,2013,2651,4095,4895,5201,7478,8751,8779,9491],[1.0,1.0,1.0,1.0,1.0,1.0,1.0,1.0,1.0,1.0]
10746,[242,3093,6220,6557,9290,10463],[1.0,1.0,1.0,1.0,1.0,1.0]
10746,[936,1149,1191,2036,3144,5723,6819,7488,10438],[1.0,1.0,1.0,1.0,1.0,1.0,1.0,1.0,1.0]
10746,[1145,1149,6335,10068,10621,10745],[1.0,1.0,1.0,1.0,1.0,1.0]
10746,[372,1588,3693,3741,4015,4896,8642,10745],[1.0,1.0,1.0,1.0,1.0,1.0,1.0,1.0]
10746,[365,1005,1308,2211,5556,8269,9460,10621],[1.0,1.0,1.0,1.0,1.0,1.0,1.0,1.0]
10746,[902,1005,1322,1965,3361,6394,6952,9560,9831],[1.0,1.0,1.0,1.0,1.0,1.0,1.0,1.0,1.0]
10746,[422,769,2545,3510,3741,4405,5783,9632],[1.0,1.0,1.0,1.0,1.0,1.0,1.0,1.0]
10746,[71,465,1910,2271,2618,3831,3968,6057,8412],[1.0,1.0,1.0,1.0,1.0,1.0,1.0,1.0,1.0]
10746,[2333,3442,3661,7813,8127,8908,9292,9699,9851,10609],[1.0,1.0,1.0,1.0,1.0,1.0,1.0,1.0,1.0,1.0]
10746,[1129,2024,2202,3581,5357,9491,10082],[1.0,1.0,1.0,1.0,1.0,1.0,1.0]
10746,[902,1099,2383,9027],[1.0,1.0,1.0,1.0]
