10746,[851,1586,2588,4440,4534,4590,9697,10044],[1.0,1.0,1.0,1.0,1.0,1.0,1.0,1.0]
10746,[39,213,1400,2287,3642,4683,6753,9636,10360,10463],[1.0,1.0,1.0,1.0,1.0,1.0,1.0,1.0,1.0,1.0]
10746,[2200,3277,5090,5279,5845,9113,9491,9996],[1.0,1.0,1.0,1.0,1.0,1.0,1.0,1.0]
10746,[851,936,1586,4590,5090,9697,10463],[1.0,1.0,1.0,1.0,1.0,1.0,1.0]
10746,[980,1054,1229,2726,4494,5830,7316,10325,10445],[1.0,1.0,1.0,1.0,1.0,1.0,1.0,1.0,1.0]
10746,[14,402,902,4217,5351,6382,8476,8673,9298],[1.0,1.0,1.0,1.0,1.0,1.0,1.0,1.0,1.0]
10746,[2126,4520,5885,6229,8073,8889,9595],[1.0,1.0,1.0,1.0,1.0,1.0,1.0]
10746,[2588,4405,4998,7034,10135,10445],[1.0,1.0,1.0,1.0,1.0,1.0]
10746,[3528,3661,4494,7338,8073,9290,9632,10621],[1.0,1.0,1.0,1.0,1.0,1.0,1.0,1.0]
10746,[896,1017,4349,4405,4534,6394,7034,7502,9668],[1.0,1.0,1.0,1.0,1.0,1.0,1.0,1.0,1.0]
10746,[1099,1391,3133,3319,3437,3545,3651,4850,8114,10189],[1.0,1.0,1.0,1.0,1.0,1.0,1.0,1.0,1.0,1.0]
10746,[262,4258,6035,6229,7188,7205,7502,10325],[1.0,1.0,1.0,1.0,1.0,1.0,1.0,1.0]
10746,[2278,3661,5187,6229,6720,7079,8582,9270,9920],[1.0,1.0,1.0,1.0,1.0,1.0,1.0,1.0,1.0]
10746,[372,1255,1791,5328,5628,8042,8690,9298,9841],[1.0,1.0,1.0,1.0,1.0,1.0,1.0,1.0,1.0]
10746,[14,89,172,902,1560,6229,7105,9632],[1.0,1.0,1.0,1.0,1.0,1.0,1.0,1.0]
10746,[14,391,902,4101,4217,8114,8582,10082,10433],[1.0,1.0,1.0,1.0,1.0,1.0,1.0,1.0,1.0]
10746,[1094,1099,3207,5643,6886,9485,9611],[1.0,1.0,1.0,1.0,1.0,1.0,1.0]
10746,[1013,1622,3890,4589,4789,8845,10433],[1.0,1.0,1.0,1.0,1.0,1.0,1.0]
10746,[3734,6167,6383,6582,7079,7382,7877,9632,10528,10621],[1.0,1.0,1.0,1.0,1.0,1.0,1.0,1.0,1.0,1.0]
10746,[4405,6335,7506,9000,10621,10714],[1.0,1.0,1.0,1.0,1.0,1.0]
10746,[966,1255,1706,7502,7699,8211,9270,10222,10621],[1.0,1.0,1.0,1.0,1.0,1.0,1.0,1.0,1.0]
10746,[902,1028,3528,3892,4374,8845],[1.0,1.0,1.0,1.0,1.0,1.0]
10746,[1255,3991,4494,6582,7382,7593,9289,9632,10528],[1.0,1.0,1.0,1.0,1.0,1.0,1.0,1.0,1.0]
10746,[14,55,4258,5134,7506,9118,9270,9724],[1.0,1.0,1.0,1.0,1.0,1.0,1.0,1.0]
10746,[766,1535,2916,3243,3538,3685,6229,8114,10682],[1.0,1.0,1.0,1.0,1.0,1.0,1.0,1.0,1.0]
10746,[2398,2771,3669,4205,5505,7382,9528],[1.0,1.0,1.0,1.0,1.0,1.0,1.0]
10746,[1166,1280,1910,2324,3993,5345,7749,9575,10528],[1.0,1.0,1.0,1.0,1.0,1.0,1.0,1.0,1.0]
10746,[4262,4358,4374,4511,4590,4804,8815,8941,10203],[1.0,1.0,1.0,1.0,1.0,1.0,1.0,1.0,1.0]
10746,[851,7857,7923,9697],[1.0,1.0,1.0,1.0]
