10746,[11,838,3501,4440,5118,7829,8700],[1.0,1.0,1.0,1.0,1.0,1.0,1.0]
10746,[121,1652,3206,3501,3875,3979,4686,9433,9632,10360],[1.0,1.0,1.0,1.0,1.0,1.0,1.0,1.0,1.0,1.0]
10746,[213,936,1304,3501,5118,7829,8323,10054,10463],[1.0,1.0,1.0,1.0,1.0,1.0,1.0,1.0,1.0]
10746,[11,341,936,2530,3501,8700,10093,10433],[1.0,1.0,1.0,1.0,1.0,1.0,1.0,1.0]
10746,[769,1478,9714],[1.0,1.0,1.0]
10746,[417,844,1706,5510,5590,6401,6483,8398,8757],[1.0,1.0,1.0,1.0,1.0,1.0,1.0,1.0,1.0]
10746,[822,1255,1547,1735,2201,5983,9490,10232],[1.0,1.0,1.0,1.0,1.0,1.0,1.0,1.0]
10746,[417,564,1255,3596,6060,7051,8178],[1.0,1.0,1.0,1.0,1.0,1.0,1.0]
10746,[747,1673,1706,2722,7649,7813,8895,10082],[1.0,1.0,1.0,1.0,1.0,1.0,1.0,1.0]
10746,[463,2425,6341,7045,7502,8630,9256],[1.0,1.0,1.0,1.0,1.0,1.0,1.0]
10746,[4405,6002,8941,9813,9851,10468,10621],[1.0,1.0,1.0,1.0,1.0,1.0,1.0]
10746,[2206,3290,4092,8225,9494,10161],[1.0,1.0,1.0,1.0,1.0,1.0]
10746,[631,902,1817,1910,5983,6607,8729,8757,9420],[1.0,1.0,1.0,1.0,1.0,1.0,1.0,1.0,1.0]
10746,[1056,2074,2393,3206,4294,5626],[1.0,1.0,1.0,1.0,1.0,1.0]
10746,[1948,4653,5181,6483,7506,7609,8164,9397],[1.0,1.0,1.0,1.0,1.0,1.0,1.0,1.0]
10746,[2986,3561,4236,4872,6540,6788,8693,9246,9595,9716],[1.0,1.0,1.0,1.0,1.0,1.0,1.0,1.0,1.0,1.0]
10746,[1535,4683,9273,9397,9494,9988],[1.0,1.0,1.0,1.0,1.0,1.0]
10746,[769,2530,2916,9714,10093,10433],[1.0,1.0,1.0,1.0,1.0,1.0]
10746,[844,1255,1478,7240,7302,7923,8398,10216],[1.0,1.0,1.0,1.0,1.0,1.0,1.0,1.0]
10746,[4872,6481,8196,8693,9241,9397,9494,9912],[1.0,1.0,1.0,1.0,1.0,1.0,1.0,1.0]
10746,[766,869,2291,2296,5596,7165,9632],[1.0,1.0,1.0,1.0,1.0,1.0,1.0]
10746,[869,902,1411,2296,4367,5596,9397],[1.0,1.0,1.0,1.0,1.0,1.0,1.0]
10746,[11,3501,5118,7829,8700,9494,10492],[1.0,1.0,1.0,1.0,1.0,1.0,1.0]
