10746,[39,3844,4440,6131,6753,8635,10201],[1.0,1.0,1.0,1.0,1.0,1.0,1.0]
10746,[213,1237,2518,4055,4778,5017,7463,9865,10152,10360],[1.0,1.0,1.0,1.0,1.0,1.0,1.0,1.0,1.0,1.0]
10746,[2200,3277,3844,5090,5845,5975,9491,9996],[1.0,1.0,1.0,1.0,1.0,1.0,1.0,1.0]
10746,[54,822,936,2817,3433,5328,6341],[1.0,1.0,1.0,1.0,1.0,1.0,1.0]
10746,[822,2524,3545,5388,6607,6872,7041,8661,9298],[1.0,1.0,1.0,1.0,1.0,1.0,1.0,1.0,1.0]
10746,[54,822,1281,2114,4344,4534,8630,9298,10433],[1.0,1.0,1.0,1.0,1.0,1.0,1.0,1.0,1.0]
10746,[365,3651,4217,6819,9518,9528,10539],[1.0,1.0,1.0,1.0,1.0,1.0,1.0]
10746,[54,822,902,956,6335,7084,9031,10082,10539],[1.0,1.0,1.0,1.0,1.0,1.0,1.0,1.0,1.0]
10746,[54,822,1910,1920,2070,6024,7390,9950,10557],[1.0,1.0,1.0,1.0,1.0,1.0,1.0,1.0,1.0]
10746,[2433,4611,6544,6872,8310,10508],[1.0,1.0,1.0,1.0,1.0,1.0]
10746,[822,1233,2182,2524,4206,5181,7390,7515],[1.0,1.0,1.0,1.0,1.0,1.0,1.0,1.0]
10746,[650,1255,2018,5471,6590,7154,7379,9453],[1.0,1.0,1.0,1.0,1.0,1.0,1.0,1.0]
10746,[14,822,2524,6229,6506,7384,8114,10222],[1.0,1.0,1.0,1.0,1.0,1.0,1.0,1.0]
10746,[956,4416,4939,6628,7390,8621,10445],[1.0,1.0,1.0,1.0,1.0,1.0,1.0]
10746,[4534,5069,5604,6193,7116,7541,9325,9611,10508],[1.0,1.0,1.0,1.0,1.0,1.0,1.0,1.0,1.0]
10746,[2018,4576,4772,4801,5709,6753,9298,10580],[1.0,1.0,1.0,1.0,1.0,1.0,1.0,1.0]
