10746,[514,1513,4440,4953,7990,8773,9972,10067],[1.0,1.0,1.0,1.0,1.0,1.0,1.0,1.0]
10746,[1513,2518,2582,4778,7633,9632,10067,10152,10360],[1.0,1.0,1.0,1.0,1.0,1.0,1.0,1.0,1.0]
10746,[213,1284,2289,3900,4682,7153,7339,8859,10067,10421],[1.0,1.0,1.0,1.0,1.0,1.0,1.0,1.0,1.0,1.0]
10746,[2261,3224,4552,6210,9000,9386,9491,10421,10545],[1.0,1.0,1.0,1.0,1.0,1.0,1.0,1.0,1.0]
10746,[766,1238,5710,5877,6379,6402,7634,10391],[1.0,1.0,1.0,1.0,1.0,1.0,1.0,1.0]
10746,[1343,3332,6987,8070,9525,10729],[1.0,1.0,1.0,1.0,1.0,1.0]
10746,[2916,3602,3867,4534,4684,9534,10368],[1.0,1.0,1.0,1.0,1.0,1.0,1.0]
10746,[141,2325,3602,4293,4632,5069,8114,10419],[1.0,1.0,1.0,1.0,1.0,1.0,1.0,1.0]
10746,[2856,3391,4405,6432,9032,10617,10621],[1.0,1.0,1.0,1.0,1.0,1.0,1.0]
10746,[14,902,1284,2185,3426,4405,4807,5592,9708],[1.0,1.0,1.0,1.0,1.0,1.0,1.0,1.0,1.0]
10746,[372,4268,4374,6035,8553,9270],[1.0,1.0,1.0,1.0,1.0,1.0]
10746,[1706,2521,2916,4534,4649,5592,7700,8172,9365],[1.0,1.0,1.0,1.0,1.0,1.0,1.0,1.0,1.0]
10746,[902,1253,4149,5077,6002,7173,8729,9953,10268],[1.0,1.0,1.0,1.0,1.0,1.0,1.0,1.0,1.0]
10746,[902,1681,2366,3257,4688,4955,5138,8729,10103],[1.0,1.0,1.0,1.0,1.0,1.0,1.0,1.0,1.0]
10746,[520,631,1099,6047,7387,8582,8842,9600,10522],[1.0,1.0,1.0,1.0,1.0,1.0,1.0,1.0,1.0]
10746,[902,1266,1706,3339,4380,5983,6080,8398],[1.0,1.0,1.0,1.0,1.0,1.0,1.0,1.0]
10746,[529,1266,2406,2783,3545,4576,6047,8062],[1.0,1.0,1.0,1.0,1.0,1.0,1.0,1.0]
10746,[2449,2455,4534,4649,5388,9290,10056,10103],[1.0,1.0,1.0,1.0,1.0,1.0,1.0,1.0]
10746,[26,2074,3318,3590,4354,4405,8729,10056,10419],[1.0,1.0,1.0,1.0,1.0,1.0,1.0,1.0,1.0]
10746,[1266,2749,3590,4380,4534,7423,10103],[1.0,1.0,1.0,1.0,1.0,1.0,1.0]
10746,[5939,5955,7423,8314,8586,9482],[1.0,1.0,1.0,1.0,1.0,1.0]
10746,[1672,2492,2493,3100,6271,9851,9939,10139],[1.0,1.0,1.0,1.0,1.0,1.0,1.0,1.0]
10746,[2521,3073,3545,5912,8497,9851],[1.0,1.0,1.0,1.0,1.0,1.0]
10746,[2455,2492,5307,6047,6056,6080,7356,8026],[1.0,1.0,1.0,1.0,1.0,1.0,1.0,1.0]
10746,[491,896,4019,5815,5885,7325,8040,8165,9289,9523],[1.0,1.0,1.0,1.0,1.0,1.0,1.0,1.0,1.0,1.0]
10746,[464,2992,3590,4534,4649,6836,10621],[1.0,1.0,1.0,1.0,1.0,1.0,1.0]
10746,[1032,2530,3945,4707,5710,5832,7415,10621],[1.0,1.0,1.0,1.0,1.0,1.0,1.0,1.0]
10746,[1671,4159,4534,7351,8554,8846],[1.0,1.0,1.0,1.0,1.0,1.0]
10746,[855,4191,4707,4921,6035],[1.0,1.0,1.0,1.0,1.0]
10746,[457,1187,2407,4341,4534,5181,8114,9365,9886,10621],[1.0,1.0,1.0,1.0,1.0,1.0,1.0,1.0,1.0,1.0]
10746,[806,2366,3002,4534,6117,9270,9365,10621],[1.0,1.0,1.0,1.0,1.0,1.0,1.0,1.0]
10746,[3097,4707,6603,7173,8227,9364,10103,10621],[1.0,1.0,1.0,1.0,1.0,1.0,1.0,1.0]
10746,[501,902,2114,2123,5537,7204,7379,7390,9569,10621],[1.0,1.0,1.0,1.0,1.0,1.0,1.0,1.0,1.0,1.0]
10746,[1275,2493,3590,4534,4649,5102,9513,9993],[1.0,1.0,1.0,1.0,1.0,1.0,1.0,1.0]
10746,[4929,6125,8227,8729,9247,10029],[1.0,1.0,1.0,1.0,1.0,1.0]
10746,[97,3545,3590,4303,5142,8630,8729,9298,10024],[1.0,1.0,1.0,1.0,1.0,1.0,1.0,1.0,1.0]
10746,[342,966,2455,6047,8908,10028,10419],[1.0,1.0,1.0,1.0,1.0,1.0,1.0]
10746,[289,2074,4869,5544,6335,8729,9298,10621],[1.0,1.0,1.0,1.0,1.0,1.0,1.0,1.0]
10746,[1291,1340,2530,4217,4405,6047,9283],[1.0,1.0,1.0,1.0,1.0,1.0,1.0]
10746,[713,822,902,2493,7356,9270,9632,10103],[1.0,1.0,1.0,1.0,1.0,1.0,1.0,1.0]
10746,[1255,1493,2492,3993,5215,6823,9190,9270,10093],[1.0,1.0,1.0,1.0,1.0,1.0,1.0,1.0,1.0]
10746,[3318,3374,5641,5744,6115,6170,9270,9292],[1.0,1.0,1.0,1.0,1.0,1.0,1.0,1.0]
10746,[14,191,902,1275,3094,3441,4313,6056],[1.0,1.0,1.0,1.0,1.0,1.0,1.0,1.0]
10746,[1341,3442,4167,5648,6298,7390,7452,8297,9270],[1.0,1.0,1.0,1.0,1.0,1.0,1.0,1.0,1.0]
10746,[121,245,4354,4962,6277,7548,10139],[1.0,1.0,1.0,1.0,1.0,1.0,1.0]
10746,[1706,3318,3426,6080,6590,7923,8729,9270,10507],[1.0,1.0,1.0,1.0,1.0,1.0,1.0,1.0,1.0]
10746,[1990,4707,6536,6778,8041,8729],[1.0,1.0,1.0,1.0,1.0,1.0]
10746,[172,747,2601,4606,4669,5618,8842,8908,9270],[1.0,1.0,1.0,1.0,1.0,1.0,1.0,1.0,1.0]
10746,[289,2861,4405,4534,4953,5710],[1.0,1.0,1.0,1.0,1.0,1.0]
