10746,[168,1513,4440,4953,5322,7990,8773,10067],[1.0,1.0,1.0,1.0,1.0,1.0,1.0,1.0]
10746,[1283,1513,2518,4778,8286,10067,10152],[1.0,1.0,1.0,1.0,1.0,1.0,1.0]
10746,[213,2289,3900,4682,7153,7339,7858,8859,10067,10360],[1.0,1.0,1.0,1.0,1.0,1.0,1.0,1.0,1.0,1.0]
10746,[1469,5336,8286,8448,8600,9000,9491],[1.0,1.0,1.0,1.0,1.0,1.0,1.0]
10746,[891,4534,4953,6167,6170,8136,8145,8580,10068,10222],[1.0,1.0,1.0,1.0,1.0,1.0,1.0,1.0,1.0,1.0]
10746,[365,529,3741,5687,6751,7723,10563,10603],[1.0,1.0,1.0,1.0,1.0,1.0,1.0,1.0]
10746,[869,1438,2455,3426,4611,6460,8476,9270,9338],[1.0,1.0,1.0,1.0,1.0,1.0,1.0,1.0,1.0]
10746,[894,4066,4940,7858,9465,10068],[1.0,1.0,1.0,1.0,1.0,1.0]
10746,[869,1411,7114,8114,8610,9496,9758],[1.0,1.0,1.0,1.0,1.0,1.0,1.0]
10746,[1910,3545,3975,4953],[1.0,1.0,1.0,1.0]
