10746,[3770,4440,5201,5767,5822,8207,9491,9632],[1.0,1.0,1.0,1.0,1.0,1.0,1.0,1.0]
10746,[213,1456,1714,2493,4961,7416,7506,9025,9973,10360],[1.0,1.0,1.0,1.0,1.0,1.0,1.0,1.0,1.0,1.0]
10746,[1870,2845,3788,7011,9491,10463],[1.0,1.0,1.0,1.0,1.0,1.0]
10746,[936,1310,1870,2140,2664,2845,3964,4332,8480,9420],[1.0,1.0,1.0,1.0,1.0,1.0,1.0,1.0,1.0,1.0]
10746,[608,2232,3426,3442,4217,9407],[1.0,1.0,1.0,1.0,1.0,1.0]
10746,[1310,2238,2576,3993,4071,4240,4258,8480],[1.0,1.0,1.0,1.0,1.0,1.0,1.0,1.0]
10746,[869,4191,5878,6156,6341,6910,7922],[1.0,1.0,1.0,1.0,1.0,1.0,1.0]
10746,[2425,3426,6047,6819,7471,7548,8480,9465],[1.0,1.0,1.0,1.0,1.0,1.0,1.0,1.0]
10746,[1098,1275,3318,4606,7114,7471,9667,10125],[1.0,1.0,1.0,1.0,1.0,1.0,1.0,1.0]
10746,[902,3705,4191,4649,6109,6442,10082,10214],[1.0,1.0,1.0,1.0,1.0,1.0,1.0,1.0]
10746,[746,1187,1377,1706,3894,4740,5294,5822,8207,9769],[1.0,1.0,1.0,1.0,1.0,1.0,1.0,1.0,1.0,1.0]
10746,[273],[1.0]
