10746,[838,1652,4405,4440,7953,8177,8323,10054,10360],[1.0,1.0,1.0,1.0,1.0,1.0,1.0,1.0,1.0]
10746,[213,513,3864,5351,6980,10326,10463],[1.0,1.0,1.0,1.0,1.0,1.0,1.0]
10746,[252,936,3741,8232,9851],[1.0,1.0,1.0,1.0,1.0]
10746,[252,1706,3230,6035,9528,9851,9903],[1.0,1.0,1.0,1.0,1.0,1.0,1.0]
10746,[143,2146,2882,5390,6335,8934,9249,10714],[1.0,1.0,1.0,1.0,1.0,1.0,1.0,1.0]
10746,[356,838,902,1291,2916,3946,5966],[1.0,1.0,1.0,1.0,1.0,1.0,1.0]
10746,[1411,2530,2916,3007,8114,9337],[1.0,1.0,1.0,1.0,1.0,1.0]
10746,[838,2123,2916,4280,4934,7083,7874,9289,9708],[1.0,1.0,1.0,1.0,1.0,1.0,1.0,1.0,1.0]
10746,[252,304,356,1535,1706,1817,6171,7390],[1.0,1.0,1.0,1.0,1.0,1.0,1.0,1.0]
10746,[567,1255,1310,2974,3677,6660,7890,9249,10307],[1.0,1.0,1.0,1.0,1.0,1.0,1.0,1.0,1.0]
10746,[838,1791,2407,5069,7379,8280,10353,10419],[1.0,1.0,1.0,1.0,1.0,1.0,1.0,1.0]
10746,[838,1166,4597,4735,7874,9632],[1.0,1.0,1.0,1.0,1.0,1.0]
10746,[252,359,598,1166,4081,4217,4671,9816],[1.0,1.0,1.0,1.0,1.0,1.0,1.0,1.0]
10746,[2194,3050,3532,4671,6035,9851],[1.0,1.0,1.0,1.0,1.0,1.0]
10746,[55,252,356,359,1288,8005,8114],[1.0,1.0,1.0,1.0,1.0,1.0,1.0]
10746,[1545,3230,3532,4611,6035,9851,10137,10621],[1.0,1.0,1.0,1.0,1.0,1.0,1.0,1.0]
10746,[252,549,4217,4784,5604,8917,9528,9632,10139],[1.0,1.0,1.0,1.0,1.0,1.0,1.0,1.0,1.0]
10746,[55,252,896,4202,6072,8005,9485,10056],[1.0,1.0,1.0,1.0,1.0,1.0,1.0,1.0]
10746,[7941,10054],[1.0,1.0]
