10746,[1870,2845,3788,4440,7011,8022,9491],[1.0,1.0,1.0,1.0,1.0,1.0,1.0]
10746,[213,654,838,1296,1431,3579,4405,7953,10360,10463],[1.0,1.0,1.0,1.0,1.0,1.0,1.0,1.0,1.0,1.0]
10746,[513,3864,4405,6149,9000,10326],[1.0,1.0,1.0,1.0,1.0,1.0]
10746,[356,770,838,2530,2797,2916,3734,5737,9273],[1.0,1.0,1.0,1.0,1.0,1.0,1.0,1.0,1.0]
10746,[1144,1411,2123,2530,2916,3089,8475],[1.0,1.0,1.0,1.0,1.0,1.0,1.0]
10746,[654,2307,2530,5604,6167,7117,9273,10222],[1.0,1.0,1.0,1.0,1.0,1.0,1.0,1.0]
10746,[121,2738,3089,3992,4393,5803,8455,9878,10350],[1.0,1.0,1.0,1.0,1.0,1.0,1.0,1.0,1.0]
10746,[869,2185,6379,7955,8775,9273,9632],[1.0,1.0,1.0,1.0,1.0,1.0,1.0]
10746,[654,1099,3864,6167,7768,8343,9328],[1.0,1.0,1.0,1.0,1.0,1.0,1.0]
10746,[838,956,2123,2206,4060,4576,6013,7379],[1.0,1.0,1.0,1.0,1.0,1.0,1.0,1.0]
10746,[1870,2845,3788,4381,4589,5596,7011,8092,9491],[1.0,1.0,1.0,1.0,1.0,1.0,1.0,1.0,1.0]
10746,[1128,1479,1760,6597,10041],[1.0,1.0,1.0,1.0,1.0]
