10746,[2798,3009,3089,3974,4440,5293,7070,9491,10127],[1.0,1.0,1.0,1.0,1.0,1.0,1.0,1.0,1.0]
10746,[2798,3006,3974,4597,5293,8144,9491,10127,10360,10692],[1.0,1.0,1.0,1.0,1.0,1.0,1.0,1.0,1.0,1.0]
10746,[39,213,3093,3293,3642,3844,4902,9033,10610],[1.0,1.0,1.0,1.0,1.0,1.0,1.0,1.0,1.0]
10746,[510,936,2343,3089,3851,4577,4595],[1.0,1.0,1.0,1.0,1.0,1.0,1.0]
10746,[1776,2530,2564,3893,5917,7826,8114,8554,9594],[1.0,1.0,1.0,1.0,1.0,1.0,1.0,1.0,1.0]
10746,[2121,2126,2530,4217,4526,5641,5885,10222,10621],[1.0,1.0,1.0,1.0,1.0,1.0,1.0,1.0,1.0]
10746,[172,2564,4888,5281,5917,8630,10093],[1.0,1.0,1.0,1.0,1.0,1.0,1.0]
10746,[172,4217,4332,5885,5917,5983,6335,7187],[1.0,1.0,1.0,1.0,1.0,1.0,1.0,1.0]
10746,[19,538,629,2530,4534,5917,9851,10621],[1.0,1.0,1.0,1.0,1.0,1.0,1.0,1.0]
10746,[896,1255,2530,2618,3186,3257,5860,7224,7549,10022],[1.0,1.0,1.0,1.0,1.0,1.0,1.0,1.0,1.0,1.0]
10746,[417,447,2530,8648,10082,10504],[1.0,1.0,1.0,1.0,1.0,1.0]
10746,[372,2297,3545,4188,4191,4389,7551,10093,10398],[1.0,1.0,1.0,1.0,1.0,1.0,1.0,1.0,1.0]
10746,[2147,2325,4998,6486,7346,7580,7943,9851,10082],[1.0,1.0,1.0,1.0,1.0,1.0,1.0,1.0,1.0]
10746,[912,1706,2043,2874,8308,8480,8960,9430],[1.0,1.0,1.0,1.0,1.0,1.0,1.0,1.0]
10746,[795,896,1299,1589,2623,7256,7506,8978,10700],[1.0,1.0,1.0,1.0,1.0,1.0,1.0,1.0,1.0]
10746,[1706,2321,3098,3732,5369,5917,7518,8480,8729],[1.0,1.0,1.0,1.0,1.0,1.0,1.0,1.0,1.0]
10746,[469,679,2156,4219,6002,6481,8041,9364],[1.0,1.0,1.0,1.0,1.0,1.0,1.0,1.0]
10746,[597,869,4045,5978,9364,10191,10398,10617,10714],[1.0,1.0,1.0,1.0,1.0,1.0,1.0,1.0,1.0]
10746,[844,2147,4202,4921,5393,7346,9286,9364],[1.0,1.0,1.0,1.0,1.0,1.0,1.0,1.0]
10746,[1299,2530,3202,3873,5641,6167,6229,8554],[1.0,1.0,1.0,1.0,1.0,1.0,1.0,1.0]
10746,[55,417,1099,1706,2182,3754,4405,8114,9632],[1.0,1.0,1.0,1.0,1.0,1.0,1.0,1.0,1.0]
10746,[1023,1590,2123,3754,7843,9632],[1.0,1.0,1.0,1.0,1.0,1.0]
10746,[1706,3098,3127,4191,4636,6099,6395,7390,7423,7933],[1.0,1.0,1.0,1.0,1.0,1.0,1.0,1.0,1.0,1.0]
10746,[332,631,2325,4042,5380,6099,10398],[1.0,1.0,1.0,1.0,1.0,1.0,1.0]
10746,[1965,2074,4138,7390,8114,8630,8729,8917,10621],[1.0,1.0,1.0,1.0,1.0,1.0,1.0,1.0,1.0]
10746,[2447,3515,5293,6492,8280,9379,9534,10433],[1.0,1.0,1.0,1.0,1.0,1.0,1.0,1.0]
10746,[5420,6366,8505,10055,10213],[1.0,1.0,1.0,1.0,1.0]
