10746,[1870,2845,3788,4440,7011,8022,9491],[1.0,1.0,1.0,1.0,1.0,1.0,1.0]
10746,[654,838,1296,3579,4277,4405,5820,7937,7953,10360],[1.0,1.0,1.0,1.0,1.0,1.0,1.0,1.0,1.0,1.0]
10746,[213,513,1431,3864,9000,10326,10463],[1.0,1.0,1.0,1.0,1.0,1.0,1.0]
10746,[838,4092,4374,5429,7885,8711,9262],[1.0,1.0,1.0,1.0,1.0,1.0,1.0]
10746,[204,2123,3768,4344,7384,10617],[1.0,1.0,1.0,1.0,1.0,1.0]
10746,[3321,3448,4597,5988,7843,10508],[1.0,1.0,1.0,1.0,1.0,1.0]
10746,[806,1310,2247,2916,3927,5596,8345],[1.0,1.0,1.0,1.0,1.0,1.0,1.0]
10746,[3135,3669,4424,5567,6442,8658,8956],[1.0,1.0,1.0,1.0,1.0,1.0,1.0]
10746,[365,753,860,3498,4344,5567,6497,10621],[1.0,1.0,1.0,1.0,1.0,1.0,1.0,1.0]
10746,[365,753,956,2206,3135,5567,6442,7363],[1.0,1.0,1.0,1.0,1.0,1.0,1.0,1.0]
10746,[259,806,1310,4090,4344,8554,8903],[1.0,1.0,1.0,1.0,1.0,1.0,1.0]
10746,[1760,1870,2845,3788,5223,5820,7011,8092,9491,10041],[1.0,1.0,1.0,1.0,1.0,1.0,1.0,1.0,1.0,1.0]
10746,[1128,1479,6597],[1.0,1.0,1.0]
