10746,[50,73,389,3050,4440,4614,6398],[1.0,1.0,1.0,1.0,1.0,1.0,1.0]
10746,[213,590,3770,5201,5628,8463,9491,10360,10370,10463],[1.0,1.0,1.0,1.0,1.0,1.0,1.0,1.0,1.0,1.0]
10746,[22,646,936,3770,5201,5822,8207,9491],[1.0,1.0,1.0,1.0,1.0,1.0,1.0,1.0]
10746,[1446,1960,2898,3638,3819,4172,5645,10381,10536],[1.0,1.0,1.0,1.0,1.0,1.0,1.0,1.0,1.0]
10746,[455,1728,2588,3372,4010,5461,5800,6870,8234,10459],[1.0,1.0,1.0,1.0,1.0,1.0,1.0,1.0,1.0,1.0]
10746,[17,956,3303,3372,5461,6870,7062,7340],[1.0,1.0,1.0,1.0,1.0,1.0,1.0,1.0]
10746,[26,2455,2671,3192,3535,4396,5245,6280,9903,10536],[1.0,1.0,1.0,1.0,1.0,1.0,1.0,1.0,1.0,1.0]
10746,[188,1542,2268,3372,3460,4979,7918,9002,9896,10085],[1.0,1.0,1.0,1.0,1.0,1.0,1.0,1.0,1.0,1.0]
10746,[241,389,2186,3125,6398,6702,8207,8416,8510],[1.0,1.0,1.0,1.0,1.0,1.0,1.0,1.0,1.0]
10746,[50,73,1304,1538,1934,4017,6939,9727],[1.0,1.0,1.0,1.0,1.0,1.0,1.0,1.0]
10746,[50,342,473,2186,4017,7857,8630,10128],[1.0,1.0,1.0,1.0,1.0,1.0,1.0,1.0]
10746,[26,1933,1975,2530,6617,7390,8729,10381,10714],[1.0,1.0,1.0,1.0,1.0,1.0,1.0,1.0,1.0]
10746,[446,1284,4191,4930,7202,8497,10421],[1.0,1.0,1.0,1.0,1.0,1.0,1.0]
10746,[1170,1293,2261,9491,10421],[1.0,1.0,1.0,1.0,1.0]
