10746,[372,2200,3277,4440,5090,5845,9491,9996],[1.0,1.0,1.0,1.0,1.0,1.0,1.0,1.0]
10746,[213,1926,2200,2518,3277,4205,4778,9996,10152,10360],[1.0,1.0,1.0,1.0,1.0,1.0,1.0,1.0,1.0,1.0]
10746,[1316,3277,5918,6380,7031,9491,10463],[1.0,1.0,1.0,1.0,1.0,1.0,1.0]
10746,[936,4217,5150,6366,7903,8494],[1.0,1.0,1.0,1.0,1.0,1.0]
10746,[869,1099,2596,4925,5710,8582,9543],[1.0,1.0,1.0,1.0,1.0,1.0,1.0]
10746,[26,172,869,4807,8018,8114,9379,9595,10419],[1.0,1.0,1.0,1.0,1.0,1.0,1.0,1.0,1.0]
10746,[14,1798,1948,1990,4755,6098,7593,10108],[1.0,1.0,1.0,1.0,1.0,1.0,1.0,1.0]
10746,[365,626,956,1255,4244,4581,7468,9102,9290,10621],[1.0,1.0,1.0,1.0,1.0,1.0,1.0,1.0,1.0,1.0]
10746,[869,4121,4217,4414,4925,4943,7468,9632],[1.0,1.0,1.0,1.0,1.0,1.0,1.0,1.0]
10746,[51,1673,4848,5079,6901,7377,7506],[1.0,1.0,1.0,1.0,1.0,1.0,1.0]
10746,[51,3055,4191,4581,5845,5958,7147,8476,8917],[1.0,1.0,1.0,1.0,1.0,1.0,1.0,1.0,1.0]
