10746,[15,52,208,451,578,1706,4299,4440,9491],[1.0,1.0,1.0,1.0,1.0,1.0,1.0,1.0,1.0]
10746,[208,213,3093,6220,7153,7416,8859,8976,10360],[1.0,1.0,1.0,1.0,1.0,1.0,1.0,1.0,1.0]
10746,[936,1222,2036,3545,4805,7488,10068],[1.0,1.0,1.0,1.0,1.0,1.0,1.0]
10746,[451,812,940,4534,6298,6394,6518,7074,8722,10024],[1.0,1.0,1.0,1.0,1.0,1.0,1.0,1.0,1.0,1.0]
10746,[6229,6341,7470,8269,8774,9575,10024,10621],[1.0,1.0,1.0,1.0,1.0,1.0,1.0,1.0]
10746,[14,451,1255,1588,1910,1943,2070,3391,4405],[1.0,1.0,1.0,1.0,1.0,1.0,1.0,1.0,1.0]
10746,[2530,2976,3850,5293,5911,7572,8432,8661,10627],[1.0,1.0,1.0,1.0,1.0,1.0,1.0,1.0,1.0]
10746,[812,2447,2615,7039,7470,7869,9102,10433,10627],[1.0,1.0,1.0,1.0,1.0,1.0,1.0,1.0,1.0]
10746,[451,2240,3070,4389,4525,4549,4804,10048],[1.0,1.0,1.0,1.0,1.0,1.0,1.0,1.0]
10746,[5641,8961,9273,9377,10161,10621,10626],[1.0,1.0,1.0,1.0,1.0,1.0,1.0]
10746,[1529,3111,5167,5418,9632,9851,10024],[1.0,1.0,1.0,1.0,1.0,1.0,1.0]
10746,[14,2618,3073,4552,5537,6050,7379,10621],[1.0,1.0,1.0,1.0,1.0,1.0,1.0,1.0]
10746,[2079,3549,4552,4625,4679,4755,6229,7882],[1.0,1.0,1.0,1.0,1.0,1.0,1.0,1.0]
10746,[451,812,4807,7308,9724,9776,10617],[1.0,1.0,1.0,1.0,1.0,1.0,1.0]
10746,[15,578,878,896,1283,1706,5224,8041,9580],[1.0,1.0,1.0,1.0,1.0,1.0,1.0,1.0,1.0]
10746,[2916,3284,8245],[1.0,1.0,1.0]
