10746,[2200,2588,3277,4440,5090,5845,9491,9996],[1.0,1.0,1.0,1.0,1.0,1.0,1.0,1.0]
10746,[39,213,2518,3277,4534,4778,6753,10044,10360],[1.0,1.0,1.0,1.0,1.0,1.0,1.0,1.0,1.0]
10746,[851,1586,2200,3277,9491,9697,9996,10152,10463],[1.0,1.0,1.0,1.0,1.0,1.0,1.0,1.0,1.0]
10746,[936,2200,3277,4590,5090,5279,5726,9113,9491,10463],[1.0,1.0,1.0,1.0,1.0,1.0,1.0,1.0,1.0,1.0]
10746,[851,936,3277,5090,5845,9491,9697,9996,10463],[1.0,1.0,1.0,1.0,1.0,1.0,1.0,1.0,1.0]
10746,[902,936,1586,4590,5845,9290,9632,10325,10621],[1.0,1.0,1.0,1.0,1.0,1.0,1.0,1.0,1.0]
10746,[14,2588,4066,4217,6382,7363,9270,9298,9430],[1.0,1.0,1.0,1.0,1.0,1.0,1.0,1.0,1.0]
10746,[608,2300,4772,7117,8917,9298,10325],[1.0,1.0,1.0,1.0,1.0,1.0,1.0]
10746,[2518,3734,6530,6886,7317,7733,8041,8054],[1.0,1.0,1.0,1.0,1.0,1.0,1.0,1.0]
10746,[1255,2123,2769,4848,8114,9407,10420,10621],[1.0,1.0,1.0,1.0,1.0,1.0,1.0,1.0]
10746,[1255,2185,2609,6002,7218,7699,9595,10325],[1.0,1.0,1.0,1.0,1.0,1.0,1.0,1.0]
10746,[43,5351,6886,8041,8543,8917],[1.0,1.0,1.0,1.0,1.0,1.0]
10746,[262,339,935,1090,2126,7084,7390,8114,8661],[1.0,1.0,1.0,1.0,1.0,1.0,1.0,1.0,1.0]
10746,[1099,1255,2300,3201,3257,6087,7733,9298,10433],[1.0,1.0,1.0,1.0,1.0,1.0,1.0,1.0,1.0]
10746,[1229,2588,4494,5207,5628],[1.0,1.0,1.0,1.0,1.0]
10746,[402,980,1054,2726,5830,7316,10325,10445],[1.0,1.0,1.0,1.0,1.0,1.0,1.0,1.0]
10746,[14,172,902,4217,5351,6382,8476,8673,9298],[1.0,1.0,1.0,1.0,1.0,1.0,1.0,1.0,1.0]
10746,[14,902,4217,8582,10082,10433],[1.0,1.0,1.0,1.0,1.0,1.0]
10746,[391,1094,1099,4101,5643,6886,8114,9485],[1.0,1.0,1.0,1.0,1.0,1.0,1.0,1.0]
10746,[1622,3207,3890,4589,8845,9611],[1.0,1.0,1.0,1.0,1.0,1.0]
10746,[1013,3734,4789,6383,6582,7079,7382,9632,10433,10528],[1.0,1.0,1.0,1.0,1.0,1.0,1.0,1.0,1.0,1.0]
10746,[4405,6167,6335,7877,9000,10621,10714],[1.0,1.0,1.0,1.0,1.0,1.0,1.0]
10746,[966,1255,6335,7502,7506,7699,10222,10621],[1.0,1.0,1.0,1.0,1.0,1.0,1.0,1.0]
10746,[5845],[1.0]
