10746,[1310,1314,4213,4440,4590,6923,7384,8398,10362],[1.0,1.0,1.0,1.0,1.0,1.0,1.0,1.0,1.0]
10746,[213,1314,2272,2876,7101,8398,10360,10463],[1.0,1.0,1.0,1.0,1.0,1.0,1.0,1.0]
10746,[936,1099,2272,5069,7101,7381,8979,9270],[1.0,1.0,1.0,1.0,1.0,1.0,1.0,1.0]
10746,[776,2916,6394,8077,9040,10288],[1.0,1.0,1.0,1.0,1.0,1.0]
10746,[463,971,4603,6500,8571,9379,9489],[1.0,1.0,1.0,1.0,1.0,1.0,1.0]
10746,[2455,2618,4042,4204,4611,7728,9607],[1.0,1.0,1.0,1.0,1.0,1.0,1.0]
10746,[896,1255,3186,5799,6500,7055,10288],[1.0,1.0,1.0,1.0,1.0,1.0,1.0]
10746,[143,1275,2799,6341,8114,9379],[1.0,1.0,1.0,1.0,1.0,1.0]
10746,[1099,1377,2668,5069,6500,9040,10288],[1.0,1.0,1.0,1.0,1.0,1.0,1.0]
10746,[1040,1948,3106,5604,6500,7919,8280,8775],[1.0,1.0,1.0,1.0,1.0,1.0,1.0,1.0]
10746,[6500,7843,8310,10362],[1.0,1.0,1.0,1.0]
10746,[902,3545,3876,6205,8114,8582,9428,9523,9748],[1.0,1.0,1.0,1.0,1.0,1.0,1.0,1.0,1.0]
10746,[1706,3089,3545,4420,8701,9270,9555,9595],[1.0,1.0,1.0,1.0,1.0,1.0,1.0,1.0]
10746,[705,2715,3256,4191,4650,5700,7506,7515],[1.0,1.0,1.0,1.0,1.0,1.0,1.0,1.0]
10746,[1512,3036,3169,5325,5820,10723],[1.0,1.0,1.0,1.0,1.0,1.0]
10746,[372,4066,5564,5592,8438,9595,10401],[1.0,1.0,1.0,1.0,1.0,1.0,1.0]
10746,[365,1557,5205,6940,7123,8985,9270],[1.0,1.0,1.0,1.0,1.0,1.0,1.0]
10746,[1515,1706,2174,2442,4895,5867,5948,6706,7033,9290],[1.0,1.0,1.0,1.0,1.0,1.0,1.0,1.0,1.0,1.0]
10746,[837,848,1706,4590,4929,5142,9270,9379],[1.0,1.0,1.0,1.0,1.0,1.0,1.0,1.0]
10746,[1314,1354,3206,4590,5446,6923,8398,10181],[1.0,1.0,1.0,1.0,1.0,1.0,1.0,1.0]
10746,[1304,1924,4683],[1.0,1.0,1.0]
