10746,[617,1400,2455,3974,4440,5293,6335,8911],[1.0,1.0,1.0,1.0,1.0,1.0,1.0,1.0]
10746,[2837,3101,6193,8233,8580,9325,9596,9611,10360],[1.0,1.0,1.0,1.0,1.0,1.0,1.0,1.0,1.0]
10746,[167,213,866,2518,4683,4778,5820,7937,10152],[1.0,1.0,1.0,1.0,1.0,1.0,1.0,1.0,1.0]
10746,[617,936,3474,4880,5611,6228,6634,9491],[1.0,1.0,1.0,1.0,1.0,1.0,1.0,1.0]
10746,[1558,2455,3426,3711,3818,4217,4259,6872,8554,9424],[1.0,1.0,1.0,1.0,1.0,1.0,1.0,1.0,1.0,1.0]
10746,[910,1099,1255,3993,5611,6193,9399,10419],[1.0,1.0,1.0,1.0,1.0,1.0,1.0,1.0]
10746,[1099,1299,1558,4259,7166,8041,8509,10203,10419],[1.0,1.0,1.0,1.0,1.0,1.0,1.0,1.0,1.0]
10746,[1255,3343,4771,7079,8979,9407],[1.0,1.0,1.0,1.0,1.0,1.0]
10746,[1084,1255,3748,5299,6335,6905,8334,9407],[1.0,1.0,1.0,1.0,1.0,1.0,1.0,1.0]
10746,[58,747,3433,4349,4771,6341,7423],[1.0,1.0,1.0,1.0,1.0,1.0,1.0]
10746,[2455,3433,4003,4801,6047,6341,8554,10068,10296],[1.0,1.0,1.0,1.0,1.0,1.0,1.0,1.0,1.0]
10746,[1255,8595,10008,10419],[1.0,1.0,1.0,1.0]
