10746,[513,654,3864,4440,8022,10326],[1.0,1.0,1.0,1.0,1.0,1.0]
10746,[213,936,1652,3261,4955,5622,8323,10054,10360,10463],[1.0,1.0,1.0,1.0,1.0,1.0,1.0,1.0,1.0,1.0]
10746,[463,501,806,3921,7718,9595],[1.0,1.0,1.0,1.0,1.0,1.0]
10746,[3089,6512,7506,10222,10536],[1.0,1.0,1.0,1.0,1.0]
10746,[172,2260,3426,3741,5135,5969,9744,10433],[1.0,1.0,1.0,1.0,1.0,1.0,1.0,1.0]
10746,[463,501,806,1902,3257,9616,9873,10433],[1.0,1.0,1.0,1.0,1.0,1.0,1.0,1.0]
10746,[1861,1902,3741,5181,6361,8041,9152,10103,10536],[1.0,1.0,1.0,1.0,1.0,1.0,1.0,1.0,1.0]
10746,[920,3741,5328,7207,9030,9632,10024,10433,10536],[1.0,1.0,1.0,1.0,1.0,1.0,1.0,1.0,1.0]
10746,[5737,6047,7207,8476,8961,9851,10536,10683],[1.0,1.0,1.0,1.0,1.0,1.0,1.0,1.0]
10746,[3864],[1.0]
