10746,[39,3844,4440,6131,6457,6753,10201],[1.0,1.0,1.0,1.0,1.0,1.0,1.0]
10746,[213,1237,4055,5017,7463,8635,9632,9865,9972,10360],[1.0,1.0,1.0,1.0,1.0,1.0,1.0,1.0,1.0,1.0]
10746,[2200,2518,3277,3844,4778,5090,8540,9996,10152],[1.0,1.0,1.0,1.0,1.0,1.0,1.0,1.0,1.0]
10746,[411,567,896,936,5090,5845,8041,9491,10068],[1.0,1.0,1.0,1.0,1.0,1.0,1.0,1.0,1.0]
10746,[172,747,2623,3109,3862,5158,5563,9465],[1.0,1.0,1.0,1.0,1.0,1.0,1.0,1.0]
10746,[411,1255,7877,8917,10068,10082,10433,10621],[1.0,1.0,1.0,1.0,1.0,1.0,1.0,1.0]
10746,[1255,2366,2492,9140,9289,9910,10595,10621],[1.0,1.0,1.0,1.0,1.0,1.0,1.0,1.0]
10746,[1255,1901,1946,2992,4921,5978,7218,9632],[1.0,1.0,1.0,1.0,1.0,1.0,1.0,1.0]
10746,[1817,3783,6229,6335,8475,8729,9910],[1.0,1.0,1.0,1.0,1.0,1.0,1.0]
10746,[822,1098,1700,6457,6547,6580,8114,9851],[1.0,1.0,1.0,1.0,1.0,1.0,1.0,1.0]
10746,[172,822,2877,3734,4771,4888,6457,10714],[1.0,1.0,1.0,1.0,1.0,1.0,1.0,1.0]
10746,[3318,6335,7084,9009,10082,10621,10714],[1.0,1.0,1.0,1.0,1.0,1.0,1.0]
10746,[822,902,2240,2623,4031,6457,9009,9289],[1.0,1.0,1.0,1.0,1.0,1.0,1.0,1.0]
10746,[1255,3732,4031,4336,5488,8041,9152,10139],[1.0,1.0,1.0,1.0,1.0,1.0,1.0,1.0]
10746,[1233,1238,1255,1700,4031,4066,4520,8572],[1.0,1.0,1.0,1.0,1.0,1.0,1.0,1.0]
10746,[51,844,4031,4223,4294,6457],[1.0,1.0,1.0,1.0,1.0,1.0]
10746,[822,2777,2916,3641,4771,6277,7218,7421],[1.0,1.0,1.0,1.0,1.0,1.0,1.0,1.0]
10746,[172,747,2623,5244,6547,6810],[1.0,1.0,1.0,1.0,1.0,1.0]
10746,[822,4534,5328,6457,6872,7186,8114,9289],[1.0,1.0,1.0,1.0,1.0,1.0,1.0,1.0]
10746,[411,758,3994,5884,6229,8941,9453,9903],[1.0,1.0,1.0,1.0,1.0,1.0,1.0,1.0]
10746,[2162,2916,3340,4307,4405,4611,6002,6229,6335,10385],[1.0,1.0,1.0,1.0,1.0,1.0,1.0,1.0,1.0,1.0]
10746,[822,1099,1965,3089,6457,6547,8917,9971],[1.0,1.0,1.0,1.0,1.0,1.0,1.0,1.0]
10746,[463,2916,3426,3651,4534,7205,7218,9290,10621],[1.0,1.0,1.0,1.0,1.0,1.0,1.0,1.0,1.0]
10746,[2022,3651,5884,5996,6229,6335,10621],[1.0,1.0,1.0,1.0,1.0,1.0,1.0]
10746,[1211,1255,2162,4520,5181,6002,8073,10621],[1.0,1.0,1.0,1.0,1.0,1.0,1.0,1.0]
10746,[2075,2734,4888,8249,8475,8529,9270],[1.0,1.0,1.0,1.0,1.0,1.0,1.0]
10746,[1099,1238,2493,4066,6547,6606,8991,9708,10056],[1.0,1.0,1.0,1.0,1.0,1.0,1.0,1.0,1.0]
10746,[172,956,5304,5987,5988,8114,8810,8991],[1.0,1.0,1.0,1.0,1.0,1.0,1.0,1.0]
10746,[956,3426,3592,4113,4389,5806,5983,8176,8729],[1.0,1.0,1.0,1.0,1.0,1.0,1.0,1.0,1.0]
10746,[143,747,2443,2916,3424,4113,5304,5987,8904],[1.0,1.0,1.0,1.0,1.0,1.0,1.0,1.0,1.0]
10746,[143,217,822,3470,4534,5987,6547,8114],[1.0,1.0,1.0,1.0,1.0,1.0,1.0,1.0]
10746,[172,2708,3433,3470,3545,5304,8114],[1.0,1.0,1.0,1.0,1.0,1.0,1.0]
10746,[170,896,3470,6378,7502,8875,10028],[1.0,1.0,1.0,1.0,1.0,1.0,1.0]
10746,[747,1634,4369,5304,6547,8941,9118,9270,10028],[1.0,1.0,1.0,1.0,1.0,1.0,1.0,1.0,1.0]
10746,[822,956,3433,3734,5983,6524,8554,8991,10003],[1.0,1.0,1.0,1.0,1.0,1.0,1.0,1.0,1.0]
10746,[956,4258,5304,5911,6606,7079,10082],[1.0,1.0,1.0,1.0,1.0,1.0,1.0]
10746,[365,1185,1347,4576,5529,5604,8398,8421,9237],[1.0,1.0,1.0,1.0,1.0,1.0,1.0,1.0,1.0]
10746,[1099,1275,3545,4405,6549,9292,9831,9851],[1.0,1.0,1.0,1.0,1.0,1.0,1.0,1.0]
10746,[529,1859,4344,5082,5207,5377,5641,7649,9555],[1.0,1.0,1.0,1.0,1.0,1.0,1.0,1.0,1.0]
10746,[822,896,4405,6335,6457,6547,9910,10068,10621],[1.0,1.0,1.0,1.0,1.0,1.0,1.0,1.0,1.0]
10746,[822,896,902,4405,6277,6547,9523,10595],[1.0,1.0,1.0,1.0,1.0,1.0,1.0,1.0]
10746,[822,956,2425,3433,6606,8554,8810,8991,10480],[1.0,1.0,1.0,1.0,1.0,1.0,1.0,1.0,1.0]
10746,[6753],[1.0]
