10746,[372,1316,1926,4205,4440,5918,7031,8494],[1.0,1.0,1.0,1.0,1.0,1.0,1.0,1.0]
10746,[213,936,1135,1230,4895,5090,5845,9988,10247,10360],[1.0,1.0,1.0,1.0,1.0,1.0,1.0,1.0,1.0,1.0]
10746,[51,1673,3055,5958,7377,7506,8476],[1.0,1.0,1.0,1.0,1.0,1.0,1.0]
10746,[1078,3055,3685,4191,4405,4581,7147,8917,9172],[1.0,1.0,1.0,1.0,1.0,1.0,1.0,1.0,1.0]
10746,[837,2333,2883,5820,5855,8690,9338],[1.0,1.0,1.0,1.0,1.0,1.0,1.0]
10746,[1396,4440,4560,6175,7681,10536],[1.0,1.0,1.0,1.0,1.0,1.0]
10746,[428,3070,3391,3515,5380,6257,7033,8498],[1.0,1.0,1.0,1.0,1.0,1.0,1.0,1.0]
10746,[143,4414,4614,6643,7468,8604],[1.0,1.0,1.0,1.0,1.0,1.0]
10746,[2579,6022,8702,8842,9437,9716,10338],[1.0,1.0,1.0,1.0,1.0,1.0,1.0]
10746,[1187,2123,4414,5830,6643,9888],[1.0,1.0,1.0,1.0,1.0,1.0]
10746,[1548,1706,4151,4154,4191,5181,7892,10222],[1.0,1.0,1.0,1.0,1.0,1.0,1.0,1.0]
10746,[2305,3065,4121,6563,10082,10139,10163],[1.0,1.0,1.0,1.0,1.0,1.0,1.0]
10746,[3502,6167,6639,8604,8702],[1.0,1.0,1.0,1.0,1.0]
10746,[4414,4633,5905,6417,6643,7316,8904,10590],[1.0,1.0,1.0,1.0,1.0,1.0,1.0,1.0]
10746,[217,902,3055,3065,3682,4191,6608],[1.0,1.0,1.0,1.0,1.0,1.0,1.0]
10746,[1593,2970,3065,4414,4614,6643,6781,10000],[1.0,1.0,1.0,1.0,1.0,1.0,1.0,1.0]
10746,[2493,3509,5142,6478,6933,9338,10139],[1.0,1.0,1.0,1.0,1.0,1.0,1.0]
10746,[60,372,2111,5710,7185,9277,9372],[1.0,1.0,1.0,1.0,1.0,1.0,1.0]
10746,[1706,2989,3330,4121,5532,6022,6049,9049,10692],[1.0,1.0,1.0,1.0,1.0,1.0,1.0,1.0,1.0]
10746,[902,956,1706,2016,4173,4614,7763,8582,9049],[1.0,1.0,1.0,1.0,1.0,1.0,1.0,1.0,1.0]
10746,[902,956,3586,6601,6940,7015,8114,8729,10068],[1.0,1.0,1.0,1.0,1.0,1.0,1.0,1.0,1.0]
10746,[3055,3586,3795,5609,8574,8702,8912],[1.0,1.0,1.0,1.0,1.0,1.0,1.0]
10746,[624,902,6102,6478,7643,8582,10222,10292],[1.0,1.0,1.0,1.0,1.0,1.0,1.0,1.0]
10746,[3055,4581,6244,6643,6670,8702,10139],[1.0,1.0,1.0,1.0,1.0,1.0,1.0]
10746,[1965,2425,2919,3876,5447,6819,7079,7166],[1.0,1.0,1.0,1.0,1.0,1.0,1.0,1.0]
10746,[66,902,2828,3586,8471,8857,9939],[1.0,1.0,1.0,1.0,1.0,1.0,1.0]
10746,[902,2111,2325,2528,4796,6601,8114],[1.0,1.0,1.0,1.0,1.0,1.0,1.0]
10746,[624,902,3586,3708,4611,7338,8961],[1.0,1.0,1.0,1.0,1.0,1.0,1.0]
10746,[870,7588,8494,8935,9049,10390],[1.0,1.0,1.0,1.0,1.0,1.0]
10746,[1316,2530,5183,7031,7146,8114,8935,10251],[1.0,1.0,1.0,1.0,1.0,1.0,1.0,1.0]
10746,[2916,4757,5033,6394,6626,7031,8114,10489],[1.0,1.0,1.0,1.0,1.0,1.0,1.0,1.0]
10746,[2530,5914,6450,8935],[1.0,1.0,1.0,1.0]
