10746,[654,806,1310,2455,2518,3428,4440,4778,6626],[1.0,1.0,1.0,1.0,1.0,1.0,1.0,1.0,1.0]
10746,[213,2913,4405,9708,10025,10152,10360,10433,10621],[1.0,1.0,1.0,1.0,1.0,1.0,1.0,1.0,1.0]
10746,[1160,1793,5985,7166,7842,8578,9438,10025],[1.0,1.0,1.0,1.0,1.0,1.0,1.0,1.0]
10746,[529,1099,1948,6492,7649,8252,8875],[1.0,1.0,1.0,1.0,1.0,1.0,1.0]
10746,[303,1099,1255,2185,2913,5877,6851],[1.0,1.0,1.0,1.0,1.0,1.0,1.0]
10746,[635,1099,1218,3758,6536,7339,7518,10056,10536],[1.0,1.0,1.0,1.0,1.0,1.0,1.0,1.0,1.0]
10746,[676,838,2306,2455,2823,5820,5985,7784],[1.0,1.0,1.0,1.0,1.0,1.0,1.0,1.0]
10746,[2123,2812,3797,8252,8276,9337],[1.0,1.0,1.0,1.0,1.0,1.0]
10746,[838,1535,1706,2493,3142,3257,7502,8162,10433],[1.0,1.0,1.0,1.0,1.0,1.0,1.0,1.0,1.0]
10746,[1255,1706,2493,3585,4977,7799,9653,10536],[1.0,1.0,1.0,1.0,1.0,1.0,1.0,1.0]
10746,[808,2916,3890,5628,7843,8041,8070,9365],[1.0,1.0,1.0,1.0,1.0,1.0,1.0,1.0]
10746,[723,808,838,1310,1817,2016,3318,3373,9338,10601],[1.0,1.0,1.0,1.0,1.0,1.0,1.0,1.0,1.0,1.0]
10746,[415,1074,1154,2530,3890,5500,8913,10398],[1.0,1.0,1.0,1.0,1.0,1.0,1.0,1.0]
10746,[126,2906,4534,6617,6942,7645,8070,9716],[1.0,1.0,1.0,1.0,1.0,1.0,1.0,1.0]
10746,[2494,5893,6229,6607,7828,8582,9831],[1.0,1.0,1.0,1.0,1.0,1.0,1.0]
10746,[1005,1613,2737,6327,7649,7828,8070,9460],[1.0,1.0,1.0,1.0,1.0,1.0,1.0,1.0]
10746,[2062,3545,4715,5705,5893,6617,8752],[1.0,1.0,1.0,1.0,1.0,1.0,1.0]
10746,[838,1739,2325,3761,5127,6628,6765,7606,8913,10115],[1.0,1.0,1.0,1.0,1.0,1.0,1.0,1.0,1.0,1.0]
10746,[1652,2016,4440,5117,7423,8582,8752,10139],[1.0,1.0,1.0,1.0,1.0,1.0,1.0,1.0]
10746,[1111,1652,2708,3155,3535,5641,6341,8729],[1.0,1.0,1.0,1.0,1.0,1.0,1.0,1.0]
10746,[650,3318,4643,5641,8701,9270,9292,9374],[1.0,1.0,1.0,1.0,1.0,1.0,1.0,1.0]
10746,[3318,4028,7919,9469,10068,10115,10379,10617],[1.0,1.0,1.0,1.0,1.0,1.0,1.0,1.0]
10746,[3094,5641,5885,7105,7769,9469,9776,9841],[1.0,1.0,1.0,1.0,1.0,1.0,1.0,1.0]
10746,[1630,1868,2398,5487,8252],[1.0,1.0,1.0,1.0,1.0]
