10746,[513,654,3864,4440,8022,10326],[1.0,1.0,1.0,1.0,1.0,1.0]
10746,[213,838,1652,3261,4405,4955,5622,7953,10360,10463],[1.0,1.0,1.0,1.0,1.0,1.0,1.0,1.0,1.0,1.0]
10746,[11,936,3501,5118,7829,8700,10463],[1.0,1.0,1.0,1.0,1.0,1.0,1.0]
10746,[1449,2813,5435,8571,9829,9920],[1.0,1.0,1.0,1.0,1.0,1.0]
10746,[936,1021,3155,3545,6342,8070,9438,9920],[1.0,1.0,1.0,1.0,1.0,1.0,1.0,1.0]
10746,[2285,2523,2728,4618,5652,6342,8842],[1.0,1.0,1.0,1.0,1.0,1.0,1.0]
10746,[806,1310,2570,3509,3538,6392,8582,9632],[1.0,1.0,1.0,1.0,1.0,1.0,1.0,1.0]
10746,[806,1310,1619,1902,1965,2493,5861,7535,9632],[1.0,1.0,1.0,1.0,1.0,1.0,1.0,1.0,1.0]
10746,[1310,2524,3538,3993,7931,9399,10222],[1.0,1.0,1.0,1.0,1.0,1.0,1.0]
10746,[806,1310,3094,3426,5171,8621,9448,10115],[1.0,1.0,1.0,1.0,1.0,1.0,1.0,1.0]
10746,[356,806,2596,3070,4060,4606,5104,6590,10179],[1.0,1.0,1.0,1.0,1.0,1.0,1.0,1.0,1.0]
10746,[325,1535,2618,3538,3741,4036,5142,7923,7931],[1.0,1.0,1.0,1.0,1.0,1.0,1.0,1.0,1.0]
10746,[365,3993,5104,5171,6609,10115],[1.0,1.0,1.0,1.0,1.0,1.0]
10746,[806,1535,2411,2596,2916,3549,4868,7923,8680],[1.0,1.0,1.0,1.0,1.0,1.0,1.0,1.0,1.0]
10746,[58,325,768,1771,4188,4355,9448],[1.0,1.0,1.0,1.0,1.0,1.0,1.0]
10746,[1771,2524,5142,5741,7112,7535],[1.0,1.0,1.0,1.0,1.0,1.0]
10746,[896,1255,2524,3497,4526,5763,8673,10433],[1.0,1.0,1.0,1.0,1.0,1.0,1.0,1.0]
10746,[356,806,1902,1996,5408,5641,6590,9407,9702],[1.0,1.0,1.0,1.0,1.0,1.0,1.0,1.0,1.0]
10746,[1255,1948,5626,6145,8054,8662,10621,10716],[1.0,1.0,1.0,1.0,1.0,1.0,1.0,1.0]
10746,[806,838,4405,7885,8041],[1.0,1.0,1.0,1.0,1.0]
10746,[1504,1619,3059,3308,4332,5642,7307,8041],[1.0,1.0,1.0,1.0,1.0,1.0,1.0,1.0]
10746,[252,1310,1359,3838,6628,7813,9277,9841],[1.0,1.0,1.0,1.0,1.0,1.0,1.0,1.0]
10746,[806,1310,4393,5604,6342,6603,7649,9438],[1.0,1.0,1.0,1.0,1.0,1.0,1.0,1.0]
10746,[380,1619,3689,4606,4801,5342,6628,9595,9744],[1.0,1.0,1.0,1.0,1.0,1.0,1.0,1.0,1.0]
10746,[806,1255,1310,1706,2351,3541,4405],[1.0,1.0,1.0,1.0,1.0,1.0,1.0]
10746,[252,734,1948,2123,2351,6172,9851,10581],[1.0,1.0,1.0,1.0,1.0,1.0,1.0,1.0]
10746,[2351,2493,7645,8114,8944],[1.0,1.0,1.0,1.0,1.0]
10746,[806,1310,2443,2969,4344,4606,6342,9407],[1.0,1.0,1.0,1.0,1.0,1.0,1.0,1.0]
10746,[380,654,3426,3441,3571,4606,4801,5641,10082],[1.0,1.0,1.0,1.0,1.0,1.0,1.0,1.0,1.0]
10746,[662,1310,1948,2781,6342,9298,9438],[1.0,1.0,1.0,1.0,1.0,1.0,1.0]
10746,[365,2411,3327,3426,3592,4718,4868,7379,9492],[1.0,1.0,1.0,1.0,1.0,1.0,1.0,1.0,1.0]
10746,[464,654,2411,5404,7084,7928,8622,9438],[1.0,1.0,1.0,1.0,1.0,1.0,1.0,1.0]
10746,[789,806,1310,2411,2443,4868,6229,6628,8172,10637],[1.0,1.0,1.0,1.0,1.0,1.0,1.0,1.0,1.0,1.0]
10746,[252,464,1313,1488,6342,7105,7756,9438],[1.0,1.0,1.0,1.0,1.0,1.0,1.0,1.0]
10746,[1948,4332,5886,6035,9595,9814,10433],[1.0,1.0,1.0,1.0,1.0,1.0,1.0]
10746,[463,3864,4516,6229,8347,9829,9920,10326],[1.0,1.0,1.0,1.0,1.0,1.0,1.0,1.0]
10746,[806,1108,1310,2407,3426,4801,6342],[1.0,1.0,1.0,1.0,1.0,1.0,1.0]
10746,[2443,3265,3864,7317,7423],[1.0,1.0,1.0,1.0,1.0]
