10746,[3280,3669,4440,4750,6753,10187,10360,10560],[1.0,1.0,1.0,1.0,1.0,1.0,1.0,1.0]
10746,[213,1193,1652,2518,2661,4681,4778,10152,10187],[1.0,1.0,1.0,1.0,1.0,1.0,1.0,1.0,1.0]
10746,[936,1316,3792,5514,6366,10463],[1.0,1.0,1.0,1.0,1.0,1.0]
10746,[307,802,2530,2769,4934,10738],[1.0,1.0,1.0,1.0,1.0,1.0]
10746,[747,966,1127,1326,2455,2916,8610,10419,10738],[1.0,1.0,1.0,1.0,1.0,1.0,1.0,1.0,1.0]
10746,[1855,2530,4534,4934,6341,8114],[1.0,1.0,1.0,1.0,1.0,1.0]
10746,[1200,2206,2530,2916,3024,6341,6394,9407],[1.0,1.0,1.0,1.0,1.0,1.0,1.0,1.0]
10746,[463,971,4603,6500,8571,9379,9489],[1.0,1.0,1.0,1.0,1.0,1.0,1.0]
10746,[2455,2618,4042,4204,4611,7728,9607],[1.0,1.0,1.0,1.0,1.0,1.0,1.0]
10746,[2272,2876,2916,3832,6500,7101,7381,9748],[1.0,1.0,1.0,1.0,1.0,1.0,1.0,1.0]
10746,[356,5820,8343,9528],[1.0,1.0,1.0,1.0]
