10746,[1870,2455,2845,3788,4440,6626,7011,9491],[1.0,1.0,1.0,1.0,1.0,1.0,1.0,1.0]
10746,[213,369,654,806,1296,1310,1431,3579,10360,10463],[1.0,1.0,1.0,1.0,1.0,1.0,1.0,1.0,1.0,1.0]
10746,[2632,3112,8042,9000,9763,10325],[1.0,1.0,1.0,1.0,1.0,1.0]
10746,[513,936,3651,3864,6229,10326,10463],[1.0,1.0,1.0,1.0,1.0,1.0,1.0]
10746,[896,1099,2181,3685,6169,7339,8582,10426],[1.0,1.0,1.0,1.0,1.0,1.0,1.0,1.0]
10746,[5181,5353,5985,6172,7660,9528,10541],[1.0,1.0,1.0,1.0,1.0,1.0,1.0]
10746,[143,838,5985,6660,9249,9438],[1.0,1.0,1.0,1.0,1.0,1.0]
10746,[838,1534,2799,4649,6921,7502,8114,9438,9528],[1.0,1.0,1.0,1.0,1.0,1.0,1.0,1.0,1.0]
10746,[896,1099,4405,7117,9290,9831],[1.0,1.0,1.0,1.0,1.0,1.0]
10746,[2088,2627,2916,4871,5181,5978,7207,7316,7339],[1.0,1.0,1.0,1.0,1.0,1.0,1.0,1.0,1.0]
10746,[11,356,1481,2518,3547,6938,8700,9460,9528],[1.0,1.0,1.0,1.0,1.0,1.0,1.0,1.0,1.0]
10746,[1255,3532,4157,4520,9270,10433],[1.0,1.0,1.0,1.0,1.0,1.0]
10746,[909,2240,2493,6172,7482,8280,8836,10433],[1.0,1.0,1.0,1.0,1.0,1.0,1.0,1.0]
10746,[758,2114,2530,3892,7327,8673,9270],[1.0,1.0,1.0,1.0,1.0,1.0,1.0]
10746,[956,2206,7421,8802,8836,9058,9528,10433],[1.0,1.0,1.0,1.0,1.0,1.0,1.0,1.0]
10746,[356,2260,3106,3268,7379,8554,9528,10433],[1.0,1.0,1.0,1.0,1.0,1.0,1.0,1.0]
10746,[2243,2488,2916,3515,6872,7205,9438],[1.0,1.0,1.0,1.0,1.0,1.0,1.0]
10746,[148,556,1310,1870,2845,4534,4669,5628,8092],[1.0,1.0,1.0,1.0,1.0,1.0,1.0,1.0,1.0]
10746,[1128,1479,1760,3788,6597,7011,9491,10041],[1.0,1.0,1.0,1.0,1.0,1.0,1.0,1.0]
