10746,[2348,4440,4582,5737,6547,7367,7582,7997],[1.0,1.0,1.0,1.0,1.0,1.0,1.0,1.0]
10746,[207,213,7687,7818,7937,8779,10360,10463],[1.0,1.0,1.0,1.0,1.0,1.0,1.0,1.0]
10746,[242,2013,5201,6557,8751,8779,9491],[1.0,1.0,1.0,1.0,1.0,1.0,1.0]
10746,[242,936,2013,4440,5201,6557,8751,8779,9491],[1.0,1.0,1.0,1.0,1.0,1.0,1.0,1.0,1.0]
10746,[207,2348,2651,5737,6547,7367,7478,7582,9693,10463],[1.0,1.0,1.0,1.0,1.0,1.0,1.0,1.0,1.0,1.0]
10746,[936,2348,4582,5343,7367,7582,7997],[1.0,1.0,1.0,1.0,1.0,1.0,1.0]
10746,[1706,3940,4058,5247,5710,5946,7770,8630,9646],[1.0,1.0,1.0,1.0,1.0,1.0,1.0,1.0,1.0]
10746,[902,1785,5820,6574,7187,7506,8070],[1.0,1.0,1.0,1.0,1.0,1.0,1.0]
10746,[335,2068,5167,5540,5641,7060,8911,9359],[1.0,1.0,1.0,1.0,1.0,1.0,1.0,1.0]
10746,[3192,5592,5884,7898,8554,8908,9379,9661],[1.0,1.0,1.0,1.0,1.0,1.0,1.0,1.0]
10746,[411,1530,2530,4191,4525,6468,9270,9298,10222],[1.0,1.0,1.0,1.0,1.0,1.0,1.0,1.0,1.0]
10746,[3545,4058,4240,5826,6786,8917,9289,10694],[1.0,1.0,1.0,1.0,1.0,1.0,1.0,1.0]
10746,[2013,2266,5201,6557,8751,8779,9290,9491,9851],[1.0,1.0,1.0,1.0,1.0,1.0,1.0,1.0,1.0]
10746,[4996,5809,6754,7114,7379,8116,9663,9851],[1.0,1.0,1.0,1.0,1.0,1.0,1.0,1.0]
10746,[365,463,1706,3442,3940,4058,5946,6952,9290,10692],[1.0,1.0,1.0,1.0,1.0,1.0,1.0,1.0,1.0,1.0]
10746,[2030,2962,4582,4891,5154,7465,8002,8480,10327],[1.0,1.0,1.0,1.0,1.0,1.0,1.0,1.0,1.0]
10746,[2114,3371,6167,9379,9661,9841,9869,10436],[1.0,1.0,1.0,1.0,1.0,1.0,1.0,1.0]
