10746,[2348,4191,4440,4561,4582,7367,7582,7997],[1.0,1.0,1.0,1.0,1.0,1.0,1.0,1.0]
10746,[213,728,4069,7687,7818,9654,10360,10463],[1.0,1.0,1.0,1.0,1.0,1.0,1.0,1.0]
10746,[242,2013,5201,8751,8779,9491],[1.0,1.0,1.0,1.0,1.0,1.0]
10746,[242,936,2013,5201,6557,8751,8779,9491],[1.0,1.0,1.0,1.0,1.0,1.0,1.0,1.0]
10746,[728,2651,4069,4191,4440,4561,7478,9654,9693,10463],[1.0,1.0,1.0,1.0,1.0,1.0,1.0,1.0,1.0,1.0]
10746,[265,728,1249,7367,7582],[1.0,1.0,1.0,1.0,1.0]
10746,[172,365,463,567,936,2238,4069,8904],[1.0,1.0,1.0,1.0,1.0,1.0,1.0,1.0]
10746,[1673,2074,2916,4042,6138,6522,7074,8729],[1.0,1.0,1.0,1.0,1.0,1.0,1.0,1.0]
10746,[372,3216,4258,5236,6257,6394,7914,8070],[1.0,1.0,1.0,1.0,1.0,1.0,1.0,1.0]
10746,[936,1613,7494,7922,8070,8073,8114,8941,9632],[1.0,1.0,1.0,1.0,1.0,1.0,1.0,1.0,1.0]
10746,[5324,5420,5628,6368,7074,7826,9448,10617],[1.0,1.0,1.0,1.0,1.0,1.0,1.0,1.0]
10746,[14,766,846,4332,6603,7339,7496,8476,10222],[1.0,1.0,1.0,1.0,1.0,1.0,1.0,1.0,1.0]
10746,[1320,3216,4047,4191,4857,5641,5656,7443,9379],[1.0,1.0,1.0,1.0,1.0,1.0,1.0,1.0,1.0]
10746,[1250,2013,5201,6557,8751,8779,9491,9851,10694],[1.0,1.0,1.0,1.0,1.0,1.0,1.0,1.0,1.0]
10746,[2266,4996,6754,7114,7379,8116,9290,9851],[1.0,1.0,1.0,1.0,1.0,1.0,1.0,1.0]
10746,[365,1598,5809,7898,9465,9663,10692],[1.0,1.0,1.0,1.0,1.0,1.0,1.0]
10746,[4582,4891,6098,6391,8673,9534,9831],[1.0,1.0,1.0,1.0,1.0,1.0,1.0]
