10746,[172,213,1316,4440,4825,5918,7031,8494],[1.0,1.0,1.0,1.0,1.0,1.0,1.0,1.0]
10746,[936,4405,5049,5918,6394,8323,10054,10621],[1.0,1.0,1.0,1.0,1.0,1.0,1.0,1.0]
10746,[1558,2919,4405,5049,5320,5641,5648,7056],[1.0,1.0,1.0,1.0,1.0,1.0,1.0,1.0]
10746,[463,2576,2916,3651,4217,4771,9653],[1.0,1.0,1.0,1.0,1.0,1.0,1.0]
10746,[501,1255,2314,3250,3509,3713,4516,7725],[1.0,1.0,1.0,1.0,1.0,1.0,1.0,1.0]
10746,[55,3669,4520,5788,7105,7515,9953],[1.0,1.0,1.0,1.0,1.0,1.0,1.0]
10746,[1240,1622,2916,4534,5939,6109,6756,7552],[1.0,1.0,1.0,1.0,1.0,1.0,1.0,1.0]
10746,[1298,3265,4191,4676,8114,9379,9639],[1.0,1.0,1.0,1.0,1.0,1.0,1.0]
10746,[1298,1622,2251,3730,5191,8041,10621],[1.0,1.0,1.0,1.0,1.0,1.0,1.0]
10746,[1058,1808,3725,4520,6416,7802,8005,9076,10203],[1.0,1.0,1.0,1.0,1.0,1.0,1.0,1.0,1.0]
10746,[2747,3669,5069,5127,5992,9639],[1.0,1.0,1.0,1.0,1.0,1.0]
10746,[896,3783,4534,5711,6117,6371],[1.0,1.0,1.0,1.0,1.0,1.0]
10746,[3783,4355,4534,4934,5003,5711,9254,9888],[1.0,1.0,1.0,1.0,1.0,1.0,1.0,1.0]
10746,[896,2530,4534,6074,7469,8114,8494,8935],[1.0,1.0,1.0,1.0,1.0,1.0,1.0,1.0]
10746,[1316,4757,5183,6626,7031,7146,10251,10489],[1.0,1.0,1.0,1.0,1.0,1.0,1.0,1.0]
10746,[2916,5033,5914,6394,6450,7031,8114,8935],[1.0,1.0,1.0,1.0,1.0,1.0,1.0,1.0]
10746,[2530],[1.0]
