10746,[242,772,1237,2727,3474,4440,5355,9491],[1.0,1.0,1.0,1.0,1.0,1.0,1.0,1.0]
10746,[209,2518,2827,3006,4778,4814,6463,9945,10152,10360],[1.0,1.0,1.0,1.0,1.0,1.0,1.0,1.0,1.0,1.0]
10746,[213,2505,2651,3474,3798,5581,7478,7776,9693],[1.0,1.0,1.0,1.0,1.0,1.0,1.0,1.0,1.0]
10746,[4525,4814,5710,6025,6463,6840,8900,10139],[1.0,1.0,1.0,1.0,1.0,1.0,1.0,1.0]
10746,[121,365,1706,3545,7379,7502,7729,10621],[1.0,1.0,1.0,1.0,1.0,1.0,1.0,1.0]
10746,[121,2455,5986,6601,7365,7379,9854],[1.0,1.0,1.0,1.0,1.0,1.0,1.0]
10746,[164,1492,1965,2530,8475,10108,10584],[1.0,1.0,1.0,1.0,1.0,1.0,1.0]
10746,[121,1948,2074,2127,2596,3268,3592,4084,4534],[1.0,1.0,1.0,1.0,1.0,1.0,1.0,1.0,1.0]
10746,[1012,3545,3592,4611,5205,5604,6167,6754,9270],[1.0,1.0,1.0,1.0,1.0,1.0,1.0,1.0,1.0]
10746,[121,1673,4405,8170,8280,9172,9841],[1.0,1.0,1.0,1.0,1.0,1.0,1.0]
10746,[3216,7119,9379,10139],[1.0,1.0,1.0,1.0]
