10746,[39,3844,4440,6131,6457,6753,10201],[1.0,1.0,1.0,1.0,1.0,1.0,1.0]
10746,[213,1237,4055,5017,7463,8635,9632,9865,9972,10360],[1.0,1.0,1.0,1.0,1.0,1.0,1.0,1.0,1.0,1.0]
10746,[2200,2518,3277,3844,4778,5090,8540,9996,10152],[1.0,1.0,1.0,1.0,1.0,1.0,1.0,1.0,1.0]
10746,[14,936,4374,5090,5845,8073,9491,10056],[1.0,1.0,1.0,1.0,1.0,1.0,1.0,1.0]
10746,[608,1155,5304,9523,9910,9972,10621],[1.0,1.0,1.0,1.0,1.0,1.0,1.0]
10746,[172,1094,3592,4113,4688,7079,7423,10671],[1.0,1.0,1.0,1.0,1.0,1.0,1.0,1.0]
10746,[411,1865,2916,4188,6770,8041,8114,9270,9910],[1.0,1.0,1.0,1.0,1.0,1.0,1.0,1.0,1.0]
10746,[1066,1340,1411,3484,4486,6087,9625],[1.0,1.0,1.0,1.0,1.0,1.0,1.0]
10746,[736,956,3010,3732,4191,6167,8991,10552],[1.0,1.0,1.0,1.0,1.0,1.0,1.0,1.0]
10746,[411,3528,6371,8041,8073,9534,9632],[1.0,1.0,1.0,1.0,1.0,1.0,1.0]
10746,[2123,3343,4475,5181,6547,7390,9972],[1.0,1.0,1.0,1.0,1.0,1.0,1.0]
10746,[1706,2074,4405,5320,8249,8991,9523,10056,10281],[1.0,1.0,1.0,1.0,1.0,1.0,1.0,1.0,1.0]
10746,[1411,3835,6128,6753,7122,7923,8630,9270],[1.0,1.0,1.0,1.0,1.0,1.0,1.0,1.0]
