10746,[39,3844,4440,6131,6753,9972,10201],[1.0,1.0,1.0,1.0,1.0,1.0,1.0]
10746,[213,1237,4055,4778,5017,7463,8635,9632,9865,10360],[1.0,1.0,1.0,1.0,1.0,1.0,1.0,1.0,1.0,1.0]
10746,[2200,2518,3277,3844,5090,8540,9491,9996,10152],[1.0,1.0,1.0,1.0,1.0,1.0,1.0,1.0,1.0]
10746,[936,5090,5196,5845,6335,9281,10068],[1.0,1.0,1.0,1.0,1.0,1.0,1.0]
10746,[2333,2780,6002,6335,7843,8729,9420],[1.0,1.0,1.0,1.0,1.0,1.0,1.0]
10746,[4332,5079,5983,6229,6335,7506,9328,10438],[1.0,1.0,1.0,1.0,1.0,1.0,1.0,1.0]
10746,[2780,3390,4534,6125,6547,8638,10507,10621],[1.0,1.0,1.0,1.0,1.0,1.0,1.0,1.0]
10746,[14,436,4159,5564,5894,6547],[1.0,1.0,1.0,1.0,1.0,1.0]
10746,[2123,2596,4191,5294,5885,6547,7084,8114,8630,10281],[1.0,1.0,1.0,1.0,1.0,1.0,1.0,1.0,1.0,1.0]
10746,[175,822,3813,4248,6547,7423,8582,9290,9972],[1.0,1.0,1.0,1.0,1.0,1.0,1.0,1.0,1.0]
10746,[1645,3472,3965,5144,5641,6090,9056],[1.0,1.0,1.0,1.0,1.0,1.0,1.0]
10746,[4486,5564,6229,6547,8124],[1.0,1.0,1.0,1.0,1.0]
10746,[896,1098,1238,3340,4534,6335,7552,9289,9407,10139],[1.0,1.0,1.0,1.0,1.0,1.0,1.0,1.0,1.0,1.0]
10746,[303,2708,3734,4393,4534,5564,7898,10068],[1.0,1.0,1.0,1.0,1.0,1.0,1.0,1.0]
10746,[822,956,4217,4534,6547,7334,8114,10621],[1.0,1.0,1.0,1.0,1.0,1.0,1.0,1.0]
10746,[6033,8114,8630,9270,9379,9749,10492,10595],[1.0,1.0,1.0,1.0,1.0,1.0,1.0,1.0]
10746,[303,2708,4355,4534,6753,7306],[1.0,1.0,1.0,1.0,1.0,1.0]
