10746,[256,4440,6829,7019,7813,8669,9072,10445],[1.0,1.0,1.0,1.0,1.0,1.0,1.0,1.0]
10746,[463,1652,1824,4534,7074,8612,9269,9972,10360],[1.0,1.0,1.0,1.0,1.0,1.0,1.0,1.0,1.0]
10746,[213,1317,2916,3006,3257,4217,9130,10433,10658],[1.0,1.0,1.0,1.0,1.0,1.0,1.0,1.0,1.0]
10746,[2123,3514,3741,4934,5205,6457,10068,10621],[1.0,1.0,1.0,1.0,1.0,1.0,1.0,1.0]
10746,[556,4606,4934,5001,7718,8398,9219,9972],[1.0,1.0,1.0,1.0,1.0,1.0,1.0,1.0]
10746,[1097,1920,6457,7552,8398,8491,9534,9972],[1.0,1.0,1.0,1.0,1.0,1.0,1.0,1.0]
10746,[1218,4406,4707,5146,6457,7453,9361,9554],[1.0,1.0,1.0,1.0,1.0,1.0,1.0,1.0]
10746,[302,902,1099,3092,6547,6810,9528],[1.0,1.0,1.0,1.0,1.0,1.0,1.0]
10746,[2114,2916,3318,5580,7208,7653,9237,10438,10617],[1.0,1.0,1.0,1.0,1.0,1.0,1.0,1.0,1.0]
10746,[1785,1979,2596,4258,5907,6295,8885,9273,9845,10056],[1.0,1.0,1.0,1.0,1.0,1.0,1.0,1.0,1.0,1.0]
10746,[151,1706,2182,3318,3426,4242,5820,7827,10433],[1.0,1.0,1.0,1.0,1.0,1.0,1.0,1.0,1.0]
10746,[357,799,868,902,2916,3426,3545,8343,9528],[1.0,1.0,1.0,1.0,1.0,1.0,1.0,1.0,1.0]
10746,[1545,2314,3380,4520,6547,8775],[1.0,1.0,1.0,1.0,1.0,1.0]
10746,[245,3092,4534,5181,9244,9851,9895],[1.0,1.0,1.0,1.0,1.0,1.0,1.0]
10746,[611,2493,4332,8114,8778,9085,10621],[1.0,1.0,1.0,1.0,1.0,1.0,1.0]
10746,[2616,3251,4354,4606,6533,7502,7671,8729,9289,9851],[1.0,1.0,1.0,1.0,1.0,1.0,1.0,1.0,1.0,1.0]
10746,[4092,4405,4534,5820,6525,6603,9365,9851],[1.0,1.0,1.0,1.0,1.0,1.0,1.0,1.0]
10746,[1099,2916,3251,3647,4921,6056,9225,10327,10734],[1.0,1.0,1.0,1.0,1.0,1.0,1.0,1.0,1.0]
10746,[172,297,3630,4887,5348,6394,8114,9528],[1.0,1.0,1.0,1.0,1.0,1.0,1.0,1.0]
10746,[143,4033,4921,4999,6525,6882,7300,7502],[1.0,1.0,1.0,1.0,1.0,1.0,1.0,1.0]
10746,[2314,2418,3092,4188,4534,5259,6172,8114,8615],[1.0,1.0,1.0,1.0,1.0,1.0,1.0,1.0,1.0]
10746,[2353,2492,2799,4188,6961,9420],[1.0,1.0,1.0,1.0,1.0,1.0]
10746,[611,2799,4191,6547,8343,10621],[1.0,1.0,1.0,1.0,1.0,1.0]
10746,[868,1706,5641,6172,6961,7518,9528],[1.0,1.0,1.0,1.0,1.0,1.0,1.0]
10746,[611,902,1099,1255,4191,5022,5181,6547],[1.0,1.0,1.0,1.0,1.0,1.0,1.0,1.0]
10746,[6368,6547,8032,8236,8280,8883,8908,9528,10068],[1.0,1.0,1.0,1.0,1.0,1.0,1.0,1.0,1.0]
10746,[2285,5153,5307,6080,6829,7019,8114,8669,9072],[1.0,1.0,1.0,1.0,1.0,1.0,1.0,1.0,1.0]
10746,[256,1824,2242,2273,7065,8114,9269,10401],[1.0,1.0,1.0,1.0,1.0,1.0,1.0,1.0]
10746,[1216,1528,1568,3755,5142,6655,8023,8562,9172],[1.0,1.0,1.0,1.0,1.0,1.0,1.0,1.0,1.0]
10746,[6473],[1.0]
