10746,[654,1284,3370,4440,7998,8022,8083],[1.0,1.0,1.0,1.0,1.0,1.0,1.0]
10746,[213,838,1284,3006,3370,4405,7953,7998,8083],[1.0,1.0,1.0,1.0,1.0,1.0,1.0,1.0,1.0]
10746,[936,1284,3370,5900,7786,7998,8083,9491,10463],[1.0,1.0,1.0,1.0,1.0,1.0,1.0,1.0,1.0]
10746,[513,936,3864,6149,10326,10463],[1.0,1.0,1.0,1.0,1.0,1.0]
10746,[770,838,2530,2797,2916,3734,4405,5737,9273],[1.0,1.0,1.0,1.0,1.0,1.0,1.0,1.0,1.0]
10746,[356,1144,1411,2530,2916,3089,8475],[1.0,1.0,1.0,1.0,1.0,1.0,1.0]
10746,[654,2123,2307,2530,5604,6167,7117,10222],[1.0,1.0,1.0,1.0,1.0,1.0,1.0,1.0]
10746,[121,2738,3089,3992,4393,5803,9273,9878,10350],[1.0,1.0,1.0,1.0,1.0,1.0,1.0,1.0,1.0]
10746,[869,2185,6379,7955,8455,8775,9273],[1.0,1.0,1.0,1.0,1.0,1.0,1.0]
10746,[1299,1453,2627,2916,3741,6049,7768,8582,9632],[1.0,1.0,1.0,1.0,1.0,1.0,1.0,1.0,1.0]
10746,[58,2437,2493,2530,3257,5683,7459,9262,10433],[1.0,1.0,1.0,1.0,1.0,1.0,1.0,1.0,1.0]
10746,[1284,4405,7998],[1.0,1.0,1.0]
