10746,[39,3844,4440,6131,6753,10201],[1.0,1.0,1.0,1.0,1.0,1.0]
10746,[213,2518,4055,4778,5017,6175,7463,8554,9865,10360],[1.0,1.0,1.0,1.0,1.0,1.0,1.0,1.0,1.0,1.0]
10746,[192,881,1219,3844,5975,7231,10026,10152,10270],[1.0,1.0,1.0,1.0,1.0,1.0,1.0,1.0,1.0]
10746,[501,631,936,1099,2238,4389,6167,7323,8114],[1.0,1.0,1.0,1.0,1.0,1.0,1.0,1.0,1.0]
10746,[956,3697,4673,6426,6930,7379,9713,10082,10621],[1.0,1.0,1.0,1.0,1.0,1.0,1.0,1.0,1.0]
10746,[172,1099,5885,7879,8729,9289,9851],[1.0,1.0,1.0,1.0,1.0,1.0,1.0]
10746,[124,631,956,1099,1481,1517,7339,8810],[1.0,1.0,1.0,1.0,1.0,1.0,1.0,1.0]
10746,[501,2455,3545,3697,4673,5641,8775,9713,10419],[1.0,1.0,1.0,1.0,1.0,1.0,1.0,1.0,1.0]
10746,[631,2627,4389,8810,9289,10621],[1.0,1.0,1.0,1.0,1.0,1.0]
10746,[747,1099,1255,4673,6426,8558,9289,9713,10082,10621],[1.0,1.0,1.0,1.0,1.0,1.0,1.0,1.0,1.0,1.0]
10746,[304,2618,4928,5537,6753,9315,9471],[1.0,1.0,1.0,1.0,1.0,1.0,1.0]
