10746,[2200,3277,4440,5090,5845,9491,9996],[1.0,1.0,1.0,1.0,1.0,1.0,1.0]
10746,[213,654,2200,2518,3277,4778,8022,9996,10152,10360],[1.0,1.0,1.0,1.0,1.0,1.0,1.0,1.0,1.0,1.0]
10746,[513,936,3277,3864,9491,10326,10463],[1.0,1.0,1.0,1.0,1.0,1.0,1.0]
10746,[2200,3277,5090,5279,9113,9491,9996,10463],[1.0,1.0,1.0,1.0,1.0,1.0,1.0,1.0]
10746,[126,936,2205,5090,5845,6580,7102],[1.0,1.0,1.0,1.0,1.0,1.0,1.0]
10746,[654,1255,2407,2799,3539,3741,4217,6193,8394],[1.0,1.0,1.0,1.0,1.0,1.0,1.0,1.0,1.0]
10746,[356,3895,3946,7102,8677,9270,9614,9632,10714],[1.0,1.0,1.0,1.0,1.0,1.0,1.0,1.0,1.0]
10746,[126,2205,3741,4217,5564,6580,10621],[1.0,1.0,1.0,1.0,1.0,1.0,1.0]
10746,[126,315,1590,3438,3539,6193,8394,9270,9328],[1.0,1.0,1.0,1.0,1.0,1.0,1.0,1.0,1.0]
10746,[975,4661,6660,8026,8595,9133,9292],[1.0,1.0,1.0,1.0,1.0,1.0,1.0]
10746,[1203,2618,4955,5142,5942,7279,10419],[1.0,1.0,1.0,1.0,1.0,1.0,1.0]
10746,[1005,1997,3535,3741,3953,4258,5276,7084,7803],[1.0,1.0,1.0,1.0,1.0,1.0,1.0,1.0,1.0]
10746,[2443,2444,3077,3901,4223,6457,9052,9851,10621],[1.0,1.0,1.0,1.0,1.0,1.0,1.0,1.0,1.0]
10746,[1411,4191,4955,5438,5924,6335,7279,7600,8114,8392],[1.0,1.0,1.0,1.0,1.0,1.0,1.0,1.0,1.0,1.0]
10746,[204,1706,2238,3892,4576,7515,8630],[1.0,1.0,1.0,1.0,1.0,1.0,1.0]
10746,[5845,6080,6271,7901,10203,10225,10336,10419],[1.0,1.0,1.0,1.0,1.0,1.0,1.0,1.0]
