10746,[991,2518,3770,4440,5201,5822,8207,9491],[1.0,1.0,1.0,1.0,1.0,1.0,1.0,1.0]
10746,[213,1346,1449,1456,1714,5435,7416,8571,10360,10463],[1.0,1.0,1.0,1.0,1.0,1.0,1.0,1.0,1.0,1.0]
10746,[837,936,1449,2813,5435,8571,9829,9920],[1.0,1.0,1.0,1.0,1.0,1.0,1.0,1.0]
10746,[902,2867,4066,5181,6530,8170,9708,9716],[1.0,1.0,1.0,1.0,1.0,1.0,1.0,1.0]
10746,[902,2764,2916,4861,4911,5127,8170],[1.0,1.0,1.0,1.0,1.0,1.0,1.0]
10746,[1237,4446,8170,10056,10550],[1.0,1.0,1.0,1.0,1.0]
10746,[896,1673,1706,3876,5280,8170,9831],[1.0,1.0,1.0,1.0,1.0,1.0,1.0]
10746,[2986,3089,3921,4534,5073,5205,8729,9831,10536],[1.0,1.0,1.0,1.0,1.0,1.0,1.0,1.0,1.0]
10746,[896,902,2627,3876,5280,6335,6479,8908],[1.0,1.0,1.0,1.0,1.0,1.0,1.0,1.0]
10746,[1673,2201,2916,2986,3681,7944,7996],[1.0,1.0,1.0,1.0,1.0,1.0,1.0]
10746,[51,1706,3770,5201,6341,8207,9125,9491,10645],[1.0,1.0,1.0,1.0,1.0,1.0,1.0,1.0,1.0]
10746,[273,1187,3894],[1.0,1.0,1.0]
