10746,[2795,3588,4191,4440,4561,6634,7579,9637,10687],[1.0,1.0,1.0,1.0,1.0,1.0,1.0,1.0,1.0]
10746,[213,3006,5508,5820,7579,7753,7937,8442,9637,10360],[1.0,1.0,1.0,1.0,1.0,1.0,1.0,1.0,1.0,1.0]
10746,[2518,3588,4778,7579,10152,10463,10687],[1.0,1.0,1.0,1.0,1.0,1.0,1.0]
10746,[265,728,1249,4069,7367,7582],[1.0,1.0,1.0,1.0,1.0,1.0]
10746,[172,365,463,567,936,2238,7074,8904],[1.0,1.0,1.0,1.0,1.0,1.0,1.0,1.0]
10746,[1673,2074,2916,4042,6138,6522,8070,8729],[1.0,1.0,1.0,1.0,1.0,1.0,1.0,1.0]
10746,[372,1613,3216,4258,5236,6257,6394,7914],[1.0,1.0,1.0,1.0,1.0,1.0,1.0,1.0]
10746,[936,7494,7826,7922,8070,8073,8114,8941,9632],[1.0,1.0,1.0,1.0,1.0,1.0,1.0,1.0,1.0]
10746,[4772,5324,5564,6368,7074,9298,9448],[1.0,1.0,1.0,1.0,1.0,1.0,1.0]
10746,[2123,2615,3313,3545,4191,8073,8917,9632,10360,10621],[1.0,1.0,1.0,1.0,1.0,1.0,1.0,1.0,1.0,1.0]
10746,[878,1291,3732,5236,8070,9632,10381],[1.0,1.0,1.0,1.0,1.0,1.0,1.0]
10746,[769,946,1299,4244,7751,9290,9632,10433],[1.0,1.0,1.0,1.0,1.0,1.0,1.0,1.0]
10746,[956,3651,6247,7411,7889,8075,8960,10508],[1.0,1.0,1.0,1.0,1.0,1.0,1.0,1.0]
10746,[14,902,4191,6952,7379,7412],[1.0,1.0,1.0,1.0,1.0,1.0]
10746,[1453,3842,5604,5628,7108,7339],[1.0,1.0,1.0,1.0,1.0,1.0]
10746,[51,1588,2492,4191,4389,5226,6092,7506,8875,10350],[1.0,1.0,1.0,1.0,1.0,1.0,1.0,1.0,1.0,1.0]
10746,[1099,1662,4217,4389,5236,8580,10397,10433],[1.0,1.0,1.0,1.0,1.0,1.0,1.0,1.0]
10746,[1910,2438,2627,4217,5236,5978,8673,9632,9695],[1.0,1.0,1.0,1.0,1.0,1.0,1.0,1.0,1.0]
10746,[206,860,1841,3651,5328,8476,9632,9695,10433],[1.0,1.0,1.0,1.0,1.0,1.0,1.0,1.0,1.0]
10746,[14,3327,3563,3727,4217,8114,8595,8917,8960,9023],[1.0,1.0,1.0,1.0,1.0,1.0,1.0,1.0,1.0,1.0]
10746,[705,796,3532,3545,4611,8075,8595],[1.0,1.0,1.0,1.0,1.0,1.0,1.0]
10746,[4534,4888,6316,6819,7649,7713,8630,9528],[1.0,1.0,1.0,1.0,1.0,1.0,1.0,1.0]
10746,[1990,3545,3921,7045,7751,8755,10222],[1.0,1.0,1.0,1.0,1.0,1.0,1.0]
10746,[1767,5031,6229,6335,9851],[1.0,1.0,1.0,1.0,1.0]
10746,[125,2070,5335,6368,6395,7751,7813,8580,10222],[1.0,1.0,1.0,1.0,1.0,1.0,1.0,1.0,1.0]
10746,[3586,4205,4331,5031,6341,6701,8580,10621],[1.0,1.0,1.0,1.0,1.0,1.0,1.0,1.0]
10746,[172,4962,6607,6701,8927,9070,9632],[1.0,1.0,1.0,1.0,1.0,1.0,1.0]
10746,[51,549,2708,2916,5012,6701,7643],[1.0,1.0,1.0,1.0,1.0,1.0,1.0]
10746,[1222,2125,2455,3216,4534,8086,8584,8729],[1.0,1.0,1.0,1.0,1.0,1.0,1.0,1.0]
10746,[852,2751,5012,5416,6938,8554],[1.0,1.0,1.0,1.0,1.0,1.0]
10746,[428,1099,2455,4525,5069,7914,9409,9632,9999,10419],[1.0,1.0,1.0,1.0,1.0,1.0,1.0,1.0,1.0,1.0]
10746,[102,946,3036,3602,3859,5328,7649,7843,9632,10433],[1.0,1.0,1.0,1.0,1.0,1.0,1.0,1.0,1.0,1.0]
10746,[1440,2114,2182,2919,3563,3859,7019,7751,10433],[1.0,1.0,1.0,1.0,1.0,1.0,1.0,1.0,1.0]
10746,[172,1534,4217,4640,5236,6603,6754,7502,9262],[1.0,1.0,1.0,1.0,1.0,1.0,1.0,1.0,1.0]
10746,[14,4258,5142,6257,6394,7914],[1.0,1.0,1.0,1.0,1.0,1.0]
10746,[3257,4640,5592,6069,7412,8729,10350],[1.0,1.0,1.0,1.0,1.0,1.0,1.0]
10746,[902,1460,1535,2067,8960,9298,10433,10539],[1.0,1.0,1.0,1.0,1.0,1.0,1.0,1.0]
10746,[3048,4611,6524,6779,7534,8787,8842],[1.0,1.0,1.0,1.0,1.0,1.0,1.0]
10746,[758,777,1706,4664,5347,8216],[1.0,1.0,1.0,1.0,1.0,1.0]
10746,[1829,5580,6098,6170,9490,10508],[1.0,1.0,1.0,1.0,1.0,1.0]
10746,[902,1706,3549,4534,4603,8216,9289,9816],[1.0,1.0,1.0,1.0,1.0,1.0,1.0,1.0]
10746,[436,1706,2916,4534,6359,7678,8004,9528,9618],[1.0,1.0,1.0,1.0,1.0,1.0,1.0,1.0,1.0]
10746,[956,4344,4534,5031,6170,8216,10508],[1.0,1.0,1.0,1.0,1.0,1.0,1.0]
10746,[1706,5438,6170,7639,8729,8915,9124,9289],[1.0,1.0,1.0,1.0,1.0,1.0,1.0,1.0]
10746,[2916,3426,3528,6638,9031,9528,9976],[1.0,1.0,1.0,1.0,1.0,1.0,1.0]
10746,[141,2351,2916,6098,6257,6524,7105],[1.0,1.0,1.0,1.0,1.0,1.0,1.0]
10746,[80,141,956,2916,3545,4611,6426,6819,7316],[1.0,1.0,1.0,1.0,1.0,1.0,1.0,1.0,1.0]
10746,[956,4191,4294,5592,5705,6044,6524,6645,8008],[1.0,1.0,1.0,1.0,1.0,1.0,1.0,1.0,1.0]
10746,[4060,5289,5532,5850,9213,9273,10228],[1.0,1.0,1.0,1.0,1.0,1.0,1.0]
10746,[597,869,1255,5001,5513,5710,6335,6341],[1.0,1.0,1.0,1.0,1.0,1.0,1.0,1.0]
10746,[3257,4389,6645,7869,8143,8729,9632,10082,10539,10621],[1.0,1.0,1.0,1.0,1.0,1.0,1.0,1.0,1.0,1.0]
10746,[646,1099,2123,2325,2623,2916,3407,7117,7390],[1.0,1.0,1.0,1.0,1.0,1.0,1.0,1.0,1.0]
10746,[902,1099,3409,4393,5416,6170,6857,10082,10621],[1.0,1.0,1.0,1.0,1.0,1.0,1.0,1.0,1.0]
10746,[2708,3509,6626,6645,7529,8476,9240,9289,10743],[1.0,1.0,1.0,1.0,1.0,1.0,1.0,1.0,1.0]
10746,[4066,4217,6229,6335,7074,7084,8941,10621,10714],[1.0,1.0,1.0,1.0,1.0,1.0,1.0,1.0,1.0]
10746,[1275,4576,6229,7502,9316,10203,10617,10621,10682],[1.0,1.0,1.0,1.0,1.0,1.0,1.0,1.0,1.0]
10746,[631,2530,5179,5207,5735,8580,8817,9819],[1.0,1.0,1.0,1.0,1.0,1.0,1.0,1.0]
10746,[2530,4534,4950,6368,7266,7511,9393,9831,10617],[1.0,1.0,1.0,1.0,1.0,1.0,1.0,1.0,1.0]
10746,[4066,4217,5770,6335,7384,7423,8421,8673],[1.0,1.0,1.0,1.0,1.0,1.0,1.0,1.0]
10746,[567,1099,2278,6257,7005,7074,8114,8280],[1.0,1.0,1.0,1.0,1.0,1.0,1.0,1.0]
10746,[289,869,2576,3545,5950,6685,7653,9298,9522,10478],[1.0,1.0,1.0,1.0,1.0,1.0,1.0,1.0,1.0,1.0]
10746,[769,2916,3791,4576,6298,6335,7826,9270,9465],[1.0,1.0,1.0,1.0,1.0,1.0,1.0,1.0,1.0]
10746,[631,766,1829,3784,4145,4217,4857,8126,8902],[1.0,1.0,1.0,1.0,1.0,1.0,1.0,1.0,1.0]
10746,[869,1535,3075,4106,4332,4576,5231,5294],[1.0,1.0,1.0,1.0,1.0,1.0,1.0,1.0]
10746,[1255,1535,1706,1810,1948,2530,4036,10139,10617],[1.0,1.0,1.0,1.0,1.0,1.0,1.0,1.0,1.0]
10746,[1255,1810,9045,9407,9595,10093,10139],[1.0,1.0,1.0,1.0,1.0,1.0,1.0]
10746,[1535,2114,2596,8228,8287,10433,10617,10633],[1.0,1.0,1.0,1.0,1.0,1.0,1.0,1.0]
10746,[1275,1291,4084,5142,8817,10621],[1.0,1.0,1.0,1.0,1.0,1.0]
10746,[372,4576,6335,7649,8362,9776],[1.0,1.0,1.0,1.0,1.0,1.0]
10746,[4401,7200,7553,8398,9176,9289,9528],[1.0,1.0,1.0,1.0,1.0,1.0,1.0]
10746,[3,55,1284,2795,2836,4642,6634,7502,10682],[1.0,1.0,1.0,1.0,1.0,1.0,1.0,1.0,1.0]
10746,[409,3889,4055,4683,7416,7536,7579,7753,8442,10237],[1.0,1.0,1.0,1.0,1.0,1.0,1.0,1.0,1.0,1.0]
10746,[2840,3588,4191,4217,5052,7136,7579,10687],[1.0,1.0,1.0,1.0,1.0,1.0,1.0,1.0]
10746,[956,3509,4217,6839,8968],[1.0,1.0,1.0,1.0,1.0]
