10746,[3280,3669,4440,4750,6753,10187,10360,10560],[1.0,1.0,1.0,1.0,1.0,1.0,1.0,1.0]
10746,[213,1193,1652,2518,2661,4681,4778,10152,10187],[1.0,1.0,1.0,1.0,1.0,1.0,1.0,1.0,1.0]
10746,[1513,4953,7990,8444,9161,10067,10463],[1.0,1.0,1.0,1.0,1.0,1.0,1.0]
10746,[268,936,4750,6549,6753,8773,9000,10187],[1.0,1.0,1.0,1.0,1.0,1.0,1.0,1.0]
10746,[2016,2649,2916,3993,4512,9030,9420],[1.0,1.0,1.0,1.0,1.0,1.0,1.0]
10746,[4149,5885,7084,8595,9270,9288,9420,9517,10419],[1.0,1.0,1.0,1.0,1.0,1.0,1.0,1.0,1.0]
10746,[902,2045,2799,6108,7316,9270,10082,10312],[1.0,1.0,1.0,1.0,1.0,1.0,1.0,1.0]
10746,[2185,3145,4888,6335,6753,7273,9217,10621],[1.0,1.0,1.0,1.0,1.0,1.0,1.0,1.0]
10746,[191,1766,2185,7276,7653,9106,9289,10377],[1.0,1.0,1.0,1.0,1.0,1.0,1.0,1.0]
10746,[191,4332,7276,9289,9528,10621],[1.0,1.0,1.0,1.0,1.0,1.0]
10746,[5181,6810,9106,9364,9420,9435,9733,9744,10377],[1.0,1.0,1.0,1.0,1.0,1.0,1.0,1.0,1.0]
10746,[902,2916,4534,4589,5301,6927,8595,9841],[1.0,1.0,1.0,1.0,1.0,1.0,1.0,1.0]
10746,[51,73,844,1706,2919,4512,6271,9903],[1.0,1.0,1.0,1.0,1.0,1.0,1.0,1.0]
10746,[365,766,1054,2916,7338,9260,9420,9883],[1.0,1.0,1.0,1.0,1.0,1.0,1.0,1.0]
10746,[2232,2712,6172,6785,6936,8595,10433,10576],[1.0,1.0,1.0,1.0,1.0,1.0,1.0,1.0]
10746,[1099,2455,2916,4149,5329,8115,9420,9517,10419],[1.0,1.0,1.0,1.0,1.0,1.0,1.0,1.0,1.0]
10746,[869,1099,2232,2493,4332,9159,9595,10716],[1.0,1.0,1.0,1.0,1.0,1.0,1.0,1.0]
10746,[1375,1905,2950,6271,6589,8739,8842,10734],[1.0,1.0,1.0,1.0,1.0,1.0,1.0,1.0]
10746,[5430,5662,5820,8893,9541],[1.0,1.0,1.0,1.0,1.0]
10746,[627,2799,3380,3741,4102,8582,9420,9435],[1.0,1.0,1.0,1.0,1.0,1.0,1.0,1.0]
10746,[2586,2916,4066,5793,7084,9420,9733,10621],[1.0,1.0,1.0,1.0,1.0,1.0,1.0,1.0]
10746,[2529,4891,7276,9106,9953],[1.0,1.0,1.0,1.0,1.0]
10746,[245,1045,1099,1325,2916,3041,7506,9084],[1.0,1.0,1.0,1.0,1.0,1.0,1.0,1.0]
10746,[920,1473,2585,2618,4390,7316,7643,9276,10328],[1.0,1.0,1.0,1.0,1.0,1.0,1.0,1.0,1.0]
10746,[806,2586,2874,7276,9289,10670],[1.0,1.0,1.0,1.0,1.0,1.0]
10746,[2916,3750,4534,5437,7276,9420,10539],[1.0,1.0,1.0,1.0,1.0,1.0,1.0]
10746,[806,3026,3993,4924,7643],[1.0,1.0,1.0,1.0,1.0]
10746,[806,956,7643,8729,9523,9851],[1.0,1.0,1.0,1.0,1.0,1.0]
10746,[191,806,3741,4405,4960,6098,10377],[1.0,1.0,1.0,1.0,1.0,1.0,1.0]
10746,[2529,3944,4188,6762,7276,8026,8729,9106],[1.0,1.0,1.0,1.0,1.0,1.0,1.0,1.0]
10746,[466,896,1255,2992,3993,5978,10438,10621],[1.0,1.0,1.0,1.0,1.0,1.0,1.0,1.0]
10746,[126,191,1275,3070,4060,9528,10621],[1.0,1.0,1.0,1.0,1.0,1.0,1.0]
10746,[20,191,2260,3156,4891,9841,9953,10621],[1.0,1.0,1.0,1.0,1.0,1.0,1.0,1.0]
10746,[191,2240,3426,6002,6229,6810,10438],[1.0,1.0,1.0,1.0,1.0,1.0,1.0]
10746,[126,191,902,4771,6952,7379,9569,10068,10082],[1.0,1.0,1.0,1.0,1.0,1.0,1.0,1.0,1.0]
10746,[1038,4058,7611,9254,9851,10621],[1.0,1.0,1.0,1.0,1.0,1.0]
10746,[1776,2272,2530,2708,2876,7101,7381],[1.0,1.0,1.0,1.0,1.0,1.0,1.0]
