10746,[2245,3093,4237,4440,5710,6003,6220,8790],[1.0,1.0,1.0,1.0,1.0,1.0,1.0,1.0]
10746,[213,813,4329,4895,6005,6763,7547,7757,9988,10360],[1.0,1.0,1.0,1.0,1.0,1.0,1.0,1.0,1.0,1.0]
10746,[2518,3006,3093,4778,6220,10152,10187],[1.0,1.0,1.0,1.0,1.0,1.0,1.0]
10746,[936,1099,1248,2492,4750,6753,10187],[1.0,1.0,1.0,1.0,1.0,1.0,1.0]
10746,[975,1099,1255,2708,2712,7728,10309],[1.0,1.0,1.0,1.0,1.0,1.0,1.0]
10746,[869,988,1588,4205,5001,5990,9298],[1.0,1.0,1.0,1.0,1.0,1.0,1.0]
10746,[766,1036,4268,7813,8790,9724,10055,10617],[1.0,1.0,1.0,1.0,1.0,1.0,1.0,1.0]
10746,[447,1830,4891,5893,7117,10068],[1.0,1.0,1.0,1.0,1.0,1.0]
10746,[60,2840,3093,5069,6220,7499,9458,10419],[1.0,1.0,1.0,1.0,1.0,1.0,1.0,1.0]
10746,[1438,4576,9270],[1.0,1.0,1.0]
