10746,[1513,4191,4440,4561,4953,7990,8773,10067],[1.0,1.0,1.0,1.0,1.0,1.0,1.0,1.0]
10746,[1513,2289,2518,3900,4778,10067,10152,10360],[1.0,1.0,1.0,1.0,1.0,1.0,1.0,1.0]
10746,[213,2795,3588,4682,6634,7153,7339,7579,8859,9637],[1.0,1.0,1.0,1.0,1.0,1.0,1.0,1.0,1.0,1.0]
10746,[705,796,3532,3545,4611,8075,8960,9000,10687],[1.0,1.0,1.0,1.0,1.0,1.0,1.0,1.0,1.0]
10746,[4888,6316,6819,8595,8630,9528],[1.0,1.0,1.0,1.0,1.0,1.0]
10746,[1990,3545,4534,6615,7045,7649,7713,7751],[1.0,1.0,1.0,1.0,1.0,1.0,1.0,1.0]
10746,[464,2325,3651,6298,6793,7074,7757,9595],[1.0,1.0,1.0,1.0,1.0,1.0,1.0,1.0]
10746,[2206,2427,3545,5522,5592,6837,7070,7456,10271],[1.0,1.0,1.0,1.0,1.0,1.0,1.0,1.0,1.0]
10746,[796,4611,4929,6533,7125,7506,8810,9270],[1.0,1.0,1.0,1.0,1.0,1.0,1.0,1.0]
10746,[4953],[1.0]
