10746,[451,1706,2036,3093,4440,6220,7488,8976],[1.0,1.0,1.0,1.0,1.0,1.0,1.0,1.0]
10746,[213,813,1344,4329,4895,6968,7356,7547,10360],[1.0,1.0,1.0,1.0,1.0,1.0,1.0,1.0,1.0]
10746,[2518,3093,3545,4778,4805,6220,10068,10152],[1.0,1.0,1.0,1.0,1.0,1.0,1.0,1.0]
10746,[451,940,1222,4534,6298,6394,6518,7074],[1.0,1.0,1.0,1.0,1.0,1.0,1.0,1.0]
10746,[812,6229,7470,8722,8774,9575,10024,10621],[1.0,1.0,1.0,1.0,1.0,1.0,1.0,1.0]
10746,[14,451,1255,1588,1910,2070,6341,8269,10024],[1.0,1.0,1.0,1.0,1.0,1.0,1.0,1.0,1.0]
10746,[1299,1706,1943,2530,2976,3391,3850,4405,4534,10627],[1.0,1.0,1.0,1.0,1.0,1.0,1.0,1.0,1.0,1.0]
10746,[1943,4217,4971,8595,8941,10024,10350],[1.0,1.0,1.0,1.0,1.0,1.0,1.0]
10746,[191,372,1776,2114,3426,4857,6952],[1.0,1.0,1.0,1.0,1.0,1.0,1.0]
10746,[237,878,1776,2530,4328,4804,5407,5580],[1.0,1.0,1.0,1.0,1.0,1.0,1.0,1.0]
10746,[451,2123,3391,4205,6603,6610,8673,9851,10621],[1.0,1.0,1.0,1.0,1.0,1.0,1.0,1.0,1.0]
10746,[365,451,1299,4202,4950,4966,5236],[1.0,1.0,1.0,1.0,1.0,1.0,1.0]
10746,[1519,1549,3545,4376,5253,5293,5428,7316,10602],[1.0,1.0,1.0,1.0,1.0,1.0,1.0,1.0,1.0]
10746,[813,1344,4895,6335,6968,7488,7547,9298,10670],[1.0,1.0,1.0,1.0,1.0,1.0,1.0,1.0,1.0]
10746,[35,2708,4534,4549,5564,10621,10734],[1.0,1.0,1.0,1.0,1.0,1.0,1.0]
