10746,[2455,4440,6193,6335,8580,8911,9325,9611],[1.0,1.0,1.0,1.0,1.0,1.0,1.0,1.0]
10746,[3295,4864,5820,6634,7722,7937,8407,9377],[1.0,1.0,1.0,1.0,1.0,1.0,1.0,1.0]
10746,[1652,2518,4778,4864,7722,8407,10152,10360],[1.0,1.0,1.0,1.0,1.0,1.0,1.0,1.0]
10746,[167,213,1398,3974,4954,6352,9117,9769,10463],[1.0,1.0,1.0,1.0,1.0,1.0,1.0,1.0,1.0]
10746,[617,747,936,1400,3433,4349,5293,6341],[1.0,1.0,1.0,1.0,1.0,1.0,1.0,1.0]
10746,[58,3433,4003,4801,6341,7423,8554,10296],[1.0,1.0,1.0,1.0,1.0,1.0,1.0,1.0]
10746,[747,2407,2455,2618,3969,4217,6341,8729,10419],[1.0,1.0,1.0,1.0,1.0,1.0,1.0,1.0,1.0]
10746,[58,2407,2618,4217,6341,7423,8032],[1.0,1.0,1.0,1.0,1.0,1.0,1.0]
10746,[902,2407,4801,6341,8032,8729,9270],[1.0,1.0,1.0,1.0,1.0,1.0,1.0]
10746,[549,758,1128,5181,6819,8280,10056],[1.0,1.0,1.0,1.0,1.0,1.0,1.0]
10746,[1099,1284,1626,1865,3295,4801,5928,7374,7907],[1.0,1.0,1.0,1.0,1.0,1.0,1.0,1.0,1.0]
10746,[1107,1218,1652,3295,4864,6730,7722,10247],[1.0,1.0,1.0,1.0,1.0,1.0,1.0,1.0]
10746,[4864,7989],[1.0,1.0]
