10746,[372,2144,4205,4440,5442,6758,8403,9542],[1.0,1.0,1.0,1.0,1.0,1.0,1.0,1.0]
10746,[1926,2144,2518,4778,5442,8389,10152,10360],[1.0,1.0,1.0,1.0,1.0,1.0,1.0,1.0]
10746,[213,936,1304,1316,1652,5512,5918,7031,8494],[1.0,1.0,1.0,1.0,1.0,1.0,1.0,1.0,1.0]
10746,[936,1121,2245,3006,6003,8041,8790],[1.0,1.0,1.0,1.0,1.0,1.0,1.0]
10746,[203,1512,2530,4205,5710,8504,8628,9460],[1.0,1.0,1.0,1.0,1.0,1.0,1.0,1.0]
10746,[935,1099,6810,7338,7390,8673,9289,9460],[1.0,1.0,1.0,1.0,1.0,1.0,1.0,1.0]
10746,[1706,4217,4951,5734,9310,10418],[1.0,1.0,1.0,1.0,1.0,1.0]
10746,[172,2070,5205,7506,8729,9289,9778,10082,10617],[1.0,1.0,1.0,1.0,1.0,1.0,1.0,1.0,1.0]
10746,[14,1532,1706,7384,8280,10000,10222],[1.0,1.0,1.0,1.0,1.0,1.0,1.0]
10746,[2530,3426,3890,7384,8628,9632,10000,10189],[1.0,1.0,1.0,1.0,1.0,1.0,1.0,1.0]
10746,[1233,2126,2640,3795,5155,5443,7384],[1.0,1.0,1.0,1.0,1.0,1.0,1.0]
10746,[777,1255,4414,4581,5343,7468],[1.0,1.0,1.0,1.0,1.0,1.0]
10746,[372,1084,3054,4191,7316,7384,7649,7843,10222,10609],[1.0,1.0,1.0,1.0,1.0,1.0,1.0,1.0,1.0,1.0]
10746,[1706,4217,4414,7744,8595,10430,10433],[1.0,1.0,1.0,1.0,1.0,1.0,1.0]
10746,[436,3260,3985,4042,4191,5628,7390,10736],[1.0,1.0,1.0,1.0,1.0,1.0,1.0,1.0]
10746,[329,902,2238,5207,5918,8032,8844],[1.0,1.0,1.0,1.0,1.0,1.0,1.0]
10746,[1233,3783,4581,5710,7390,9792,10621],[1.0,1.0,1.0,1.0,1.0,1.0,1.0]
10746,[1324,1948,3522,5513,5569,5698,8051,8130,10338],[1.0,1.0,1.0,1.0,1.0,1.0,1.0,1.0,1.0]
10746,[2596,4861,5251,5325,5628,8114,9460],[1.0,1.0,1.0,1.0,1.0,1.0,1.0]
10746,[3155,5089,5181,5343,6634,7423,8476,9377,10555],[1.0,1.0,1.0,1.0,1.0,1.0,1.0,1.0,1.0]
10746,[237,2530,3707,4755,4954,5628,5710,7164,9632,9686],[1.0,1.0,1.0,1.0,1.0,1.0,1.0,1.0,1.0,1.0]
10746,[3103,3651,5012,7643,8476,9049,9709,10223],[1.0,1.0,1.0,1.0,1.0,1.0,1.0,1.0]
10746,[14,2530,3232,4954,5628,5710,7843],[1.0,1.0,1.0,1.0,1.0,1.0,1.0]
10746,[463,1661,2455,4954,5142,5628,5885,8543,9632],[1.0,1.0,1.0,1.0,1.0,1.0,1.0,1.0,1.0]
10746,[365,1299,2425,5089,6634,9298,9379,9534],[1.0,1.0,1.0,1.0,1.0,1.0,1.0,1.0]
10746,[4191,4387,5885,7105,7903,8825,8895,10609],[1.0,1.0,1.0,1.0,1.0,1.0,1.0,1.0]
