10746,[39,3844,4440,6131,6753,9632,10201],[1.0,1.0,1.0,1.0,1.0,1.0,1.0]
10746,[213,1237,3695,4055,5017,7463,8635,9632,9865,10360],[1.0,1.0,1.0,1.0,1.0,1.0,1.0,1.0,1.0,1.0]
10746,[2518,3844,4277,4778,5820,7937,8540,9654,10152],[1.0,1.0,1.0,1.0,1.0,1.0,1.0,1.0,1.0]
10746,[614,869,1738,2991,4724,4964,8896,10296],[1.0,1.0,1.0,1.0,1.0,1.0,1.0,1.0]
10746,[869,936,4191,5983,6193,6229,8642,9325],[1.0,1.0,1.0,1.0,1.0,1.0,1.0,1.0]
10746,[2310,3011,3695,4066,4217,6335,6341,6901,8114],[1.0,1.0,1.0,1.0,1.0,1.0,1.0,1.0,1.0]
10746,[1275,6229,8543,9292,9831,10433],[1.0,1.0,1.0,1.0,1.0,1.0]
10746,[1865,2899,5767,6457,7099,9523,9524,9972],[1.0,1.0,1.0,1.0,1.0,1.0,1.0,1.0]
10746,[822,2799,6426,7423,8917,9289,9632,10281],[1.0,1.0,1.0,1.0,1.0,1.0,1.0,1.0]
10746,[6457,6753],[1.0,1.0]
