10746,[2445,3136,4276,4294,4440,5785,7672,9748,10360],[1.0,1.0,1.0,1.0,1.0,1.0,1.0,1.0,1.0]
10746,[213,1652,2518,4055,4778,6060,7133,7937,9162,10152],[1.0,1.0,1.0,1.0,1.0,1.0,1.0,1.0,1.0,1.0]
10746,[2272,2876,7101,7381,7672],[1.0,1.0,1.0,1.0,1.0]
10746,[936,1005,2733,4405,4612,4686,5759,7467,9632],[1.0,1.0,1.0,1.0,1.0,1.0,1.0,1.0,1.0]
10746,[55,121,1665,4534,4686,5628,6002,6762],[1.0,1.0,1.0,1.0,1.0,1.0,1.0,1.0]
10746,[4407,4611,5328,5990,7506,9250,10068,10433],[1.0,1.0,1.0,1.0,1.0,1.0,1.0,1.0]
10746,[747,1237,4217,4534,9250,10433],[1.0,1.0,1.0,1.0,1.0,1.0]
10746,[1948,1992,3590,4332,4784,5494,10222,10716],[1.0,1.0,1.0,1.0,1.0,1.0,1.0,1.0]
10746,[3131,3136,4276,4534,6626,7502,7566],[1.0,1.0,1.0,1.0,1.0,1.0,1.0]
10746,[2419,2916,3651,4409,6164,7225,7672,9270,9730,10225],[1.0,1.0,1.0,1.0,1.0,1.0,1.0,1.0,1.0,1.0]
10746,[342,1084,2419,3457,4496,6335,7905,9407],[1.0,1.0,1.0,1.0,1.0,1.0,1.0,1.0]
10746,[1255,3457],[1.0,1.0]
