10746,[1513,3824,4440,4561,4953,7990,8773,10067],[1.0,1.0,1.0,1.0,1.0,1.0,1.0,1.0]
10746,[1513,2289,2518,3900,4778,10067,10152,10360],[1.0,1.0,1.0,1.0,1.0,1.0,1.0,1.0]
10746,[213,1870,2845,3788,4682,7011,7153,7339,8859],[1.0,1.0,1.0,1.0,1.0,1.0,1.0,1.0,1.0]
10746,[143,4217,5628,6229,6446,8114,9000,9491],[1.0,1.0,1.0,1.0,1.0,1.0,1.0,1.0]
10746,[365,1275,2596,5885,6295,7646,7826,8114,9903,10579],[1.0,1.0,1.0,1.0,1.0,1.0,1.0,1.0,1.0,1.0]
10746,[297,1255,2455,2618,2856,3075,4576,6050,7996,9379],[1.0,1.0,1.0,1.0,1.0,1.0,1.0,1.0,1.0,1.0]
10746,[2182,5940,6603,6750,7010,7838,9851],[1.0,1.0,1.0,1.0,1.0,1.0,1.0]
10746,[956,4191,4681,5820,6115,6295,9031,10536],[1.0,1.0,1.0,1.0,1.0,1.0,1.0,1.0]
10746,[567,1255,1412,2596,4217,4755,8280,9851],[1.0,1.0,1.0,1.0,1.0,1.0,1.0,1.0]
10746,[365,2618,3320,4205,4755,8114,8421],[1.0,1.0,1.0,1.0,1.0,1.0,1.0]
10746,[372,1411,1622,2640,4721,8114,8554,8630,9661],[1.0,1.0,1.0,1.0,1.0,1.0,1.0,1.0,1.0]
10746,[432,3075,3549,5730,6908,7338,7649,9524],[1.0,1.0,1.0,1.0,1.0,1.0,1.0,1.0]
10746,[1222,2571,3669,3824,5820,6938,7423,7826],[1.0,1.0,1.0,1.0,1.0,1.0,1.0,1.0]
10746,[3075,4705,7649,8582,8775,9129,9270,9632,9782,9948],[1.0,1.0,1.0,1.0,1.0,1.0,1.0,1.0,1.0,1.0]
10746,[4732,5501,5547,5928,6590,7165,7649,10536],[1.0,1.0,1.0,1.0,1.0,1.0,1.0,1.0]
10746,[463,718,7843,7886,9106,10617],[1.0,1.0,1.0,1.0,1.0,1.0]
10746,[1706,4117,6114,6615,7631,9270,9779,9892],[1.0,1.0,1.0,1.0,1.0,1.0,1.0,1.0]
10746,[395,1099,3545,4344,4672,8075],[1.0,1.0,1.0,1.0,1.0,1.0]
10746,[1910,4953,6806],[1.0,1.0,1.0]
