10746,[1801,3168,4440,4821,7306,8053,8476,10360],[1.0,1.0,1.0,1.0,1.0,1.0,1.0,1.0]
10746,[213,1652,2175,3168,3376,8629,9860,10463],[1.0,1.0,1.0,1.0,1.0,1.0,1.0,1.0]
10746,[936,941,2558,3501,6137,6434,7781,8148],[1.0,1.0,1.0,1.0,1.0,1.0,1.0,1.0]
10746,[186,4268,6002,7074,9298,9460,9465],[1.0,1.0,1.0,1.0,1.0,1.0,1.0]
10746,[774,1628,3365,5580,6530,7718,7913,9151],[1.0,1.0,1.0,1.0,1.0,1.0,1.0,1.0]
10746,[977,1255,2916,4186,7074,9595,10638],[1.0,1.0,1.0,1.0,1.0,1.0,1.0]
10746,[1706,2781,2916,3257,3515,7472,8280,9298],[1.0,1.0,1.0,1.0,1.0,1.0,1.0,1.0]
10746,[365,1588,1965,2455,2728,3592,5641,6241,9298],[1.0,1.0,1.0,1.0,1.0,1.0,1.0,1.0,1.0]
10746,[14,4804,4816,5396,5661,5885,9298],[1.0,1.0,1.0,1.0,1.0,1.0,1.0]
10746,[896,1588,1735,4534,5205,5641,5661,6175,7202,8650],[1.0,1.0,1.0,1.0,1.0,1.0,1.0,1.0,1.0,1.0]
10746,[1255,3885,6229,7205,7279,7602,8212,10086],[1.0,1.0,1.0,1.0,1.0,1.0,1.0,1.0]
10746,[365,902,1673,4534,5294,7531,8895],[1.0,1.0,1.0,1.0,1.0,1.0,1.0]
10746,[1706,1740,3426,3845,4066,7104,8694,9289],[1.0,1.0,1.0,1.0,1.0,1.0,1.0,1.0]
10746,[14,649,2325,2928,4244,6385,8070,8558,8582],[1.0,1.0,1.0,1.0,1.0,1.0,1.0,1.0,1.0]
10746,[121,2364,2455,2771,5263,5995,8495,10153],[1.0,1.0,1.0,1.0,1.0,1.0,1.0,1.0]
10746,[693,2533,3376,4995,6480,7234,8629,8784,9860],[1.0,1.0,1.0,1.0,1.0,1.0,1.0,1.0,1.0]
10746,[3318,5885,6819,6949,9015,9632,10153,10338],[1.0,1.0,1.0,1.0,1.0,1.0,1.0,1.0]
10746,[878,2530,4749,6349,6607,8114,8280,9298,9737],[1.0,1.0,1.0,1.0,1.0,1.0,1.0,1.0,1.0]
10746,[977,3388,4573,5181,8788,9657,10338],[1.0,1.0,1.0,1.0,1.0,1.0,1.0]
10746,[357,1275,2123,3239,3592,5328,6341,10338,10621],[1.0,1.0,1.0,1.0,1.0,1.0,1.0,1.0,1.0]
10746,[2131,4888,8053,9270],[1.0,1.0,1.0,1.0]
