10746,[158,838,1944,2346,3537,4405,4440,4550,7953],[1.0,1.0,1.0,1.0,1.0,1.0,1.0,1.0,1.0]
10746,[513,2651,3006,5868,6598,7478,7544,10326,10360],[1.0,1.0,1.0,1.0,1.0,1.0,1.0,1.0,1.0]
10746,[213,513,1162,3027,4954,8109,9117,10326],[1.0,1.0,1.0,1.0,1.0,1.0,1.0,1.0]
10746,[143,936,2146,3025,5390,6335,10714],[1.0,1.0,1.0,1.0,1.0,1.0,1.0]
10746,[356,838,1291,2916,3946,5966,8934,9249],[1.0,1.0,1.0,1.0,1.0,1.0,1.0,1.0]
10746,[902,2530,3007,8114,9337],[1.0,1.0,1.0,1.0,1.0]
10746,[838,1411,2123,2916,4280,4934,7874,9289],[1.0,1.0,1.0,1.0,1.0,1.0,1.0,1.0]
10746,[252,304,356,1706,6171,7083,7390,9708],[1.0,1.0,1.0,1.0,1.0,1.0,1.0,1.0]
10746,[1255,1310,1535,1817,2974,3677,6660,7890,9249,10307],[1.0,1.0,1.0,1.0,1.0,1.0,1.0,1.0,1.0,1.0]
10746,[567,838,1791,5069,7379,10353,10419],[1.0,1.0,1.0,1.0,1.0,1.0,1.0]
10746,[838,1364,2407,4511,4735,5946,7874,8280],[1.0,1.0,1.0,1.0,1.0,1.0,1.0,1.0]
10746,[325,3085,3216,3679,4405,4801,6649,8041,8280],[1.0,1.0,1.0,1.0,1.0,1.0,1.0,1.0,1.0]
10746,[549,1225,4217,4389,4885,7206,10068],[1.0,1.0,1.0,1.0,1.0,1.0,1.0]
10746,[126,356,436,1099,4599,5181,9270,9289,10131],[1.0,1.0,1.0,1.0,1.0,1.0,1.0,1.0,1.0]
10746,[252,1920,4217,4891,5325,6644,7381,9748],[1.0,1.0,1.0,1.0,1.0,1.0,1.0,1.0]
10746,[325,342,1342,2079,2325,3216,3515,3741,10745],[1.0,1.0,1.0,1.0,1.0,1.0,1.0,1.0,1.0]
10746,[5575],[1.0]
