10746,[217,806,1513,4440,4953,7990,8773,10067],[1.0,1.0,1.0,1.0,1.0,1.0,1.0,1.0]
10746,[1513,2518,4738,4778,6068,9632,10067,10152,10360],[1.0,1.0,1.0,1.0,1.0,1.0,1.0,1.0,1.0]
10746,[213,2289,2700,3900,4682,6063,7153,7339,8859,10067],[1.0,1.0,1.0,1.0,1.0,1.0,1.0,1.0,1.0,1.0]
10746,[2455,4227,4947,5099,8136,8642,9000,9491,9925],[1.0,1.0,1.0,1.0,1.0,1.0,1.0,1.0,1.0]
10746,[2240,2469,2549,3561,3651,5181,6295,6298,7103],[1.0,1.0,1.0,1.0,1.0,1.0,1.0,1.0,1.0]
10746,[2182,2618,3808,3845,6641,7658],[1.0,1.0,1.0,1.0,1.0,1.0]
10746,[977,2618,3808,4191,4848,7966,8991,9049],[1.0,1.0,1.0,1.0,1.0,1.0,1.0,1.0]
10746,[414,1255,2618,3800,3808,5202,7320,10190],[1.0,1.0,1.0,1.0,1.0,1.0,1.0,1.0]
10746,[2275,3865,4510,5604,5626,6063,6998,10082],[1.0,1.0,1.0,1.0,1.0,1.0,1.0,1.0]
10746,[175,902,1220,1275,2251,4534,4903,8729,9448,10375],[1.0,1.0,1.0,1.0,1.0,1.0,1.0,1.0,1.0,1.0]
10746,[143,956,3257,3426,6298,7552,7964,10419,10690],[1.0,1.0,1.0,1.0,1.0,1.0,1.0,1.0,1.0]
10746,[175,5928,8595,9237,9378,9851,10433,10714],[1.0,1.0,1.0,1.0,1.0,1.0,1.0,1.0]
10746,[119,661,4534,4611,6244,7610,8114,9365],[1.0,1.0,1.0,1.0,1.0,1.0,1.0,1.0]
10746,[4953,6869,9365,9639],[1.0,1.0,1.0,1.0]
