10746,[39,2531,3844,4440,6131,6753,10201],[1.0,1.0,1.0,1.0,1.0,1.0,1.0]
10746,[213,2518,4055,4778,4809,5017,7463,9865,10152,10360],[1.0,1.0,1.0,1.0,1.0,1.0,1.0,1.0,1.0,1.0]
10746,[2200,3277,3844,5090,5845,8540,9491,9996],[1.0,1.0,1.0,1.0,1.0,1.0,1.0,1.0]
10746,[372,936,1948,3502,4217,4632,5351,5592,10082],[1.0,1.0,1.0,1.0,1.0,1.0,1.0,1.0,1.0]
10746,[902,2916,5351,5592,7379,8114,9290,9871,10082],[1.0,1.0,1.0,1.0,1.0,1.0,1.0,1.0,1.0]
10746,[2916,4114,6492,7316,8729,9528,10381],[1.0,1.0,1.0,1.0,1.0,1.0,1.0]
10746,[544,1055,5641,7382,7826,9632,9841,10203,10528],[1.0,1.0,1.0,1.0,1.0,1.0,1.0,1.0,1.0]
10746,[381,822,956,3075,7182,9632,9648],[1.0,1.0,1.0,1.0,1.0,1.0,1.0]
10746,[2588,3603,4430,4671,5351,8698,10082],[1.0,1.0,1.0,1.0,1.0,1.0,1.0]
10746,[372,1438,5592,6335,7105,7419,9292,9298,10139],[1.0,1.0,1.0,1.0,1.0,1.0,1.0,1.0,1.0]
10746,[561,871,5692,6229,9851,10419],[1.0,1.0,1.0,1.0,1.0,1.0]
10746,[372,561,871,1626,5592,6341,6394,6753],[1.0,1.0,1.0,1.0,1.0,1.0,1.0,1.0]
