10746,[213,1316,3280,4440,5918,7031,8494,10560],[1.0,1.0,1.0,1.0,1.0,1.0,1.0,1.0]
10746,[936,3532,4387,6607,6979,7934,8323,10054,10397],[1.0,1.0,1.0,1.0,1.0,1.0,1.0,1.0,1.0]
10746,[1275,4883,7393,8114,8416,9049,9851,10082],[1.0,1.0,1.0,1.0,1.0,1.0,1.0,1.0]
10746,[143,3509,4059,4332,4344,5207,9708,9851,9871],[1.0,1.0,1.0,1.0,1.0,1.0,1.0,1.0,1.0]
10746,[51,1225,7331,8227,8602,8627],[1.0,1.0,1.0,1.0,1.0,1.0]
10746,[896,1869,2046,2351,3532,6335,7502,8729,9460],[1.0,1.0,1.0,1.0,1.0,1.0,1.0,1.0,1.0]
10746,[6601,7117,7877,8091,8114,8416,9595,10621],[1.0,1.0,1.0,1.0,1.0,1.0,1.0,1.0]
10746,[51,791,2596,4059,5792,6601,9322],[1.0,1.0,1.0,1.0,1.0,1.0,1.0]
10746,[2916,4219,7307,7316,7379,7643,8729,9049],[1.0,1.0,1.0,1.0,1.0,1.0,1.0,1.0]
10746,[172,878,2070,4642,5320,8145,8416,9693],[1.0,1.0,1.0,1.0,1.0,1.0,1.0,1.0]
10746,[3055,5954,6609,7769,8370,9595],[1.0,1.0,1.0,1.0,1.0,1.0]
10746,[869,2123,4059,4595,4883,5345],[1.0,1.0,1.0,1.0,1.0,1.0]
10746,[1291,1673,2169,2436,2618,4414,4883,9328,10222],[1.0,1.0,1.0,1.0,1.0,1.0,1.0,1.0,1.0]
10746,[2771,4059,4595,4883],[1.0,1.0,1.0,1.0]
10746,[3523,4059,4682,4883,5443,6609,10222],[1.0,1.0,1.0,1.0,1.0,1.0,1.0]
10746,[1099,2916,2997,4059,4595,6229,6304,6917],[1.0,1.0,1.0,1.0,1.0,1.0,1.0,1.0]
10746,[636,2916,4389,4883,9395,10205],[1.0,1.0,1.0,1.0,1.0,1.0]
10746,[4059,4414,6056,6394,7394,7869,8416],[1.0,1.0,1.0,1.0,1.0,1.0,1.0]
10746,[7010,7961,8073,9420],[1.0,1.0,1.0,1.0]
10746,[143,3502,4516,4755,6974,7379,10082,10508],[1.0,1.0,1.0,1.0,1.0,1.0,1.0,1.0]
10746,[4525,6229,7699,8895,9255,9430,9632,9773],[1.0,1.0,1.0,1.0,1.0,1.0,1.0,1.0]
10746,[3741,4405,5343,6938,9569,9632,9851],[1.0,1.0,1.0,1.0,1.0,1.0,1.0]
10746,[1144,4469,5345,7506,7813,7928,8416,9851],[1.0,1.0,1.0,1.0,1.0,1.0,1.0,1.0]
10746,[1438,1653,2088,2875,4611,5358,7643,9558],[1.0,1.0,1.0,1.0,1.0,1.0,1.0,1.0]
10746,[1493,3661,4121,6754,7902,8347],[1.0,1.0,1.0,1.0,1.0,1.0]
10746,[1066,1712,2455,3528,3985,4534,9262],[1.0,1.0,1.0,1.0,1.0,1.0,1.0]
10746,[987,2455,2916,4601,6229,6335,8602,8680,9102],[1.0,1.0,1.0,1.0,1.0,1.0,1.0,1.0,1.0]
10746,[55,852,2618,4059,4595,4883,8231],[1.0,1.0,1.0,1.0,1.0,1.0,1.0]
10746,[421,2828,4606,4650,7480,8595,9289,9460],[1.0,1.0,1.0,1.0,1.0,1.0,1.0,1.0]
10746,[878,3280,4191,4217,4954,6207,7774,9085],[1.0,1.0,1.0,1.0,1.0,1.0,1.0,1.0]
10746,[1079,2916,4074,5069,6371,8416,9575,10419],[1.0,1.0,1.0,1.0,1.0,1.0,1.0,1.0]
10746,[902,2455,6047,7073,8416,9289,9290,9632],[1.0,1.0,1.0,1.0,1.0,1.0,1.0,1.0]
10746,[686,1255,4074,5065,5819,7165,9639],[1.0,1.0,1.0,1.0,1.0,1.0,1.0]
10746,[1255,1726,3250,4671,5312,5819,9460],[1.0,1.0,1.0,1.0,1.0,1.0,1.0]
10746,[365,3532,6877,8114,8686,9460,9883],[1.0,1.0,1.0,1.0,1.0,1.0,1.0]
10746,[2916,4405,4606,5928,7390,7502,9332,9816,10139],[1.0,1.0,1.0,1.0,1.0,1.0,1.0,1.0,1.0]
10746,[55,245,1881,2916,4601,8138,9102,10358],[1.0,1.0,1.0,1.0,1.0,1.0,1.0,1.0]
10746,[2022,2509,3186,3426,7423,9085,9568,9871],[1.0,1.0,1.0,1.0,1.0,1.0,1.0,1.0]
10746,[506,1099,4287,5320,5855,7575,9049,9338],[1.0,1.0,1.0,1.0,1.0,1.0,1.0,1.0]
10746,[55,956,2123,2206,2916,5181,5496,10068],[1.0,1.0,1.0,1.0,1.0,1.0,1.0,1.0]
10746,[3528,3965,4595,7045,8917,9298,9816,10621],[1.0,1.0,1.0,1.0,1.0,1.0,1.0,1.0]
10746,[2126,2640,4228,4595,8114,10716],[1.0,1.0,1.0,1.0,1.0,1.0]
10746,[3669,4066,6159,6880,7338,7593,8729],[1.0,1.0,1.0,1.0,1.0,1.0,1.0]
10746,[2530,4595,7146,8114,8494,8935,8980,10251],[1.0,1.0,1.0,1.0,1.0,1.0,1.0,1.0]
10746,[1316,4757,5183,6626,7031,8114,10489],[1.0,1.0,1.0,1.0,1.0,1.0,1.0]
10746,[2530,2916,5033,5914,6394,6450,7031,8935],[1.0,1.0,1.0,1.0,1.0,1.0,1.0,1.0]
