10746,[681,3977,4440,4953,5710,6453],[1.0,1.0,1.0,1.0,1.0,1.0]
10746,[213,1652,2927,3536,5254,5820,7937,9377,10360],[1.0,1.0,1.0,1.0,1.0,1.0,1.0,1.0,1.0]
10746,[681,2518,3977,4682,4778,6634,7153,8859,10152],[1.0,1.0,1.0,1.0,1.0,1.0,1.0,1.0,1.0]
10746,[132,3295,4864,6500,7722,8407,9000],[1.0,1.0,1.0,1.0,1.0,1.0,1.0]
10746,[844,956,1255,1457,7926,9040,9546],[1.0,1.0,1.0,1.0,1.0,1.0,1.0]
10746,[637,902,3872,6556,6626,7662,8347,9863,10024,10222],[1.0,1.0,1.0,1.0,1.0,1.0,1.0,1.0,1.0,1.0]
10746,[2047,5533,6165,6172,7926,8673,9863],[1.0,1.0,1.0,1.0,1.0,1.0,1.0]
10746,[902,5763,6556,8114,8347,8729,8853,9289,9863],[1.0,1.0,1.0,1.0,1.0,1.0,1.0,1.0,1.0]
10746,[1433,4576,8470,9325,9633],[1.0,1.0,1.0,1.0,1.0]
10746,[456,1433,7699,7946],[1.0,1.0,1.0,1.0]
10746,[1851,2809,2960,2986,4066],[1.0,1.0,1.0,1.0,1.0]
10746,[507,4202,6500,7926,8463,9546,10139,10627],[1.0,1.0,1.0,1.0,1.0,1.0,1.0,1.0]
10746,[2493,2568,2769,4344,6325,7926,9325,9362],[1.0,1.0,1.0,1.0,1.0,1.0,1.0,1.0]
10746,[1902,3226,6749,9335,9633],[1.0,1.0,1.0,1.0,1.0]
10746,[507,2579,2986,5830,6616,9903,10139],[1.0,1.0,1.0,1.0,1.0,1.0,1.0]
10746,[526,902,3824,4965,5954,5983,6236,6532],[1.0,1.0,1.0,1.0,1.0,1.0,1.0,1.0]
10746,[141,1010,1599,3872,4888,4934,5723,9040],[1.0,1.0,1.0,1.0,1.0,1.0,1.0,1.0]
10746,[3732,3946,4888,6556,7926,8347,9994],[1.0,1.0,1.0,1.0,1.0,1.0,1.0]
10746,[1851,2986,3586,6616,10068,10483],[1.0,1.0,1.0,1.0,1.0,1.0]
10746,[956,2123,2579,5830,6616,8279,8729],[1.0,1.0,1.0,1.0,1.0,1.0,1.0]
10746,[2140,2927,3502,5710,8073,8729,10621],[1.0,1.0,1.0,1.0,1.0,1.0,1.0]
10746,[869,2823,2927,3502,5811,6022,8917,10714],[1.0,1.0,1.0,1.0,1.0,1.0,1.0,1.0]
10746,[143,372,902,1154,3089,3265,3850,6515,10264],[1.0,1.0,1.0,1.0,1.0,1.0,1.0,1.0,1.0]
10746,[1004,2927,3275,4042,5710,6067,10068],[1.0,1.0,1.0,1.0,1.0,1.0,1.0]
10746,[372,603,766,1315,3502,4042,7464],[1.0,1.0,1.0,1.0,1.0,1.0,1.0]
10746,[365,956,2916,2986,4239,4280,5928,7502,9270],[1.0,1.0,1.0,1.0,1.0,1.0,1.0,1.0,1.0]
10746,[902,1044,1291,1967,5089,7699,8347,9716],[1.0,1.0,1.0,1.0,1.0,1.0,1.0,1.0]
10746,[112,2123,4824,5994,7421,7926,10068],[1.0,1.0,1.0,1.0,1.0,1.0,1.0]
10746,[486,1099,4202,4576,5328,7518,8090,9632,10627],[1.0,1.0,1.0,1.0,1.0,1.0,1.0,1.0,1.0]
10746,[1154,4944,6295,9436,9448],[1.0,1.0,1.0,1.0,1.0]
