10746,[2200,3277,4440,5090,5845,9491,9972,9996],[1.0,1.0,1.0,1.0,1.0,1.0,1.0,1.0]
10746,[213,1237,2518,3277,4778,5820,7937,8635,9632,10360],[1.0,1.0,1.0,1.0,1.0,1.0,1.0,1.0,1.0,1.0]
10746,[2200,3277,3844,5358,6753,9491,9996,10152,10463],[1.0,1.0,1.0,1.0,1.0,1.0,1.0,1.0,1.0]
10746,[39,936,2200,3844,5090,6131,6753,9996,10201],[1.0,1.0,1.0,1.0,1.0,1.0,1.0,1.0,1.0]
10746,[896,936,1376,3277,4534,5090,5845,8638,9491,9953],[1.0,1.0,1.0,1.0,1.0,1.0,1.0,1.0,1.0,1.0]
10746,[529,1376,2182,6547,8638,10082,10422],[1.0,1.0,1.0,1.0,1.0,1.0,1.0]
10746,[299,902,1099,2162,6547,6603,9289,10507],[1.0,1.0,1.0,1.0,1.0,1.0,1.0,1.0]
10746,[902,1099,1437,2425,4405,5564,6047,7502],[1.0,1.0,1.0,1.0,1.0,1.0,1.0,1.0]
10746,[1437,2493,4868,6229,6547,7506,9939],[1.0,1.0,1.0,1.0,1.0,1.0,1.0]
10746,[1475,2087,4113,8280,8941,9084],[1.0,1.0,1.0,1.0,1.0,1.0]
10746,[2492,2618,3438,4191,4545,4716,5641,7390,8638,9270],[1.0,1.0,1.0,1.0,1.0,1.0,1.0,1.0,1.0,1.0]
10746,[2162,2493,3426,4534,5197,6547,10336],[1.0,1.0,1.0,1.0,1.0,1.0,1.0]
10746,[956,2909,7191,7310,9379,9796,10336],[1.0,1.0,1.0,1.0,1.0,1.0,1.0]
10746,[143,3556,4921,7421,8041,9808,9831],[1.0,1.0,1.0,1.0,1.0,1.0,1.0]
10746,[953,1067,2126,3102,5564,6819,7421,10253],[1.0,1.0,1.0,1.0,1.0,1.0,1.0,1.0]
10746,[3651,4205,4486,5592,6229,6547,9728],[1.0,1.0,1.0,1.0,1.0,1.0,1.0]
10746,[1920,3070,5304,5628,6335,8991,9831],[1.0,1.0,1.0,1.0,1.0,1.0,1.0]
10746,[172,357,844,956,3426,3433,6229],[1.0,1.0,1.0,1.0,1.0,1.0,1.0]
10746,[2916,3433,5304,6229,8991,9831,10056],[1.0,1.0,1.0,1.0,1.0,1.0,1.0]
10746,[172,3732,4092,5304,6047,9851,10125],[1.0,1.0,1.0,1.0,1.0,1.0,1.0]
10746,[14,661,747,896,2022,3596,3651,10086],[1.0,1.0,1.0,1.0,1.0,1.0,1.0,1.0]
10746,[4211,6229,6330,6547,8638,9903,10222,10310,10507],[1.0,1.0,1.0,1.0,1.0,1.0,1.0,1.0,1.0]
10746,[1261,2934,4259,4332,5304,6547,8595],[1.0,1.0,1.0,1.0,1.0,1.0,1.0]
10746,[2074,4188,5304,5525,6603,6666,9292,9831,9851],[1.0,1.0,1.0,1.0,1.0,1.0,1.0,1.0,1.0]
10746,[712,844,956,3433,6335,7379,8114,8991,9851],[1.0,1.0,1.0,1.0,1.0,1.0,1.0,1.0,1.0]
10746,[956,3651,4114,4854,6098,7877],[1.0,1.0,1.0,1.0,1.0,1.0]
10746,[2751,3257,6119,6471,7649,8002,8114,9292],[1.0,1.0,1.0,1.0,1.0,1.0,1.0,1.0]
10746,[22,4191,4650,6847,8942,9384,9676,9851,10082,10341],[1.0,1.0,1.0,1.0,1.0,1.0,1.0,1.0,1.0,1.0]
10746,[463,4191,4349,5304,7515,10222,10621],[1.0,1.0,1.0,1.0,1.0,1.0,1.0]
10746,[2123,4191,6547,9270,9523,9972,10507],[1.0,1.0,1.0,1.0,1.0,1.0,1.0]
10746,[463,4611,4868,6819,7515,9972],[1.0,1.0,1.0,1.0,1.0,1.0]
10746,[902,4066,5142,5197,5207,5304,5564,6229,9298,9555],[1.0,1.0,1.0,1.0,1.0,1.0,1.0,1.0,1.0,1.0]
10746,[285,1150,3545,4217,5320],[1.0,1.0,1.0,1.0,1.0]
10746,[172,902,2518,4405,4534,8216,9328],[1.0,1.0,1.0,1.0,1.0,1.0,1.0]
10746,[350,4585,6335,7205,7317,8114,9270,9632,10621,10714],[1.0,1.0,1.0,1.0,1.0,1.0,1.0,1.0,1.0,1.0]
10746,[816,896,2737,4405,4534,4888,6547,9040,9328],[1.0,1.0,1.0,1.0,1.0,1.0,1.0,1.0,1.0]
10746,[146,1657,1965,2123,3859,4149,5701,8041],[1.0,1.0,1.0,1.0,1.0,1.0,1.0,1.0]
10746,[2156,4188,6229,8257,10621],[1.0,1.0,1.0,1.0,1.0]
10746,[285,902,1150,3514,3538,5142],[1.0,1.0,1.0,1.0,1.0,1.0]
10746,[1099,3545,4217,4405,4534,5320,8216,9328,10621],[1.0,1.0,1.0,1.0,1.0,1.0,1.0,1.0,1.0]
10746,[112,874,1053,3327,5181,8554,10621],[1.0,1.0,1.0,1.0,1.0,1.0,1.0]
10746,[498,844,956,4349,5304,6335,8991,9831],[1.0,1.0,1.0,1.0,1.0,1.0,1.0,1.0]
10746,[126,1706,6335,7843,9851,9939],[1.0,1.0,1.0,1.0,1.0,1.0]
10746,[5845,7843,9851,9939],[1.0,1.0,1.0,1.0]
