10746,[1310,2144,4440,5442,6022,6758,8403,9542],[1.0,1.0,1.0,1.0,1.0,1.0,1.0,1.0]
10746,[2144,2518,4778,5442,7254,8389,10152,10360],[1.0,1.0,1.0,1.0,1.0,1.0,1.0,1.0]
10746,[213,1304,1652,3128,4274,5293,5512,6294,9160],[1.0,1.0,1.0,1.0,1.0,1.0,1.0,1.0,1.0]
10746,[936,1085,2455,3270,4239,7106,7506,10419],[1.0,1.0,1.0,1.0,1.0,1.0,1.0,1.0]
10746,[1085,3270,3545,4165,4534,5241,7316,9270],[1.0,1.0,1.0,1.0,1.0,1.0,1.0,1.0]
10746,[1121,2103,2708,4465,5561,7112,7352,7390,10716],[1.0,1.0,1.0,1.0,1.0,1.0,1.0,1.0,1.0]
10746,[2123,4217,4534,4888,8114],[1.0,1.0,1.0,1.0,1.0]
10746,[3846,4239,4888,6524,9338,9476,10561,10591],[1.0,1.0,1.0,1.0,1.0,1.0,1.0,1.0]
10746,[4217,5301,5939,5972,8086,8899,9407,10624],[1.0,1.0,1.0,1.0,1.0,1.0,1.0,1.0]
10746,[859,5215,5972,6035,6229,6676,8398,9973],[1.0,1.0,1.0,1.0,1.0,1.0,1.0,1.0]
10746,[1786,2411,4611,4795,4944,7384,8398,10554],[1.0,1.0,1.0,1.0,1.0,1.0,1.0,1.0]
10746,[736,822,1535,2708,3070,5314,6400,9784],[1.0,1.0,1.0,1.0,1.0,1.0,1.0,1.0]
10746,[365,952,1535,2207,3841,5972,6035,6229],[1.0,1.0,1.0,1.0,1.0,1.0,1.0,1.0]
10746,[1706,1864,3075,4351,6035,6229,7340,9056],[1.0,1.0,1.0,1.0,1.0,1.0,1.0,1.0]
10746,[204,3586,4205,4223,5301,5891,6690,7423],[1.0,1.0,1.0,1.0,1.0,1.0,1.0,1.0]
10746,[2500,3545,7898,8032,8676],[1.0,1.0,1.0,1.0,1.0]
10746,[2916,4165,5592,5838,7117,8114,9314,10164],[1.0,1.0,1.0,1.0,1.0,1.0,1.0,1.0]
10746,[603,3094,6518,8649,9185,9973],[1.0,1.0,1.0,1.0,1.0,1.0]
10746,[11,125,143,356,365,5985,7903,8700,9025,9273],[1.0,1.0,1.0,1.0,1.0,1.0,1.0,1.0,1.0,1.0]
10746,[3501,4274,5118,6294,7829,9160],[1.0,1.0,1.0,1.0,1.0,1.0]
