10746,[2951,3206,3879,4440,4707,6457,7318,10150,10407],[1.0,1.0,1.0,1.0,1.0,1.0,1.0,1.0,1.0]
10746,[463,2029,4534,7074,7813,9632,9972,10360,10445],[1.0,1.0,1.0,1.0,1.0,1.0,1.0,1.0,1.0]
10746,[213,1652,3146,6235,6604,8266,8299,9000,10463],[1.0,1.0,1.0,1.0,1.0,1.0,1.0,1.0,1.0]
10746,[936,1175,1317,2467,2953,3422,9130,10463,10658],[1.0,1.0,1.0,1.0,1.0,1.0,1.0,1.0,1.0]
10746,[464,4707,5820,6257,8398,9988,10222],[1.0,1.0,1.0,1.0,1.0,1.0,1.0]
10746,[956,1099,1275,3082,3596,4707,5022,5142],[1.0,1.0,1.0,1.0,1.0,1.0,1.0,1.0]
10746,[51,1192,1275,4671,4888,7502,8280],[1.0,1.0,1.0,1.0,1.0,1.0,1.0]
10746,[3082,7084,9298,9978,9988],[1.0,1.0,1.0,1.0,1.0]
10746,[1533,5817,5820,6257,7423,7980,9988,10398],[1.0,1.0,1.0,1.0,1.0,1.0,1.0,1.0]
10746,[1211,3257,3850,3875,7980,10078,10266],[1.0,1.0,1.0,1.0,1.0,1.0,1.0]
10746,[1277,2291,3965,5820,6257,7593,9448,9988],[1.0,1.0,1.0,1.0,1.0,1.0,1.0,1.0]
10746,[1255,3586,4534,4707,4843,6047,7423,7980,10222,10645],[1.0,1.0,1.0,1.0,1.0,1.0,1.0,1.0,1.0,1.0]
10746,[3590,4707,5641,7502,9851,10621],[1.0,1.0,1.0,1.0,1.0,1.0]
10746,[1099,5939,10203,10419,10621],[1.0,1.0,1.0,1.0,1.0]
10746,[4534,4707,5102,8582,8748,10203,10419],[1.0,1.0,1.0,1.0,1.0,1.0,1.0]
10746,[2182,3106,3590,3965,4895,9528,9988],[1.0,1.0,1.0,1.0,1.0,1.0,1.0]
10746,[2291,2986,4534,4707,4843,5877,6053,6969,7593,9988],[1.0,1.0,1.0,1.0,1.0,1.0,1.0,1.0,1.0,1.0]
10746,[4707,5159,5181,6170,6457,10139],[1.0,1.0,1.0,1.0,1.0,1.0]
10746,[1619,4331,4707,5580,9137,9988],[1.0,1.0,1.0,1.0,1.0,1.0]
10746,[14,6457,6603,6952,7593,9702,9851],[1.0,1.0,1.0,1.0,1.0,1.0,1.0]
10746,[51,869,1255,4468,4597,4707,7084,7806],[1.0,1.0,1.0,1.0,1.0,1.0,1.0,1.0]
10746,[2955,3257,6109,6756,7080,7817,8271,10150,10407,10563],[1.0,1.0,1.0,1.0,1.0,1.0,1.0,1.0,1.0,1.0]
10746,[2216,3906,5334,6229,8600],[1.0,1.0,1.0,1.0,1.0]
