10746,[2493,3136,4276,4440,4961,5785,7506,7672,9973],[1.0,1.0,1.0,1.0,1.0,1.0,1.0,1.0,1.0]
10746,[1310,1652,2445,4055,9025,9162,9632,10091,10360],[1.0,1.0,1.0,1.0,1.0,1.0,1.0,1.0,1.0]
10746,[213,2272,2518,2876,4778,6060,7133,7672,7937,10152],[1.0,1.0,1.0,1.0,1.0,1.0,1.0,1.0,1.0,1.0]
10746,[936,2272,2876,3669,7101,7381],[1.0,1.0,1.0,1.0,1.0,1.0]
10746,[13,631,747,838,2238,4217,5820,6341,8614],[1.0,1.0,1.0,1.0,1.0,1.0,1.0,1.0,1.0]
10746,[560,1706,4376,5146,9433,10327],[1.0,1.0,1.0,1.0,1.0,1.0]
10746,[121,869,2530,5146,5661,9270,9748,10327],[1.0,1.0,1.0,1.0,1.0,1.0,1.0,1.0]
10746,[112,121,2123,3545,4191,4611,6479,6547,9555],[1.0,1.0,1.0,1.0,1.0,1.0,1.0,1.0,1.0]
10746,[168,2123,2530,4888,5877,6335,8595,9851,10137],[1.0,1.0,1.0,1.0,1.0,1.0,1.0,1.0,1.0]
10746,[168,2123,2618,5592,5937,6172,9270],[1.0,1.0,1.0,1.0,1.0,1.0,1.0]
10746,[1291,2472,2530,4331,5990,7079,9724,10024],[1.0,1.0,1.0,1.0,1.0,1.0,1.0,1.0]
10746,[121,838,2162,3050,5135,6374,9165,9433,9528],[1.0,1.0,1.0,1.0,1.0,1.0,1.0,1.0,1.0]
10746,[788,1463,4332,4445,5299,6080,7279,9776],[1.0,1.0,1.0,1.0,1.0,1.0,1.0,1.0]
10746,[121,631,747,1706,3415,4217,4603,8935,9433,9599],[1.0,1.0,1.0,1.0,1.0,1.0,1.0,1.0,1.0,1.0]
10746,[3131,3136,4276,4534,6626,7381,7502,7566,9748],[1.0,1.0,1.0,1.0,1.0,1.0,1.0,1.0,1.0]
10746,[2916,3651,4409,4534,6164,7672,9270,9730,10225],[1.0,1.0,1.0,1.0,1.0,1.0,1.0,1.0,1.0]
10746,[342,1084,2419,3457,4496,7225,7905],[1.0,1.0,1.0,1.0,1.0,1.0,1.0]
10746,[1255,3457,6335,9407],[1.0,1.0,1.0,1.0]
