10746,[451,1706,2245,3093,4440,6003,6220,8790],[1.0,1.0,1.0,1.0,1.0,1.0,1.0,1.0]
10746,[813,4329,4895,6005,6763,7547,7757,8976,9988,10360],[1.0,1.0,1.0,1.0,1.0,1.0,1.0,1.0,1.0,1.0]
10746,[208,213,2518,3093,4299,4778,6220,9491,10152],[1.0,1.0,1.0,1.0,1.0,1.0,1.0,1.0,1.0]
10746,[15,52,208,578,3006,4299,9491],[1.0,1.0,1.0,1.0,1.0,1.0,1.0]
10746,[936,2615,5293,5911,7039,7572,8432,8661],[1.0,1.0,1.0,1.0,1.0,1.0,1.0,1.0]
10746,[812,2240,2447,3070,7470,7869,9102,10433,10627],[1.0,1.0,1.0,1.0,1.0,1.0,1.0,1.0,1.0]
10746,[451,4389,4525,4549,4804,5641,9273,10048],[1.0,1.0,1.0,1.0,1.0,1.0,1.0,1.0]
10746,[3111,8961,9377,9632,10024,10161,10621,10626],[1.0,1.0,1.0,1.0,1.0,1.0,1.0,1.0]
10746,[1529,2618,3111,4552,5167,5418,6050,9632,9851],[1.0,1.0,1.0,1.0,1.0,1.0,1.0,1.0,1.0]
10746,[14,3073,4552,4625,5537,7379,10621],[1.0,1.0,1.0,1.0,1.0,1.0,1.0]
10746,[2079,3549,4679,4755,6229,7882,9776],[1.0,1.0,1.0,1.0,1.0,1.0,1.0]
10746,[451,812,1283,1706,4807,7308,9724,10617],[1.0,1.0,1.0,1.0,1.0,1.0,1.0,1.0]
10746,[248,878,1386,2708,3442,5224,8041],[1.0,1.0,1.0,1.0,1.0,1.0,1.0]
10746,[451,1132,1548,3545,6167,7379,7502,8729,9575],[1.0,1.0,1.0,1.0,1.0,1.0,1.0,1.0,1.0]
10746,[365,463,812,2427,2503,2976,7266,10024],[1.0,1.0,1.0,1.0,1.0,1.0,1.0,1.0]
10746,[248,2530,2976,4525,9289,9632,10627],[1.0,1.0,1.0,1.0,1.0,1.0,1.0]
10746,[365,561,1540,3426,8300,9009,9184,9851,10682],[1.0,1.0,1.0,1.0,1.0,1.0,1.0,1.0,1.0]
10746,[15,578,896,2916,3284,8245,8790,9580],[1.0,1.0,1.0,1.0,1.0,1.0,1.0,1.0]
10746,[447,4891,5893,7117,10068],[1.0,1.0,1.0,1.0,1.0]
10746,[1830,1966,2123,2840,3093,4576,5986,6220],[1.0,1.0,1.0,1.0,1.0,1.0,1.0,1.0]
10746,[2455,3741,4217,4726,8580,8729,9675,10419],[1.0,1.0,1.0,1.0,1.0,1.0,1.0,1.0]
10746,[848],[1.0]
