10746,[11,1310,3501,4440,5118,6022,7829,8700],[1.0,1.0,1.0,1.0,1.0,1.0,1.0,1.0]
10746,[213,1304,1652,2144,3501,3979,6758,7254,10360],[1.0,1.0,1.0,1.0,1.0,1.0,1.0,1.0,1.0]
10746,[936,2144,4274,5442,6294,8403,9160,9542],[1.0,1.0,1.0,1.0,1.0,1.0,1.0,1.0]
10746,[936,1085,2455,3128,3270,4239,5293,7506,10419],[1.0,1.0,1.0,1.0,1.0,1.0,1.0,1.0,1.0]
10746,[1085,3270,3545,4165,4534,5241,7106],[1.0,1.0,1.0,1.0,1.0,1.0,1.0]
10746,[1121,2708,4465,5561,7112,7316,7352,7390,9270],[1.0,1.0,1.0,1.0,1.0,1.0,1.0,1.0,1.0]
10746,[2103,4217,4534,4888,8114,10716],[1.0,1.0,1.0,1.0,1.0,1.0]
10746,[2123,4239,4888,6524,9338,9476,10561,10591],[1.0,1.0,1.0,1.0,1.0,1.0,1.0,1.0]
10746,[1864,3075,3846,4217,5301,5939,8086,9056],[1.0,1.0,1.0,1.0,1.0,1.0,1.0,1.0]
10746,[1706,3586,4205,4223,5301,5891,6690,7423],[1.0,1.0,1.0,1.0,1.0,1.0,1.0,1.0]
10746,[204,2500,3545,7898,8032,8676],[1.0,1.0,1.0,1.0,1.0,1.0]
10746,[2916,5592,5838,8114,9314,10164],[1.0,1.0,1.0,1.0,1.0,1.0]
10746,[603,3094,4165,7117,8649,9185],[1.0,1.0,1.0,1.0,1.0,1.0]
10746,[365,4165,4294,6518,7833,9025,9290,9973],[1.0,1.0,1.0,1.0,1.0,1.0,1.0,1.0]
10746,[603,3094,3262,6676,8574,8649,9185],[1.0,1.0,1.0,1.0,1.0,1.0,1.0]
10746,[4202,4338,7634,9290,9632,9973],[1.0,1.0,1.0,1.0,1.0,1.0]
10746,[902,2493,4202,4338,8310],[1.0,1.0,1.0,1.0,1.0]
10746,[956,2771,4205,5301,6229,6676,8114,8574,9973],[1.0,1.0,1.0,1.0,1.0,1.0,1.0,1.0,1.0]
10746,[432,1210,2771,3867,7343,9185,9939],[1.0,1.0,1.0,1.0,1.0,1.0,1.0]
10746,[11,1862,2509,3713,4165,6366,6762,8700],[1.0,1.0,1.0,1.0,1.0,1.0,1.0,1.0]
10746,[3501,5118,7829],[1.0,1.0,1.0]
