10746,[1754,3282,3993,4616,6495,6502,6528,7536,8867],[1.0,1.0,1.0,1.0,1.0,1.0,1.0,1.0,1.0]
10746,[1237,2200,3277,4440,5090,5279,8635,9491,9996],[1.0,1.0,1.0,1.0,1.0,1.0,1.0,1.0,1.0]
10746,[2200,3277,3844,5090,5358,5845,9491,9996],[1.0,1.0,1.0,1.0,1.0,1.0,1.0,1.0]
10746,[2632,3112,3277,5279,9113,9491],[1.0,1.0,1.0,1.0,1.0,1.0]
10746,[3277,3844,5279,5358,9113,9491,10360],[1.0,1.0,1.0,1.0,1.0,1.0,1.0]
10746,[213,2200,2518,3277,4778,5358,9491,9996,10152,10463],[1.0,1.0,1.0,1.0,1.0,1.0,1.0,1.0,1.0,1.0]
10746,[39,936,3844,6131,6753,10201],[1.0,1.0,1.0,1.0,1.0,1.0]
10746,[936,2200,3277,5090,5845,6167,6401,9491,9996],[1.0,1.0,1.0,1.0,1.0,1.0,1.0,1.0,1.0]
10746,[822,1291,1588,6457,6547,6753,9595,10201],[1.0,1.0,1.0,1.0,1.0,1.0,1.0,1.0]
10746,[2238,4405,4420,6457,8673,8907,9289],[1.0,1.0,1.0,1.0,1.0,1.0,1.0]
10746,[822,2043,2493,2874,5244,6298,6394,7095],[1.0,1.0,1.0,1.0,1.0,1.0,1.0,1.0]
10746,[273,2043,2874,4888,6457,7572,8630],[1.0,1.0,1.0,1.0,1.0,1.0,1.0]
10746,[822,1098,2916,3224,3514,3545,4534,4606],[1.0,1.0,1.0,1.0,1.0,1.0,1.0,1.0]
10746,[1098,2071,4534,7843],[1.0,1.0,1.0,1.0]
10746,[2260,3144,4405,5592,5978,6335,8851,9292,10284],[1.0,1.0,1.0,1.0,1.0,1.0,1.0,1.0,1.0]
10746,[1098,1411,2708,4258,4405,6229,6335,8934],[1.0,1.0,1.0,1.0,1.0,1.0,1.0,1.0]
10746,[501,758,2447,4205,4420,5845,6167,7379,9256],[1.0,1.0,1.0,1.0,1.0,1.0,1.0,1.0,1.0]
