10746,[2200,3277,4440,5090,5845,6626,9491,9996],[1.0,1.0,1.0,1.0,1.0,1.0,1.0,1.0]
10746,[213,654,806,1310,2455,2518,3277,4778,10152,10360],[1.0,1.0,1.0,1.0,1.0,1.0,1.0,1.0,1.0,1.0]
10746,[513,2200,3277,3864,9491,9996,10326,10463],[1.0,1.0,1.0,1.0,1.0,1.0,1.0,1.0]
10746,[936,2200,3277,5090,5279,8153,9113,9491,10326,10463],[1.0,1.0,1.0,1.0,1.0,1.0,1.0,1.0,1.0,1.0]
10746,[936,1310,3277,5090,5845,7898,7930,8280,9491,9996],[1.0,1.0,1.0,1.0,1.0,1.0,1.0,1.0,1.0,1.0]
10746,[956,2737,3216,3651,4533,4603,5181,9738,10151,10419],[1.0,1.0,1.0,1.0,1.0,1.0,1.0,1.0,1.0,1.0]
10746,[223,356,4215,5845,6303,9213,10177],[1.0,1.0,1.0,1.0,1.0,1.0,1.0]
10746,[365,1700,3290,3864,5592,7033,9460,9555,9883],[1.0,1.0,1.0,1.0,1.0,1.0,1.0,1.0,1.0]
10746,[59,2069,2708,2799,5522,7328,9292,9903],[1.0,1.0,1.0,1.0,1.0,1.0,1.0,1.0]
10746,[607,3089,4215,5639,7877,8041,8114,9595,10433],[1.0,1.0,1.0,1.0,1.0,1.0,1.0,1.0,1.0]
10746,[1488,2182,5328,6341,7295,7930,8939,9632,10621],[1.0,1.0,1.0,1.0,1.0,1.0,1.0,1.0,1.0]
10746,[836,1310,2751,6257,6626,7677,9851,10665],[1.0,1.0,1.0,1.0,1.0,1.0,1.0,1.0]
10746,[344,365,633,1299,1411,4388,5779,8165,9903],[1.0,1.0,1.0,1.0,1.0,1.0,1.0,1.0,1.0]
10746,[1234,2737,5505,7296,7506,9738,9903],[1.0,1.0,1.0,1.0,1.0,1.0,1.0]
10746,[1535,2618,3866,4533,4576,5205,7296,8917,9738,10139],[1.0,1.0,1.0,1.0,1.0,1.0,1.0,1.0,1.0,1.0]
10746,[957,3513,4681,5044,7325,7930,10203,10419],[1.0,1.0,1.0,1.0,1.0,1.0,1.0,1.0]
10746,[1488,4789,7295,7379,7930,8939,9029,9851],[1.0,1.0,1.0,1.0,1.0,1.0,1.0,1.0]
10746,[1535,1920,2447,2708,4691,4891,4998,5314,6335,9569],[1.0,1.0,1.0,1.0,1.0,1.0,1.0,1.0,1.0,1.0]
10746,[172,365,869,1706,5001,5294,5845,6341],[1.0,1.0,1.0,1.0,1.0,1.0,1.0,1.0]
