10746,[654,4405,4440,4722,5373,7953,8022],[1.0,1.0,1.0,1.0,1.0,1.0,1.0]
10746,[213,513,838,1749,3244,5373,7153,7979,10326,10360],[1.0,1.0,1.0,1.0,1.0,1.0,1.0,1.0,1.0,1.0]
10746,[654,936,1099,3669,3864,4516,7506,10326],[1.0,1.0,1.0,1.0,1.0,1.0,1.0,1.0]
10746,[654,1310,2185,2324,2623,8476,9213,9290,9874],[1.0,1.0,1.0,1.0,1.0,1.0,1.0,1.0,1.0]
10746,[463,1310,3442,4336,7955,8621,8936],[1.0,1.0,1.0,1.0,1.0,1.0,1.0]
10746,[758,1299,4336,5988,7363,7768,7955,9632,10222],[1.0,1.0,1.0,1.0,1.0,1.0,1.0,1.0,1.0]
10746,[869,966,2515,3741,7768,8630,9632],[1.0,1.0,1.0,1.0,1.0,1.0,1.0]
10746,[1535,1983,2923,3097,4683,7229,7579,8951,9237],[1.0,1.0,1.0,1.0,1.0,1.0,1.0,1.0,1.0]
10746,[1706,1775,2618,5518,7581,7768,7955],[1.0,1.0,1.0,1.0,1.0,1.0,1.0]
10746,[806,1005,1110,5022,5144,8631,9159,10203,10419],[1.0,1.0,1.0,1.0,1.0,1.0,1.0,1.0,1.0]
10746,[172,806,1110,5053,6597,7506,9851],[1.0,1.0,1.0,1.0,1.0,1.0,1.0]
10746,[1367,4191,4256,4416,5205,5730,7382,8476],[1.0,1.0,1.0,1.0,1.0,1.0,1.0,1.0]
10746,[109,685,756,822,1693,4191,8895,9632,9786],[1.0,1.0,1.0,1.0,1.0,1.0,1.0,1.0,1.0]
10746,[237,1683,5181,5595,6601,7693,7762,8255,8899,9990],[1.0,1.0,1.0,1.0,1.0,1.0,1.0,1.0,1.0,1.0]
10746,[1099,4534,6387,6628,8255,8647,9851,10082],[1.0,1.0,1.0,1.0,1.0,1.0,1.0,1.0]
10746,[150,7955,8114,8255,9851],[1.0,1.0,1.0,1.0,1.0]
10746,[806,4040,4405,4499,6002,6497,7907,9665],[1.0,1.0,1.0,1.0,1.0,1.0,1.0,1.0]
10746,[94,172,290,747,2455,4281,5983,7379],[1.0,1.0,1.0,1.0,1.0,1.0,1.0,1.0]
10746,[4191,4722,6035,8114,8621],[1.0,1.0,1.0,1.0,1.0]
