10746,[513,654,3864,4440,8022,10326],[1.0,1.0,1.0,1.0,1.0,1.0]
10746,[213,1652,3261,3283,4955,5622,10360,10463,10722],[1.0,1.0,1.0,1.0,1.0,1.0,1.0,1.0,1.0]
10746,[936,3283,4143,4485,5897,10326,10463,10722],[1.0,1.0,1.0,1.0,1.0,1.0,1.0,1.0]
10746,[206,513,936,3864,5641,10326],[1.0,1.0,1.0,1.0,1.0,1.0]
10746,[356,1099,4650,6342,9118,9438,9891],[1.0,1.0,1.0,1.0,1.0,1.0,1.0]
10746,[2455,3426,4534,6317,7306,7646,9270,10419,10714],[1.0,1.0,1.0,1.0,1.0,1.0,1.0,1.0,1.0]
10746,[356,654,4159,4344,4848,8041,9019,9632],[1.0,1.0,1.0,1.0,1.0,1.0,1.0,1.0]
10746,[2114,4424,6342,7506,8630,9118,9438,9891,10433,10617],[1.0,1.0,1.0,1.0,1.0,1.0,1.0,1.0,1.0,1.0]
10746,[1173,2114,3638,7744,8114,9118,9438,9891],[1.0,1.0,1.0,1.0,1.0,1.0,1.0,1.0]
10746,[356,838,1099,1310,6042,6135,8231,8729,9118],[1.0,1.0,1.0,1.0,1.0,1.0,1.0,1.0,1.0]
10746,[252,806,1681,1706,2899,5181,9776,10433],[1.0,1.0,1.0,1.0,1.0,1.0,1.0,1.0]
10746,[654,806,1310,2114,4159,4643,5641,7218,8606,9019],[1.0,1.0,1.0,1.0,1.0,1.0,1.0,1.0,1.0,1.0]
10746,[469,2074,2640,4405,5154,5320,7917],[1.0,1.0,1.0,1.0,1.0,1.0,1.0]
10746,[2074,2492,5154,5244,7844,10433,10621],[1.0,1.0,1.0,1.0,1.0,1.0,1.0]
10746,[703,2493,2919,5328,6229,7338,8908,10433,10554],[1.0,1.0,1.0,1.0,1.0,1.0,1.0,1.0,1.0]
10746,[2919,3754,4092,6335],[1.0,1.0,1.0,1.0]
10746,[3864],[1.0]
