10746,[2200,3277,4440,5090,5845,9491,9972,9996],[1.0,1.0,1.0,1.0,1.0,1.0,1.0,1.0]
10746,[213,1237,2518,3277,4778,5820,7937,8635,9632,10360],[1.0,1.0,1.0,1.0,1.0,1.0,1.0,1.0,1.0,1.0]
10746,[2200,3277,3844,5358,6753,9491,9996,10152,10463],[1.0,1.0,1.0,1.0,1.0,1.0,1.0,1.0,1.0]
10746,[39,936,2200,3844,5090,6131,6753,9996,10201],[1.0,1.0,1.0,1.0,1.0,1.0,1.0,1.0,1.0]
10746,[936,3277,5090,5196,5845,6335,9281,9491,10068],[1.0,1.0,1.0,1.0,1.0,1.0,1.0,1.0,1.0]
10746,[2333,6002,6335,7843,8729,9420,10068],[1.0,1.0,1.0,1.0,1.0,1.0,1.0]
10746,[2780,4332,5079,5983,7506,9328,10438],[1.0,1.0,1.0,1.0,1.0,1.0,1.0]
10746,[3390,4534,6125,6229,6335,6547,8638,10507],[1.0,1.0,1.0,1.0,1.0,1.0,1.0,1.0]
10746,[14,436,2780,4159,5564,5894,6547,10621],[1.0,1.0,1.0,1.0,1.0,1.0,1.0,1.0]
10746,[2123,2596,4159,5294,5885,6547,7084,8114,8630],[1.0,1.0,1.0,1.0,1.0,1.0,1.0,1.0,1.0]
10746,[3523,3813,4191,6394,8226,10281,10438],[1.0,1.0,1.0,1.0,1.0,1.0,1.0]
10746,[2596,5294,5885,6547,8582,8630,9290,9675],[1.0,1.0,1.0,1.0,1.0,1.0,1.0,1.0]
10746,[175,303,4217,4248,7506,9460,9972],[1.0,1.0,1.0,1.0,1.0,1.0,1.0]
10746,[372,464,1120,1220,2333,4611,6662,9270,9298,9962],[1.0,1.0,1.0,1.0,1.0,1.0,1.0,1.0,1.0,1.0]
10746,[822,1645,3472,3965,5144,5641,6090,6547,7423],[1.0,1.0,1.0,1.0,1.0,1.0,1.0,1.0,1.0]
10746,[1255,3965,4191,4617,5142,5181,5452,10539],[1.0,1.0,1.0,1.0,1.0,1.0,1.0,1.0]
10746,[3965,4888,8606,10621,10638],[1.0,1.0,1.0,1.0,1.0]
10746,[3532,5564,9056,9270,10507],[1.0,1.0,1.0,1.0,1.0]
10746,[1098,1238,4486,6229,6335,6547,8124],[1.0,1.0,1.0,1.0,1.0,1.0,1.0]
10746,[303,896,3340,4534,7552,7898,9289,9407,10139],[1.0,1.0,1.0,1.0,1.0,1.0,1.0,1.0,1.0]
10746,[822,2708,3734,4393,5564,6547,10068,10621],[1.0,1.0,1.0,1.0,1.0,1.0,1.0,1.0]
10746,[956,4217,4534,7334,8114,8630],[1.0,1.0,1.0,1.0,1.0,1.0]
10746,[4355,4534,6033,9270,9379,9749,10492,10595],[1.0,1.0,1.0,1.0,1.0,1.0,1.0,1.0]
10746,[303,1099,2708,4534,5641,7306,9298,10621],[1.0,1.0,1.0,1.0,1.0,1.0,1.0,1.0]
10746,[1375,4405,6033,6547,6952,7784,9708,10068,10595],[1.0,1.0,1.0,1.0,1.0,1.0,1.0,1.0,1.0]
10746,[365,529,5146,5601,5845,6547,7832,9329,9903],[1.0,1.0,1.0,1.0,1.0,1.0,1.0,1.0,1.0]
