10746,[838,1652,4405,4440,7953,8177,8323,10054,10360],[1.0,1.0,1.0,1.0,1.0,1.0,1.0,1.0,1.0]
10746,[213,513,3864,5351,6980,10326,10463],[1.0,1.0,1.0,1.0,1.0,1.0,1.0]
10746,[936,1099,2107,3459,3813,3890,4552],[1.0,1.0,1.0,1.0,1.0,1.0,1.0]
10746,[182,463,1369,3864,4277,4606,5672,6895,9903],[1.0,1.0,1.0,1.0,1.0,1.0,1.0,1.0,1.0]
10746,[182,1239,2422,2916,4277,4355,5983,7115],[1.0,1.0,1.0,1.0,1.0,1.0,1.0,1.0]
10746,[1706,5244,5672,5739,9049,10080,10433],[1.0,1.0,1.0,1.0,1.0,1.0,1.0]
10746,[1310,1315,2182,4191,4277,4405,4768,6047,6500],[1.0,1.0,1.0,1.0,1.0,1.0,1.0,1.0,1.0]
10746,[2022,3216,3423,6813,7633,8622,9841,10362,10576],[1.0,1.0,1.0,1.0,1.0,1.0,1.0,1.0,1.0]
10746,[3327,3595,4277,4389,6098,9289],[1.0,1.0,1.0,1.0,1.0,1.0]
10746,[13,2182,3085,3216,3532,6895],[1.0,1.0,1.0,1.0,1.0,1.0]
10746,[325,1550,3732,4217,5617,6895,10203],[1.0,1.0,1.0,1.0,1.0,1.0,1.0]
10746,[753,822,3852,4405,6379,9030,9611],[1.0,1.0,1.0,1.0,1.0,1.0,1.0]
10746,[1534,2576,3532,3658,7985,9851],[1.0,1.0,1.0,1.0,1.0,1.0]
10746,[766,806,850,1310,2443,6335,6500,7633,7926,10576],[1.0,1.0,1.0,1.0,1.0,1.0,1.0,1.0,1.0,1.0]
10746,[172,2107,4552,6229,7627],[1.0,1.0,1.0,1.0,1.0]
10746,[956,1073,2206,2618,2708,5627,8345,9851,10621],[1.0,1.0,1.0,1.0,1.0,1.0,1.0,1.0,1.0]
10746,[58,182,229,1863,2708,3545,4277,8827,10056],[1.0,1.0,1.0,1.0,1.0,1.0,1.0,1.0,1.0]
10746,[1255,3426,3651,8558,8595,9298,9876,10621],[1.0,1.0,1.0,1.0,1.0,1.0,1.0,1.0]
10746,[4534,5069,6335,9298,9534,10309,10419,10621],[1.0,1.0,1.0,1.0,1.0,1.0,1.0,1.0]
10746,[2771,4525,6687,8729,9030,9270,9420],[1.0,1.0,1.0,1.0,1.0,1.0,1.0]
10746,[245,3669,4645,6335,7502,7506,9925,10617],[1.0,1.0,1.0,1.0,1.0,1.0,1.0,1.0]
10746,[893,1634,5062,5783,5885,6366,7317,7706],[1.0,1.0,1.0,1.0,1.0,1.0,1.0,1.0]
10746,[588,2061,2470,3342,5062,5648,7706,7843,8002,9611],[1.0,1.0,1.0,1.0,1.0,1.0,1.0,1.0,1.0,1.0]
10746,[1718,4066,6341,7502,7643,7701,9526],[1.0,1.0,1.0,1.0,1.0,1.0,1.0]
10746,[838,2769,4217,7033,8932,9407,9973],[1.0,1.0,1.0,1.0,1.0,1.0,1.0]
10746,[1099,2530,3644,5615,7718,10621],[1.0,1.0,1.0,1.0,1.0,1.0]
10746,[2021,2771,3523,5983,6511,9646,9874,10438],[1.0,1.0,1.0,1.0,1.0,1.0,1.0,1.0]
10746,[463,1098,2530,4611,4669,4768,5142,9002],[1.0,1.0,1.0,1.0,1.0,1.0,1.0,1.0]
10746,[143,1726,3722,4871,6511,8843,9400],[1.0,1.0,1.0,1.0,1.0,1.0,1.0]
10746,[2493,3722,4092,7033,7421,9973,10115,10549],[1.0,1.0,1.0,1.0,1.0,1.0,1.0,1.0]
10746,[143,6494,7338,7649,8594,9973,10419],[1.0,1.0,1.0,1.0,1.0,1.0,1.0]
10746,[501,3426,4763,6494,6511,7646,7868,10419],[1.0,1.0,1.0,1.0,1.0,1.0,1.0,1.0]
10746,[561,5122,7276,9048,9973,10419],[1.0,1.0,1.0,1.0,1.0,1.0]
10746,[1099,4294,4891,6511,7276,8690,9169],[1.0,1.0,1.0,1.0,1.0,1.0,1.0]
10746,[13,1255,3741,4848,6511,7252,9650,9973],[1.0,1.0,1.0,1.0,1.0,1.0,1.0,1.0]
10746,[143,2530,4669,5741,6603,9270],[1.0,1.0,1.0,1.0,1.0,1.0]
10746,[10054],[1.0]
