10746,[429,1291,4440,8323,10054,10082,10433,10437],[1.0,1.0,1.0,1.0,1.0,1.0,1.0,1.0]
10746,[213,1652,3999,5351,6980,8177,10360,10394,10463],[1.0,1.0,1.0,1.0,1.0,1.0,1.0,1.0,1.0]
10746,[936,3081,3999,6453,9420,10394],[1.0,1.0,1.0,1.0,1.0,1.0]
10746,[2670,5150,5505,6193,10082,10183,10437],[1.0,1.0,1.0,1.0,1.0,1.0,1.0]
10746,[2618,2799,6033,7205,7428,8917],[1.0,1.0,1.0,1.0,1.0,1.0]
10746,[60,878,1376,2079,2198,3515,6167,8476],[1.0,1.0,1.0,1.0,1.0,1.0,1.0,1.0]
10746,[2091,2728,3502,4332,4724,6035,8114],[1.0,1.0,1.0,1.0,1.0,1.0,1.0]
10746,[1023,1965,2079,2123,5146,6761,7649,10185],[1.0,1.0,1.0,1.0,1.0,1.0,1.0,1.0]
10746,[902,1983,5710,8729,9420],[1.0,1.0,1.0,1.0,1.0]
10746,[2728,5455,5710,6938,7117,7769,8729,8895],[1.0,1.0,1.0,1.0,1.0,1.0,1.0,1.0]
10746,[908,1324,2728,4066,4117,4145,4534,7338],[1.0,1.0,1.0,1.0,1.0,1.0,1.0,1.0]
10746,[4042,6061,7045,9298,9932,9988,10054],[1.0,1.0,1.0,1.0,1.0,1.0,1.0]
