10746,[121,4440,4649,4722,5373,6385,6905,8170],[1.0,1.0,1.0,1.0,1.0,1.0,1.0,1.0]
10746,[121,2016,5653,6002,6094,6560,8170,9654,9676],[1.0,1.0,1.0,1.0,1.0,1.0,1.0,1.0,1.0]
10746,[2016,2651,2829,6094,6560,6913,7478,7485,7937,9527],[1.0,1.0,1.0,1.0,1.0,1.0,1.0,1.0,1.0,1.0]
10746,[180,213,1749,5373,5657,5820,7979,10360,10381],[1.0,1.0,1.0,1.0,1.0,1.0,1.0,1.0,1.0]
10746,[121,1147,2134,5657,5661,6385,6905,10381],[1.0,1.0,1.0,1.0,1.0,1.0,1.0,1.0]
10746,[1903,3697,4649,4682,6560,6905,8956,10536],[1.0,1.0,1.0,1.0,1.0,1.0,1.0,1.0]
10746,[956,977,1408,3489,4649,5644,7383,9017,9727],[1.0,1.0,1.0,1.0,1.0,1.0,1.0,1.0,1.0]
10746,[1903,5127,5513,5644,10536],[1.0,1.0,1.0,1.0,1.0]
10746,[175,1334,3278,3454,3617,4218,8126],[1.0,1.0,1.0,1.0,1.0,1.0,1.0]
10746,[977,2618,3824,4186,6650,9148,9298,9727],[1.0,1.0,1.0,1.0,1.0,1.0,1.0,1.0]
10746,[258,1255,1712,3575,4934,8114,8425,9727],[1.0,1.0,1.0,1.0,1.0,1.0,1.0,1.0]
10746,[175,977,3617,3675,5513,9785,9811,10709],[1.0,1.0,1.0,1.0,1.0,1.0,1.0,1.0]
10746,[1542,2399,2481,2497,4217,4621,5149,6027,7410],[1.0,1.0,1.0,1.0,1.0,1.0,1.0,1.0,1.0]
10746,[977,1248,1802,1920,4534,7988,8166,9379,9727],[1.0,1.0,1.0,1.0,1.0,1.0,1.0,1.0,1.0]
10746,[1802,4217,5336,5404,6597,7480,9491,10433],[1.0,1.0,1.0,1.0,1.0,1.0,1.0,1.0]
10746,[977,2016,2856,3976,4614,4649,5500,8785,10698],[1.0,1.0,1.0,1.0,1.0,1.0,1.0,1.0,1.0]
10746,[2582,2916,4332,5710,5786,8070,8803,9677],[1.0,1.0,1.0,1.0,1.0,1.0,1.0,1.0]
10746,[938,2803,2856,4649,5500,5710,5848,8415],[1.0,1.0,1.0,1.0,1.0,1.0,1.0,1.0]
10746,[1127,2803,2862,3208,5710,5848,6709,8023,9677],[1.0,1.0,1.0,1.0,1.0,1.0,1.0,1.0,1.0]
10746,[3768,3965,3976,4682,4735,5089,5710,6634],[1.0,1.0,1.0,1.0,1.0,1.0,1.0,1.0]
10746,[548,2856,3763,4649,5500,5513,5710,8126,8217],[1.0,1.0,1.0,1.0,1.0,1.0,1.0,1.0,1.0]
10746,[560,856,1373,2016,2229,3278,3454,6762,10232],[1.0,1.0,1.0,1.0,1.0,1.0,1.0,1.0,1.0]
10746,[209,2328,3454,3667,4755,4789,5445,5513,7461,7502],[1.0,1.0,1.0,1.0,1.0,1.0,1.0,1.0,1.0,1.0]
10746,[526,872,2016,2189,2229,2540,5181,6172,7949,9111],[1.0,1.0,1.0,1.0,1.0,1.0,1.0,1.0,1.0,1.0]
10746,[594,2689,2949,3998,5445,6689,7094,10360],[1.0,1.0,1.0,1.0,1.0,1.0,1.0,1.0]
10746,[1054,3487,3802,4030,7094,9851,9958,10698],[1.0,1.0,1.0,1.0,1.0,1.0,1.0,1.0]
10746,[594,1063,2689,5513,6372,6689,7069,8126,8536],[1.0,1.0,1.0,1.0,1.0,1.0,1.0,1.0,1.0]
10746,[3998,4223,4436,5144,5445,5500,9104,9159,9419,9930],[1.0,1.0,1.0,1.0,1.0,1.0,1.0,1.0,1.0,1.0]
10746,[670,2901,3335,3763,4789,9596,9665,9930,10502],[1.0,1.0,1.0,1.0,1.0,1.0,1.0,1.0,1.0]
10746,[1462,2894,4223,5652,7026,9424,9990,9991,10502,10703],[1.0,1.0,1.0,1.0,1.0,1.0,1.0,1.0,1.0,1.0]
10746,[856,2488,3998,4223,5196,9419,10502,10698],[1.0,1.0,1.0,1.0,1.0,1.0,1.0,1.0]
10746,[3441,4346,4403,5136,5351,6586,7053,8069,8464,10635],[1.0,1.0,1.0,1.0,1.0,1.0,1.0,1.0,1.0,1.0]
10746,[219,3559,5351,5754,6586,7100,7135,9579,10383,10698],[1.0,1.0,1.0,1.0,1.0,1.0,1.0,1.0,1.0,1.0]
10746,[1909,3349,7100,7135,7284,8011,8464,9579,10160],[1.0,1.0,1.0,1.0,1.0,1.0,1.0,1.0,1.0]
10746,[219,2016,3559,4649,5351,5754,6112,6586,7014],[1.0,1.0,1.0,1.0,1.0,1.0,1.0,1.0,1.0]
10746,[3069,3454,3559,4403,5136,5351,5513,7947,8464,10730],[1.0,1.0,1.0,1.0,1.0,1.0,1.0,1.0,1.0,1.0]
10746,[2016,2790,3391,3923,4282,6471,6913,8759,8776],[1.0,1.0,1.0,1.0,1.0,1.0,1.0,1.0,1.0]
10746,[1706,2472,2790,3674,6287,9568,10108],[1.0,1.0,1.0,1.0,1.0,1.0,1.0]
10746,[60,3405,5641,5792,6003,7016,7803,8729,9882],[1.0,1.0,1.0,1.0,1.0,1.0,1.0,1.0,1.0]
10746,[2137,2916,4268,4617,7619,8181,8250,10148],[1.0,1.0,1.0,1.0,1.0,1.0,1.0,1.0]
10746,[2618,3473,6196,8213,8421,9310,9941,10433],[1.0,1.0,1.0,1.0,1.0,1.0,1.0,1.0]
10746,[770,1255,2341,4035,7830,8137,9898,10148],[1.0,1.0,1.0,1.0,1.0,1.0,1.0,1.0]
10746,[213,1537,2137,4268,4617,7312,8181,8826,9975],[1.0,1.0,1.0,1.0,1.0,1.0,1.0,1.0,1.0]
10746,[1911,2114,2182,2232,4145,6170,7109],[1.0,1.0,1.0,1.0,1.0,1.0,1.0]
10746,[5674,7799,8317,8497,8729,10225,10268,10539,10598],[1.0,1.0,1.0,1.0,1.0,1.0,1.0,1.0,1.0]
10746,[852,3318,3599,3651,6471,7195,9000,10598],[1.0,1.0,1.0,1.0,1.0,1.0,1.0,1.0]
10746,[852,1027,2022,5965,7649,8114,9243,9273],[1.0,1.0,1.0,1.0,1.0,1.0,1.0,1.0]
10746,[191,4217,4405,7180,8114,9000,10203,10536],[1.0,1.0,1.0,1.0,1.0,1.0,1.0,1.0]
10746,[1686,4055,4191,4650,5505,5877,8476,9029,10419],[1.0,1.0,1.0,1.0,1.0,1.0,1.0,1.0,1.0]
10746,[2530,3668,4191,5213,5965,8903,9198,9273],[1.0,1.0,1.0,1.0,1.0,1.0,1.0,1.0]
10746,[386,417,3010,5673,6868,6945,7339,8616,8786,8906],[1.0,1.0,1.0,1.0,1.0,1.0,1.0,1.0,1.0,1.0]
10746,[1375,2584,2810,2820,3815,7346,8933,10362],[1.0,1.0,1.0,1.0,1.0,1.0,1.0,1.0]
10746,[1991,3741,5673,6165,8584,9515],[1.0,1.0,1.0,1.0,1.0,1.0]
10746,[1614,2250,6845,6945,7853,8774,8906,9068,9287],[1.0,1.0,1.0,1.0,1.0,1.0,1.0,1.0,1.0]
10746,[1259,2727,3658,3965,4055,4617,6193,6422,8398],[1.0,1.0,1.0,1.0,1.0,1.0,1.0,1.0,1.0]
10746,[4829,6306,6710,8007,9094,10277,10536],[1.0,1.0,1.0,1.0,1.0,1.0,1.0]
10746,[1341,1535,5948,6052,6344,7539,7813,7826,9090,9273],[1.0,1.0,1.0,1.0,1.0,1.0,1.0,1.0,1.0,1.0]
10746,[700,1195,1896,2037,4579,5804,8114,9273,9569],[1.0,1.0,1.0,1.0,1.0,1.0,1.0,1.0,1.0]
10746,[956,1408,3674,3873,4166,4649,5804,9732],[1.0,1.0,1.0,1.0,1.0,1.0,1.0,1.0]
10746,[84,417,2530,2976,3850,4909,7926,8443,10024,10745],[1.0,1.0,1.0,1.0,1.0,1.0,1.0,1.0,1.0,1.0]
10746,[822,4886,5142,7614,9238,9430,10024,10056],[1.0,1.0,1.0,1.0,1.0,1.0,1.0,1.0]
10746,[60,263,1769,2364,3886,3890,5341,5948,6094,6579],[1.0,1.0,1.0,1.0,1.0,1.0,1.0,1.0,1.0,1.0]
10746,[1279,3391,3965,3967,4475,5603,9300],[1.0,1.0,1.0,1.0,1.0,1.0,1.0]
10746,[2398,2596,3049,4974,6029,6861,8335],[1.0,1.0,1.0,1.0,1.0,1.0,1.0]
10746,[172,2425,3602,4576,6170,7926,8070,10643],[1.0,1.0,1.0,1.0,1.0,1.0,1.0,1.0]
10746,[172,1005,2370,4424,4755,7074,9008,10024,10362],[1.0,1.0,1.0,1.0,1.0,1.0,1.0,1.0,1.0]
10746,[2618,2870,4140,4203,5576,7146,7923,7930],[1.0,1.0,1.0,1.0,1.0,1.0,1.0,1.0]
10746,[2493,2952,3011,4671,6608,10234],[1.0,1.0,1.0,1.0,1.0,1.0]
10746,[1664,1953,4445,5672,5710,8804,10433],[1.0,1.0,1.0,1.0,1.0,1.0,1.0]
10746,[3255,5343,5820,6379,7325,8301,9893],[1.0,1.0,1.0,1.0,1.0,1.0,1.0]
10746,[686,1279,1653,3967,4671,6580,8114,8904,9379],[1.0,1.0,1.0,1.0,1.0,1.0,1.0,1.0,1.0]
10746,[2455,4614,5344,5710,6607,7361,7769],[1.0,1.0,1.0,1.0,1.0,1.0,1.0]
10746,[14,1088,3126,4786,5294,5505,10222,10671],[1.0,1.0,1.0,1.0,1.0,1.0,1.0,1.0]
10746,[1706,2493,2771,3685,4344,5996,10068,10621],[1.0,1.0,1.0,1.0,1.0,1.0,1.0,1.0]
10746,[51,1366,2472,3651,4405,4581,7117,7390],[1.0,1.0,1.0,1.0,1.0,1.0,1.0,1.0]
10746,[1761,2016,2916,4682,6590,6913,9332,9379,9528],[1.0,1.0,1.0,1.0,1.0,1.0,1.0,1.0,1.0]
10746,[1324,1761,3426,4478,4761,5500,5877,6349,7074,8554],[1.0,1.0,1.0,1.0,1.0,1.0,1.0,1.0,1.0,1.0]
10746,[544,1054,1297,3208,5199,7392,7564,7649,8842],[1.0,1.0,1.0,1.0,1.0,1.0,1.0,1.0,1.0]
10746,[1223,3796,4254,4402,8580,9242,9411,9716,10314,10369],[1.0,1.0,1.0,1.0,1.0,1.0,1.0,1.0,1.0,1.0]
10746,[121,569,1618,1652,4335,5500,6485,6654,6906,7195],[1.0,1.0,1.0,1.0,1.0,1.0,1.0,1.0,1.0,1.0]
10746,[121,1127,1563,2801,2835,4769,6485,8806,8956],[1.0,1.0,1.0,1.0,1.0,1.0,1.0,1.0,1.0]
10746,[1542,2847,3445,4552,6577,7421,8801],[1.0,1.0,1.0,1.0,1.0,1.0,1.0]
10746,[121,2530,5146,6590,7637,8475,8582],[1.0,1.0,1.0,1.0,1.0,1.0,1.0]
10746,[121,2530,5146,6417,6590,8475,9912],[1.0,1.0,1.0,1.0,1.0,1.0,1.0]
10746,[1269,2325,2530,4066,4466,4593,9816,10595],[1.0,1.0,1.0,1.0,1.0,1.0,1.0,1.0]
10746,[938,991,4332,5224,7167,7365,7893,8058,10427],[1.0,1.0,1.0,1.0,1.0,1.0,1.0,1.0,1.0]
10746,[1652,2407,3218,3669,5127,6906,6909,7826,8582],[1.0,1.0,1.0,1.0,1.0,1.0,1.0,1.0,1.0]
10746,[752,950,2557,5181,5500,5558,7826,8597,9338],[1.0,1.0,1.0,1.0,1.0,1.0,1.0,1.0,1.0]
10746,[3686,4739,4836,7826,8921,9851],[1.0,1.0,1.0,1.0,1.0,1.0]
10746,[938,2141,2530,4627,6634,7067,7365,9611],[1.0,1.0,1.0,1.0,1.0,1.0,1.0,1.0]
10746,[1407,1652,3702,3942,5500,8956,9150,9360,10459],[1.0,1.0,1.0,1.0,1.0,1.0,1.0,1.0,1.0]
10746,[1275,3942,5181,5324,5759,6141,7218,7277,8374],[1.0,1.0,1.0,1.0,1.0,1.0,1.0,1.0,1.0]
10746,[141,766,3185,4656,4971,5820,5985,6268],[1.0,1.0,1.0,1.0,1.0,1.0,1.0,1.0]
10746,[698,2856,2878,4516,4755,6628,9952],[1.0,1.0,1.0,1.0,1.0,1.0,1.0]
10746,[121,501,1054,2530,4871,6331,7067,9611,10203],[1.0,1.0,1.0,1.0,1.0,1.0,1.0,1.0,1.0]
10746,[1054,5146,5648,6476,7516,8690],[1.0,1.0,1.0,1.0,1.0,1.0]
10746,[938,2472,2530,4035,4547,6699,6909,7365,8311],[1.0,1.0,1.0,1.0,1.0,1.0,1.0,1.0,1.0]
10746,[51,2016,2299,2325,3667,4561,4755,5427,8956,9361],[1.0,1.0,1.0,1.0,1.0,1.0,1.0,1.0,1.0,1.0]
10746,[1124,1454,2333,5181,5626,6901,7874,8125],[1.0,1.0,1.0,1.0,1.0,1.0,1.0,1.0]
10746,[758,831,1218,5217,5505,5820,5985,6417],[1.0,1.0,1.0,1.0,1.0,1.0,1.0,1.0]
10746,[692,3651,4191,4217,4843,7857,8938],[1.0,1.0,1.0,1.0,1.0,1.0,1.0]
10746,[801,1275,4217,4614,5181,7384,8690,10015],[1.0,1.0,1.0,1.0,1.0,1.0,1.0,1.0]
10746,[1271,5427,9015,9823,9903,10350],[1.0,1.0,1.0,1.0,1.0,1.0]
10746,[1634,2325,4839,6229,6500,7365,10536,10621],[1.0,1.0,1.0,1.0,1.0,1.0,1.0,1.0]
10746,[938,2448,2530,2741,4035,4429,6709,8058,8475],[1.0,1.0,1.0,1.0,1.0,1.0,1.0,1.0,1.0]
10746,[217,3043,4062,4690,7526,7804,8070],[1.0,1.0,1.0,1.0,1.0,1.0,1.0]
10746,[955,1255,6212,8584,9632,10352],[1.0,1.0,1.0,1.0,1.0,1.0]
10746,[2381,2711,4763,5286,5294,5928,8058,9816],[1.0,1.0,1.0,1.0,1.0,1.0,1.0,1.0]
10746,[2530,2847,5181,8475,9273,9816,10671],[1.0,1.0,1.0,1.0,1.0,1.0,1.0]
10746,[346,2509,3258,4681,4707,7074,8893,9773],[1.0,1.0,1.0,1.0,1.0,1.0,1.0,1.0]
10746,[711,2530,3752,4242,4336,4534,5181,9076,9472,10082],[1.0,1.0,1.0,1.0,1.0,1.0,1.0,1.0,1.0,1.0]
10746,[2530,4429,4932,6212,6709,8275,8475],[1.0,1.0,1.0,1.0,1.0,1.0,1.0]
10746,[2835,4042,5181,6417,7572,8058,8275,8921,9777,10671],[1.0,1.0,1.0,1.0,1.0,1.0,1.0,1.0,1.0,1.0]
10746,[752,1127,4932,6058,6212,7526,7804,8275],[1.0,1.0,1.0,1.0,1.0,1.0,1.0,1.0]
10746,[2407,2530,7460,8475,8633,9816],[1.0,1.0,1.0,1.0,1.0,1.0]
10746,[434,480,2468,4222,4815,7195,8989,10564],[1.0,1.0,1.0,1.0,1.0,1.0,1.0,1.0]
10746,[983,2456,2642,6280,6547,9816,10115],[1.0,1.0,1.0,1.0,1.0,1.0,1.0]
10746,[3257,3849,4398,6560,7124,8058,8582,10564],[1.0,1.0,1.0,1.0,1.0,1.0,1.0,1.0]
10746,[2530,3846,4688,4771,5181,8989,10291],[1.0,1.0,1.0,1.0,1.0,1.0,1.0]
10746,[1968,3257,4332,4491,5641,6918,7271,9202],[1.0,1.0,1.0,1.0,1.0,1.0,1.0,1.0]
10746,[26,1673,2357,2530,4332,5842,8070,9501,9986],[1.0,1.0,1.0,1.0,1.0,1.0,1.0,1.0,1.0]
10746,[1618,1712,3677,3741,4881,5069,9980,10419],[1.0,1.0,1.0,1.0,1.0,1.0,1.0,1.0]
10746,[560,1255,1373,6386,6634,7699,8058,10232,10555],[1.0,1.0,1.0,1.0,1.0,1.0,1.0,1.0,1.0]
10746,[501,873,1054,2016,2162,2229,2781,6421],[1.0,1.0,1.0,1.0,1.0,1.0,1.0,1.0]
10746,[769,2022,2493,6022,6317,6901],[1.0,1.0,1.0,1.0,1.0,1.0]
10746,[1063,2027,2689,2856,3155,3824,6743,7069,8335,10350],[1.0,1.0,1.0,1.0,1.0,1.0,1.0,1.0,1.0,1.0]
10746,[594,2487,2689,6689,7502,10619],[1.0,1.0,1.0,1.0,1.0,1.0]
10746,[121,317,1948,2016,2229,5699,7176,10619],[1.0,1.0,1.0,1.0,1.0,1.0,1.0,1.0]
10746,[2159,3962,4669,6216,6762,8385,8905,9972],[1.0,1.0,1.0,1.0,1.0,1.0,1.0,1.0]
10746,[752,1054,2492,3742,5296,9958,9961],[1.0,1.0,1.0,1.0,1.0,1.0,1.0]
10746,[2016,2229,3755,4217,5710,7055,7074,7506,8836],[1.0,1.0,1.0,1.0,1.0,1.0,1.0,1.0,1.0]
10746,[902,2708,2737,4974,5662,6597,6905,10222,10621],[1.0,1.0,1.0,1.0,1.0,1.0,1.0,1.0,1.0]
10746,[1061,1538,2610,3965,4869,5181,5343,5373,5657,6385],[1.0,1.0,1.0,1.0,1.0,1.0,1.0,1.0,1.0,1.0]
10746,[121,956,1028,1408,1775,2455,5047,6371],[1.0,1.0,1.0,1.0,1.0,1.0,1.0,1.0]
10746,[121,1538,1830,2610,5373,5564,5657,7610,10416],[1.0,1.0,1.0,1.0,1.0,1.0,1.0,1.0,1.0]
10746,[1538,3006,3515,4722,6341],[1.0,1.0,1.0,1.0,1.0]
