10746,[3081,3999,4440,6453,7280,7802,10394],[1.0,1.0,1.0,1.0,1.0,1.0,1.0]
10746,[213,1344,1503,1652,2245,4778,5820,7937,7991,10360],[1.0,1.0,1.0,1.0,1.0,1.0,1.0,1.0,1.0,1.0]
10746,[1316,2462,2518,3999,6380,10152,10394,10463],[1.0,1.0,1.0,1.0,1.0,1.0,1.0,1.0]
10746,[936,1255,1316,5918,7031,8323,8494,10054],[1.0,1.0,1.0,1.0,1.0,1.0,1.0,1.0]
10746,[27,357,1098,2325,4203,4213,4606,9639],[1.0,1.0,1.0,1.0,1.0,1.0,1.0,1.0]
10746,[27,556,1098,1341,5592,6341,8907,9513,9639],[1.0,1.0,1.0,1.0,1.0,1.0,1.0,1.0,1.0]
10746,[27,1098,2251,5592,8539,9289,9639],[1.0,1.0,1.0,1.0,1.0,1.0,1.0]
10746,[2079,2227,3106,3630,3658,5181,7746,8280],[1.0,1.0,1.0,1.0,1.0,1.0,1.0,1.0]
10746,[869,896,2916,3658,4405,4552,9513],[1.0,1.0,1.0,1.0,1.0,1.0,1.0]
10746,[876,2488,3540,5920,8032,9513],[1.0,1.0,1.0,1.0,1.0,1.0]
10746,[1098,3658,3730,4000,7307,7379,9513],[1.0,1.0,1.0,1.0,1.0,1.0,1.0]
10746,[1098,1865,5328,6167,7193,7379,9883],[1.0,1.0,1.0,1.0,1.0,1.0,1.0]
10746,[869,2488,2916,4552,5920,9290,9513],[1.0,1.0,1.0,1.0,1.0,1.0,1.0]
10746,[876,2123,4888,7193],[1.0,1.0,1.0,1.0]
10746,[380,1098,2094,3658,4649,9584,9632],[1.0,1.0,1.0,1.0,1.0,1.0,1.0]
10746,[14,1255,1291,2530,6323,8740],[1.0,1.0,1.0,1.0,1.0,1.0]
10746,[27,1098,4606,6167,7307,8280,9270,10268],[1.0,1.0,1.0,1.0,1.0,1.0,1.0,1.0]
10746,[1904,2472,2530,3586,4534,5440,6323,8114],[1.0,1.0,1.0,1.0,1.0,1.0,1.0,1.0]
10746,[14,55,1237,1255,6295,6323,8740],[1.0,1.0,1.0,1.0,1.0,1.0,1.0]
10746,[3558,3725,3741,5328,6952,7193,8411,10222,10433],[1.0,1.0,1.0,1.0,1.0,1.0,1.0,1.0,1.0]
10746,[2799,3658,4217,4420,8411,9851,10433],[1.0,1.0,1.0,1.0,1.0,1.0,1.0]
10746,[876,940,1340,2488,2916,4534,5920,9851],[1.0,1.0,1.0,1.0,1.0,1.0,1.0,1.0]
10746,[1706,2472,3516,7193,9570,10203],[1.0,1.0,1.0,1.0,1.0,1.0]
10746,[2314,3081,3999,6453,8590,10394,10474,10670],[1.0,1.0,1.0,1.0,1.0,1.0,1.0,1.0]
10746,[417,1438,4534,8435,9465],[1.0,1.0,1.0,1.0,1.0]
10746,[242,4698,9641],[1.0,1.0,1.0]
