10746,[513,838,3864,4405,4440,7953,10326],[1.0,1.0,1.0,1.0,1.0,1.0,1.0]
10746,[213,936,1652,3261,4955,5622,8323,10054,10360,10463],[1.0,1.0,1.0,1.0,1.0,1.0,1.0,1.0,1.0,1.0]
10746,[513,822,936,3397,3864,10326,10463],[1.0,1.0,1.0,1.0,1.0,1.0,1.0]
10746,[896,3595,4277,6895,8765,9646,10115,10263],[1.0,1.0,1.0,1.0,1.0,1.0,1.0,1.0]
10746,[325,788,956,1706,3085,3216,5617,10348],[1.0,1.0,1.0,1.0,1.0,1.0,1.0,1.0]
10746,[699,1255,4405,4516,4520,5434,6335,10348,10621],[1.0,1.0,1.0,1.0,1.0,1.0,1.0,1.0,1.0]
10746,[14,2618,3741,4159,4597,5969,6098,7202],[1.0,1.0,1.0,1.0,1.0,1.0,1.0,1.0]
10746,[1255,1817,4520,6098,7653,9610,9841,10348],[1.0,1.0,1.0,1.0,1.0,1.0,1.0,1.0]
10746,[1942,2916,3514,8908,10056,10222,10433,10617],[1.0,1.0,1.0,1.0,1.0,1.0,1.0,1.0]
10746,[1942,3669,5267,6205,7633,7940,9058],[1.0,1.0,1.0,1.0,1.0,1.0,1.0]
10746,[1255,2919,4389,4520,8962,9610],[1.0,1.0,1.0,1.0,1.0,1.0]
10746,[1255,3732,4420,6172,8334,8476,9610,9831],[1.0,1.0,1.0,1.0,1.0,1.0,1.0,1.0]
10746,[356,5324,7117,7317,7502,8908,8917,9841],[1.0,1.0,1.0,1.0,1.0,1.0,1.0,1.0]
10746,[1255,1631,2162,6229,6335,7633,9199,10617],[1.0,1.0,1.0,1.0,1.0,1.0,1.0,1.0]
10746,[1023,3595,4858,5179,6229,8041],[1.0,1.0,1.0,1.0,1.0,1.0]
10746,[21,1340,4217,6295,6394,8917,10617,10621],[1.0,1.0,1.0,1.0,1.0,1.0,1.0,1.0]
10746,[2768,4336,4405,5885,6209,6509,7202,10508,10617],[1.0,1.0,1.0,1.0,1.0,1.0,1.0,1.0,1.0]
10746,[820,2038,2126,2290,6098,9585,10131],[1.0,1.0,1.0,1.0,1.0,1.0,1.0]
10746,[436,3893,6509,7033,7516,7649,8932,9424],[1.0,1.0,1.0,1.0,1.0,1.0,1.0,1.0]
10746,[1673,3018,3768,9256,9270,9595,10011,10649],[1.0,1.0,1.0,1.0,1.0,1.0,1.0,1.0]
10746,[777,1706,1718,5641,7506,8932,9289,9290,9526],[1.0,1.0,1.0,1.0,1.0,1.0,1.0,1.0,1.0]
10746,[2206,2455,2771,4611,7288,8932,9270,10419,10539],[1.0,1.0,1.0,1.0,1.0,1.0,1.0,1.0,1.0]
10746,[902,1127,1706,2492,4149,4611,5803,6371,9831],[1.0,1.0,1.0,1.0,1.0,1.0,1.0,1.0,1.0]
10746,[493,766,777,2455,4102,8835,9175,10508],[1.0,1.0,1.0,1.0,1.0,1.0,1.0,1.0]
10746,[196,365,869,5205,5389,6047,6329],[1.0,1.0,1.0,1.0,1.0,1.0,1.0]
10746,[2418,3479,4405,6366,8326,9298,10433],[1.0,1.0,1.0,1.0,1.0,1.0,1.0]
10746,[2325,3186,3545,4058,4552,5167,7728,8316],[1.0,1.0,1.0,1.0,1.0,1.0,1.0,1.0]
10746,[213,3327,4332,6392,8543,9270,9309,9557],[1.0,1.0,1.0,1.0,1.0,1.0,1.0,1.0]
10746,[844,2201,3669,4768,5485,5807,6035],[1.0,1.0,1.0,1.0,1.0,1.0,1.0]
10746,[1535,2916,3754,5250,5994,6441,9460,9534,9934],[1.0,1.0,1.0,1.0,1.0,1.0,1.0,1.0,1.0]
10746,[303,721,1718,5696,7379,9397,9526],[1.0,1.0,1.0,1.0,1.0,1.0,1.0]
10746,[1706,2425,8932,8976,9841,10397],[1.0,1.0,1.0,1.0,1.0,1.0]
10746,[3290,5069,5205,8895,9494,10419],[1.0,1.0,1.0,1.0,1.0,1.0]
10746,[365,759,838,979,5207,8183,9973],[1.0,1.0,1.0,1.0,1.0,1.0,1.0]
10746,[232,838,985,1640,3651,4961,9112,9592],[1.0,1.0,1.0,1.0,1.0,1.0,1.0,1.0]
10746,[143,1673,4205,4405,4748,7826,8073],[1.0,1.0,1.0,1.0,1.0,1.0,1.0]
10746,[1155,1910,2425,4217,4734,8558,8594,9973],[1.0,1.0,1.0,1.0,1.0,1.0,1.0,1.0]
10746,[843,896,924,7316,8875,9973],[1.0,1.0,1.0,1.0,1.0,1.0]
10746,[1973,2278,2618,2950,5122,8594,9733],[1.0,1.0,1.0,1.0,1.0,1.0,1.0]
10746,[3318,5022,7390,7515,8595,8941,10082,10621],[1.0,1.0,1.0,1.0,1.0,1.0,1.0,1.0]
10746,[1144,1706,3532,3685,7857],[1.0,1.0,1.0,1.0,1.0]
10746,[567,869,1361,2123,4597,9062,9498],[1.0,1.0,1.0,1.0,1.0,1.0,1.0]
10746,[3532,5205,5281,5389,6335,7506],[1.0,1.0,1.0,1.0,1.0,1.0]
10746,[3532,4332,6595,8558,9298,9749,9973],[1.0,1.0,1.0,1.0,1.0,1.0,1.0]
10746,[2769,6008,6098,6457,8040,9289,10716],[1.0,1.0,1.0,1.0,1.0,1.0,1.0]
10746,[2950,5928,9270,9973,10536,10716],[1.0,1.0,1.0,1.0,1.0,1.0]
10746,[2278,2916,7149,8594,9270,9816,9973],[1.0,1.0,1.0,1.0,1.0,1.0,1.0]
10746,[1681,1973,2278,2784,6595,8594,8729],[1.0,1.0,1.0,1.0,1.0,1.0,1.0]
10746,[2278,4534,5548,7390,8652,9289,9973],[1.0,1.0,1.0,1.0,1.0,1.0,1.0]
10746,[126,3864,5775,7494,9025],[1.0,1.0,1.0,1.0,1.0]
