10746,[39,3844,4440,6131,6753,8635,10201],[1.0,1.0,1.0,1.0,1.0,1.0,1.0]
10746,[213,1237,2518,4055,4778,5017,7463,9865,10152,10360],[1.0,1.0,1.0,1.0,1.0,1.0,1.0,1.0,1.0,1.0]
10746,[242,2013,3844,5201,5975,6557,8751,8779,9491],[1.0,1.0,1.0,1.0,1.0,1.0,1.0,1.0,1.0]
10746,[936,3783,4114,5050,6035],[1.0,1.0,1.0,1.0,1.0]
10746,[618,2088,4114,6277,6547,7942,9270],[1.0,1.0,1.0,1.0,1.0,1.0,1.0]
10746,[1791,3762,4513,6229,9900,9972,10513],[1.0,1.0,1.0,1.0,1.0,1.0,1.0]
10746,[2506,3762,3915,3997,4159,4597,5304,6341,6666,9541],[1.0,1.0,1.0,1.0,1.0,1.0,1.0,1.0,1.0,1.0]
10746,[109,2728,4534,6229,6335,6549,9851],[1.0,1.0,1.0,1.0,1.0,1.0,1.0]
10746,[14,3225,3472,5144,5628,6549,6603,9851],[1.0,1.0,1.0,1.0,1.0,1.0,1.0,1.0]
10746,[2506,3013,6753,6810,8497,8842,8894,10445],[1.0,1.0,1.0,1.0,1.0,1.0,1.0,1.0]
