10746,[242,1871,2224,2388,4440,6689,8120],[1.0,1.0,1.0,1.0,1.0,1.0,1.0]
10746,[175,213,2518,2736,3567,4055,4778,5820,7937,10360],[1.0,1.0,1.0,1.0,1.0,1.0,1.0,1.0,1.0,1.0]
10746,[2224,3146,8120,8290,8315,10152,10463],[1.0,1.0,1.0,1.0,1.0,1.0,1.0]
10746,[121,936,6244,6385,6530,7316,7384,8315,9887,9942],[1.0,1.0,1.0,1.0,1.0,1.0,1.0,1.0,1.0,1.0]
10746,[121,2640,3094,4722,5373,5921,6229,8014,8898],[1.0,1.0,1.0,1.0,1.0,1.0,1.0,1.0,1.0]
10746,[2278,4649,6530,8595,9882],[1.0,1.0,1.0,1.0,1.0]
10746,[1255,2278,3484,4947,5142,5440,5851,9270],[1.0,1.0,1.0,1.0,1.0,1.0,1.0,1.0]
10746,[991,1098,2251,2291,2530,5146,8584,8595],[1.0,1.0,1.0,1.0,1.0,1.0,1.0,1.0]
10746,[464,2993,5844,6762,6810,7746,8314,8908,9435],[1.0,1.0,1.0,1.0,1.0,1.0,1.0,1.0,1.0]
10746,[245,747,6219,6297,6341,7379,9702,10496],[1.0,1.0,1.0,1.0,1.0,1.0,1.0,1.0]
10746,[66,766,1098,2123,8595,9420,9882],[1.0,1.0,1.0,1.0,1.0,1.0,1.0]
10746,[112,463,3070,8073,8584,8595,8904],[1.0,1.0,1.0,1.0,1.0,1.0,1.0]
10746,[51,1098,2530,6341,7843,8614,9882,10419],[1.0,1.0,1.0,1.0,1.0,1.0,1.0,1.0]
10746,[1098,1791,2123,5447,8595,9270,9882,10716],[1.0,1.0,1.0,1.0,1.0,1.0,1.0,1.0]
10746,[1438,3850,8584,8893,9912,10716],[1.0,1.0,1.0,1.0,1.0,1.0]
10746,[121,1098,2278,5564,6335,7746,9882,10068,10203,10419],[1.0,1.0,1.0,1.0,1.0,1.0,1.0,1.0,1.0,1.0]
10746,[2708,6335,8595,9262,9289],[1.0,1.0,1.0,1.0,1.0]
10746,[51,121,1829,2425,2530,2640,5564,8595,10419],[1.0,1.0,1.0,1.0,1.0,1.0,1.0,1.0,1.0]
10746,[1098,2123,2530,5440,7205,8537,8595],[1.0,1.0,1.0,1.0,1.0,1.0,1.0]
10746,[121,2278,3426,3484,3656,3685,7813,8584],[1.0,1.0,1.0,1.0,1.0,1.0,1.0,1.0]
10746,[463,3070,4258,4520,8114,8903,8904,9639],[1.0,1.0,1.0,1.0,1.0,1.0,1.0,1.0]
10746,[2123,2530,7074,8475,8537,8584,9595,10616],[1.0,1.0,1.0,1.0,1.0,1.0,1.0,1.0]
10746,[869,1084,1098,2530,3514,8041],[1.0,1.0,1.0,1.0,1.0,1.0]
10746,[1829,1968,2123,2530,8041,9290],[1.0,1.0,1.0,1.0,1.0,1.0]
10746,[1098,1255,2123,2530,7518,9183,9290,10203],[1.0,1.0,1.0,1.0,1.0,1.0,1.0,1.0]
10746,[1683,2530,7247,8475,9989,10621],[1.0,1.0,1.0,1.0,1.0,1.0]
10746,[860,2530,5878,8041,8595,8602,9595],[1.0,1.0,1.0,1.0,1.0,1.0,1.0]
10746,[245,463,1098,2123,2530,3741,8582],[1.0,1.0,1.0,1.0,1.0,1.0,1.0]
10746,[51,2919,4344,4888,5592,7316,8114,10621,10716],[1.0,1.0,1.0,1.0,1.0,1.0,1.0,1.0,1.0]
10746,[2074,2530,5452,6341,6609,8475,10397,10539],[1.0,1.0,1.0,1.0,1.0,1.0,1.0,1.0]
10746,[1099,2074,3082,6229],[1.0,1.0,1.0,1.0]
10746,[2530,3059,4888,8475,8582,8893,9298,10621],[1.0,1.0,1.0,1.0,1.0,1.0,1.0,1.0]
10746,[3514,4258,6887,8572,8584,8893,9595,10621],[1.0,1.0,1.0,1.0,1.0,1.0,1.0,1.0]
10746,[758,1291,1406,2916,6130,8496,8584,9838,9967,10451],[1.0,1.0,1.0,1.0,1.0,1.0,1.0,1.0,1.0,1.0]
10746,[2530,5075,5146,7606,7638,10451],[1.0,1.0,1.0,1.0,1.0,1.0]
10746,[902,2046,3076,3779,5146,5181,8280,10108,10536],[1.0,1.0,1.0,1.0,1.0,1.0,1.0,1.0,1.0]
10746,[822,1255,2278,7606,8113,8280,9029,10130],[1.0,1.0,1.0,1.0,1.0,1.0,1.0,1.0]
10746,[501,1326,2916,3351,4534,5146,6033,6952,7502],[1.0,1.0,1.0,1.0,1.0,1.0,1.0,1.0,1.0]
10746,[463,1098,2123,2530,3741],[1.0,1.0,1.0,1.0,1.0]
10746,[1098,2123,2530,3965,8595,8908],[1.0,1.0,1.0,1.0,1.0,1.0]
10746,[892,4420,6341,8314,8340,8893,10621],[1.0,1.0,1.0,1.0,1.0,1.0,1.0]
10746,[902,4843,4965,5314,6524,7444,9595],[1.0,1.0,1.0,1.0,1.0,1.0,1.0]
10746,[143,1706,2493,4534,4843,5138,5146,9912],[1.0,1.0,1.0,1.0,1.0,1.0,1.0,1.0]
10746,[1704,2182,3426,4217,4258,4888,6636],[1.0,1.0,1.0,1.0,1.0,1.0,1.0]
10746,[1299,2351,2530,4405,6244,7075,8357,8582,8595],[1.0,1.0,1.0,1.0,1.0,1.0,1.0,1.0,1.0]
10746,[2530,3484,5604,6590,6893,8475],[1.0,1.0,1.0,1.0,1.0,1.0]
10746,[463,2123,2530,3498,3741,6893,8595],[1.0,1.0,1.0,1.0,1.0,1.0,1.0]
10746,[1037,1098,2123,4552,4859,5626,6229],[1.0,1.0,1.0,1.0,1.0,1.0,1.0]
10746,[126,747,1275,2530,7384,8475,8662,9799],[1.0,1.0,1.0,1.0,1.0,1.0,1.0,1.0]
10746,[2493,2530,4611,7317,8673,10028,10539],[1.0,1.0,1.0,1.0,1.0,1.0,1.0]
10746,[758,2530,4085,4771,5983,6605,7272,7929,10024,10539],[1.0,1.0,1.0,1.0,1.0,1.0,1.0,1.0,1.0,1.0]
10746,[494,567,4092,4871,8114,9031,10024],[1.0,1.0,1.0,1.0,1.0,1.0,1.0]
10746,[2123,4891,5328,8347,9407,9758,9814,9953],[1.0,1.0,1.0,1.0,1.0,1.0,1.0,1.0]
10746,[533,1255,1842,2238,3426,4323,6650,9744,9851,10381],[1.0,1.0,1.0,1.0,1.0,1.0,1.0,1.0,1.0,1.0]
10746,[758,1962,3656,6229,8280,9851,10554],[1.0,1.0,1.0,1.0,1.0,1.0,1.0]
10746,[143,365,1673,2708,3545,5207,5641,7166],[1.0,1.0,1.0,1.0,1.0,1.0,1.0,1.0]
10746,[357,3318,4858,5641,6776,8005,10557],[1.0,1.0,1.0,1.0,1.0,1.0,1.0]
10746,[365,3146,5622,6536,8092,8290,8315,9887],[1.0,1.0,1.0,1.0,1.0,1.0,1.0,1.0]
10746,[856,1652,1871,2388,4895,5184,5740,8290,9988,10694],[1.0,1.0,1.0,1.0,1.0,1.0,1.0,1.0,1.0,1.0]
10746,[2224,8120],[1.0,1.0]
