10746,[654,1284,2261,4440,8022,9491,10421],[1.0,1.0,1.0,1.0,1.0,1.0,1.0]
10746,[213,600,2261,2518,4589,4778,7303,7416,10152,10360],[1.0,1.0,1.0,1.0,1.0,1.0,1.0,1.0,1.0,1.0]
10746,[1411,2070,5886,7199,8040,8404,9491],[1.0,1.0,1.0,1.0,1.0,1.0,1.0]
10746,[14,727,841,2305,2421,3625,4611,4807,8476],[1.0,1.0,1.0,1.0,1.0,1.0,1.0,1.0,1.0]
10746,[266,769,3946,5407,5886,7813,9632,9829,10463],[1.0,1.0,1.0,1.0,1.0,1.0,1.0,1.0,1.0]
10746,[122,365,3110,4807,5988,8114,8917,9184,9700],[1.0,1.0,1.0,1.0,1.0,1.0,1.0,1.0,1.0]
10746,[2697,3383,4954,8078,8109,8755,9433,9769],[1.0,1.0,1.0,1.0,1.0,1.0,1.0,1.0]
10746,[365,1535,3869,5820,9465,10203,10419],[1.0,1.0,1.0,1.0,1.0,1.0,1.0]
10746,[1449,2813,3528,5435,8040,8571,9920,10463],[1.0,1.0,1.0,1.0,1.0,1.0,1.0,1.0]
10746,[936,2261,2311,5435,8571,9491,9829,9920,10421,10463],[1.0,1.0,1.0,1.0,1.0,1.0,1.0,1.0,1.0,1.0]
10746,[936,1255,1284,2261,2493,7575,9491,10190,10421,10743],[1.0,1.0,1.0,1.0,1.0,1.0,1.0,1.0,1.0,1.0]
10746,[4332,4617,6229,6394,7379,9365,10718],[1.0,1.0,1.0,1.0,1.0,1.0,1.0]
10746,[654,2799,3106,4405,5604,5626,8040,9632],[1.0,1.0,1.0,1.0,1.0,1.0,1.0,1.0]
10746,[342,1255,1295,1965,4576,6913,8114,10068],[1.0,1.0,1.0,1.0,1.0,1.0,1.0,1.0]
10746,[1657,2477,3311,6913,7643,7843],[1.0,1.0,1.0,1.0,1.0,1.0]
10746,[1653,3106,4344,5626,6913,8731,9273],[1.0,1.0,1.0,1.0,1.0,1.0,1.0]
10746,[1926,2248,4217,4682,7058,7165,8114,10621],[1.0,1.0,1.0,1.0,1.0,1.0,1.0,1.0]
10746,[126,356,725,2916,6626,7516,8070,10621],[1.0,1.0,1.0,1.0,1.0,1.0,1.0,1.0]
10746,[1621,1673,4191,8070,9851,10222,10433],[1.0,1.0,1.0,1.0,1.0,1.0,1.0]
10746,[549,2455,5031,5150,5780,8114,9977,10222],[1.0,1.0,1.0,1.0,1.0,1.0,1.0,1.0]
10746,[1356,3391,3509,4258,8070,8408,9870,10419],[1.0,1.0,1.0,1.0,1.0,1.0,1.0,1.0]
10746,[1706,4405,5604,8070,9568,10221,10402],[1.0,1.0,1.0,1.0,1.0,1.0,1.0]
10746,[2014,4217,5564,5592,6985,9289,9298],[1.0,1.0,1.0,1.0,1.0,1.0,1.0]
10746,[1673,1963,3850,5284,8054,8109,9290,9816],[1.0,1.0,1.0,1.0,1.0,1.0,1.0,1.0]
10746,[1011,2799,4258,8411,8476,10278],[1.0,1.0,1.0,1.0,1.0,1.0]
10746,[14,26,5604,7352,9328,10402,10621],[1.0,1.0,1.0,1.0,1.0,1.0,1.0]
10746,[2305,4405,5181,8070,9568,10221,10288],[1.0,1.0,1.0,1.0,1.0,1.0,1.0]
10746,[838,1753,2048,4374,5641,5985,6626],[1.0,1.0,1.0,1.0,1.0,1.0,1.0]
10746,[654,806,1310,2455,4374,9632,10716],[1.0,1.0,1.0,1.0,1.0,1.0,1.0]
10746,[1673,8070,8114,8476],[1.0,1.0,1.0,1.0]
10746,[567,1621,4711,8476,9290,9841,9881],[1.0,1.0,1.0,1.0,1.0,1.0,1.0]
10746,[122,5440,5555,8497,9270,9289,9420],[1.0,1.0,1.0,1.0,1.0,1.0,1.0]
10746,[3586,5886,5983,9632,10716],[1.0,1.0,1.0,1.0,1.0]
10746,[356,4854,5448,7480,8114,9134,10350,10433],[1.0,1.0,1.0,1.0,1.0,1.0,1.0,1.0]
10746,[1673,1694,4405,8070,8895,9381,9585,9851],[1.0,1.0,1.0,1.0,1.0,1.0,1.0,1.0]
10746,[1458,1980,3038,3864,4634,7843,10326,10433],[1.0,1.0,1.0,1.0,1.0,1.0,1.0,1.0]
10746,[1673,2916,3586,3669,5019,7105,8070,10525],[1.0,1.0,1.0,1.0,1.0,1.0,1.0,1.0]
10746,[2285,2493,3669,5592,7923,9270],[1.0,1.0,1.0,1.0,1.0,1.0]
10746,[1211,2048,2518,5604,5626,5985,8070],[1.0,1.0,1.0,1.0,1.0,1.0,1.0]
10746,[2986,3219,5181,5626,7843,8114,9237],[1.0,1.0,1.0,1.0,1.0,1.0,1.0]
10746,[654,838,1071,1706,2512,4066,9185,10362],[1.0,1.0,1.0,1.0,1.0,1.0,1.0,1.0]
10746,[2799,3288,5181,8411,8476,9270,9841],[1.0,1.0,1.0,1.0,1.0,1.0,1.0]
10746,[1673,1920,3549,5280,6395,10278],[1.0,1.0,1.0,1.0,1.0,1.0]
10746,[1977,2986,4343,4589,7325,8114,9270],[1.0,1.0,1.0,1.0,1.0,1.0,1.0]
10746,[13,356,1144,1166,2957,3438,10115,10595],[1.0,1.0,1.0,1.0,1.0,1.0,1.0,1.0]
10746,[1255,2596,3065,3580,4680,6816,8070,8114,10028],[1.0,1.0,1.0,1.0,1.0,1.0,1.0,1.0,1.0]
10746,[838,1011,1655,5752,5985,10353],[1.0,1.0,1.0,1.0,1.0,1.0]
10746,[252,2455,5142,5985,6947,8535,8893,10419],[1.0,1.0,1.0,1.0,1.0,1.0,1.0,1.0]
10746,[567,705,2114,2596,4084,4947,7515,7649,9077],[1.0,1.0,1.0,1.0,1.0,1.0,1.0,1.0,1.0]
10746,[1173,1913,4198,6507,6918,8114,10490],[1.0,1.0,1.0,1.0,1.0,1.0,1.0]
10746,[4016,5537,6348,8070,8908,10097,10617],[1.0,1.0,1.0,1.0,1.0,1.0,1.0]
10746,[838,1166,4066,8711,8908,10353],[1.0,1.0,1.0,1.0,1.0,1.0]
10746,[2375,5626,6616,8070,8411,9381],[1.0,1.0,1.0,1.0,1.0,1.0]
10746,[654,1255,4343,4387,4898,5003,8070],[1.0,1.0,1.0,1.0,1.0,1.0,1.0]
10746,[311,549,2455,3700,5181,5983,10419],[1.0,1.0,1.0,1.0,1.0,1.0,1.0]
10746,[1284,2261,2455,4198,4589,7303,9491,10419,10421],[1.0,1.0,1.0,1.0,1.0,1.0,1.0,1.0,1.0]
10746,[4534,5415,6850,7057,7416,7857,9851,10139],[1.0,1.0,1.0,1.0,1.0,1.0,1.0,1.0]
10746,[2792],[1.0]
