10746,[121,1194,2741,4012,4440,4686,9433,10360],[1.0,1.0,1.0,1.0,1.0,1.0,1.0,1.0]
10746,[213,1319,1749,2245,3093,5993,6003,6220,8790],[1.0,1.0,1.0,1.0,1.0,1.0,1.0,1.0,1.0]
10746,[936,2272,2455,2876,5109,7101,7381,9701],[1.0,1.0,1.0,1.0,1.0,1.0,1.0,1.0]
10746,[121,902,3862,4804,6002,9903,10208,10419],[1.0,1.0,1.0,1.0,1.0,1.0,1.0,1.0]
10746,[991,1237,3192,3592,4552,5109,6053,9701],[1.0,1.0,1.0,1.0,1.0,1.0,1.0,1.0]
10746,[646,1054,1099,2640,3661,6603,7259,9298,9534,9595],[1.0,1.0,1.0,1.0,1.0,1.0,1.0,1.0,1.0,1.0]
10746,[991,3731,4374,8554,8878,9062,9433,9799],[1.0,1.0,1.0,1.0,1.0,1.0,1.0,1.0]
10746,[121,501,662,747,2443,4191,4611,6571,8934,10536],[1.0,1.0,1.0,1.0,1.0,1.0,1.0,1.0,1.0,1.0]
10746,[747,1113,1952,6193,6547,10203],[1.0,1.0,1.0,1.0,1.0,1.0]
10746,[2741,4191,4284,4370,5993,6119,7566,9062,9379,9491],[1.0,1.0,1.0,1.0,1.0,1.0,1.0,1.0,1.0,1.0]
10746,[540,1666,1749,2463,2741,4370,5993,6282],[1.0,1.0,1.0,1.0,1.0,1.0,1.0,1.0]
