10746,[1734,2999,4111,4440,4615,7944,8654,8848,9491],[1.0,1.0,1.0,1.0,1.0,1.0,1.0,1.0,1.0]
10746,[1308,1734,4302,4878,6736,9096,10053,10360,10463],[1.0,1.0,1.0,1.0,1.0,1.0,1.0,1.0,1.0]
10746,[213,936,1193,2426,4405,4511,4714,5054,10156],[1.0,1.0,1.0,1.0,1.0,1.0,1.0,1.0,1.0]
10746,[2282,2799,4421,4511,4804,9030,10316],[1.0,1.0,1.0,1.0,1.0,1.0,1.0]
10746,[902,3257,3718,7105,8613,8630,10068,10426],[1.0,1.0,1.0,1.0,1.0,1.0,1.0,1.0]
10746,[1765,2333,2455,3574,4328,8109,8111,9273,9724,10485],[1.0,1.0,1.0,1.0,1.0,1.0,1.0,1.0,1.0,1.0]
10746,[4611,7117,7379,7843,8055,8613,9612,9851],[1.0,1.0,1.0,1.0,1.0,1.0,1.0,1.0]
10746,[2206,2455,3089,9273,9298,9328,10039],[1.0,1.0,1.0,1.0,1.0,1.0,1.0]
10746,[4714,6874,8040,8654,8848,9298,9338,10621],[1.0,1.0,1.0,1.0,1.0,1.0,1.0,1.0]
10746,[365,896,2708,3616,5294,5916,7055,9383,9851],[1.0,1.0,1.0,1.0,1.0,1.0,1.0,1.0,1.0]
10746,[509,2618,2708,3741,8231,9289,9851,10621,10670],[1.0,1.0,1.0,1.0,1.0,1.0,1.0,1.0,1.0]
10746,[322,1121,1134,1535,4471,4710,9041,9270,9379],[1.0,1.0,1.0,1.0,1.0,1.0,1.0,1.0,1.0]
10746,[639,803,2162,2345,3790,9059,9172,9270],[1.0,1.0,1.0,1.0,1.0,1.0,1.0,1.0]
10746,[14,143,2518,2603,2733,8437,9187,10222],[1.0,1.0,1.0,1.0,1.0,1.0,1.0,1.0]
10746,[14,1481,4632,5429,10156,10222,10288],[1.0,1.0,1.0,1.0,1.0,1.0,1.0]
10746,[2099,2185,3347,4589,5440,7423,7634],[1.0,1.0,1.0,1.0,1.0,1.0,1.0]
10746,[2571,4159,4424,4718,7157,7634,8345,10089],[1.0,1.0,1.0,1.0,1.0,1.0,1.0,1.0]
10746,[303,902,1475,2499,4804,6047,7515,8145,9460],[1.0,1.0,1.0,1.0,1.0,1.0,1.0,1.0,1.0]
10746,[49,956,1255,2185,4611,8582,9208,9254,9298,9792],[1.0,1.0,1.0,1.0,1.0,1.0,1.0,1.0,1.0,1.0]
10746,[136,204,1455,1562,2618,4217,4534,8114,9851,10630],[1.0,1.0,1.0,1.0,1.0,1.0,1.0,1.0,1.0,1.0]
10746,[204,303,902,2603,2618,4159,4534,4804,9569,10621],[1.0,1.0,1.0,1.0,1.0,1.0,1.0,1.0,1.0,1.0]
10746,[172,2185,3268,3347,4721,6762,9187,10424],[1.0,1.0,1.0,1.0,1.0,1.0,1.0,1.0]
10746,[3022,4424,4888,4891,6335,8114,8630,9851],[1.0,1.0,1.0,1.0,1.0,1.0,1.0,1.0]
10746,[55,1378,2828,3347,5936,7350],[1.0,1.0,1.0,1.0,1.0,1.0]
10746,[14,501,4223,5181,6547,7423,7941,9912,10222],[1.0,1.0,1.0,1.0,1.0,1.0,1.0,1.0,1.0]
10746,[1706,3950,3965,5181,7857,8654,8848,9244,10617],[1.0,1.0,1.0,1.0,1.0,1.0,1.0,1.0,1.0]
10746,[334,822,3426,3900,6720,7923,8288,8538,9676],[1.0,1.0,1.0,1.0,1.0,1.0,1.0,1.0,1.0]
10746,[1971,5054,7000,9491],[1.0,1.0,1.0,1.0]
