10746,[513,654,3864,4440,8022,10326],[1.0,1.0,1.0,1.0,1.0,1.0]
10746,[213,1652,3261,4955,5477,5622,5733,10360,10463],[1.0,1.0,1.0,1.0,1.0,1.0,1.0,1.0,1.0]
10746,[442,513,936,3864,5733,9000,10326],[1.0,1.0,1.0,1.0,1.0,1.0,1.0]
10746,[1148,1706,3661,4681,4771,6379,6819,8621],[1.0,1.0,1.0,1.0,1.0,1.0,1.0,1.0]
10746,[5144,5181,5893,6242,7784,7803,9159,9665],[1.0,1.0,1.0,1.0,1.0,1.0,1.0,1.0]
10746,[806,1005,6985,7317,8583,8714,9115,9665],[1.0,1.0,1.0,1.0,1.0,1.0,1.0,1.0]
10746,[501,806,2982,3697,4259,5873,7086,7228],[1.0,1.0,1.0,1.0,1.0,1.0,1.0,1.0]
10746,[3114,5983,7086,7228,8782,8960,9115,9851],[1.0,1.0,1.0,1.0,1.0,1.0,1.0,1.0]
10746,[501,2209,2433,4217,4225,7084],[1.0,1.0,1.0,1.0,1.0,1.0]
10746,[501,838,3592,4225,5604,7826,8114,9031],[1.0,1.0,1.0,1.0,1.0,1.0,1.0,1.0]
10746,[3257,3532,4217,4915,5885,9270,10433],[1.0,1.0,1.0,1.0,1.0,1.0,1.0]
10746,[806,2511,2919,4217,4259,7390,7606],[1.0,1.0,1.0,1.0,1.0,1.0,1.0]
10746,[838,2688,2916,5962,9172,9249,10438],[1.0,1.0,1.0,1.0,1.0,1.0,1.0]
10746,[1007,1683,4974,7112,8041,9583,10433],[1.0,1.0,1.0,1.0,1.0,1.0,1.0]
10746,[3710,3759,3864,3998,5737,6497,8610],[1.0,1.0,1.0,1.0,1.0,1.0,1.0]
