10746,[39,3695,3844,4440,6131,6753,10201],[1.0,1.0,1.0,1.0,1.0,1.0,1.0]
10746,[213,1237,4055,4778,5017,7463,8635,9632,9865,10360],[1.0,1.0,1.0,1.0,1.0,1.0,1.0,1.0,1.0,1.0]
10746,[936,2518,3844,4750,6753,8540,10152,10187],[1.0,1.0,1.0,1.0,1.0,1.0,1.0,1.0]
10746,[869,3473,3661,3941,4362,9851,9903],[1.0,1.0,1.0,1.0,1.0,1.0,1.0]
10746,[1516,2206,2364,2422,3547,7213,8424,10313],[1.0,1.0,1.0,1.0,1.0,1.0,1.0,1.0]
10746,[2260,2493,4149,4934,5803,6819,9361],[1.0,1.0,1.0,1.0,1.0,1.0,1.0]
10746,[3089,3695,4420,4605,8917,8997,9328,10621],[1.0,1.0,1.0,1.0,1.0,1.0,1.0,1.0]
10746,[902,1099,1256,2310,4801,7127,7635,8041],[1.0,1.0,1.0,1.0,1.0,1.0,1.0,1.0]
10746,[3121,3535,4066,4327,4552,5641,6205,6630,7649],[1.0,1.0,1.0,1.0,1.0,1.0,1.0,1.0,1.0]
10746,[3535,4294,5368,7649,8308,10275,10335],[1.0,1.0,1.0,1.0,1.0,1.0,1.0]
10746,[1099,1275,1706,3110,3257,3515,8580,8842,9708,9818],[1.0,1.0,1.0,1.0,1.0,1.0,1.0,1.0,1.0,1.0]
10746,[1005,1706,3340,3695,3941,4961,9270,10082],[1.0,1.0,1.0,1.0,1.0,1.0,1.0,1.0]
10746,[4327,4605,4961,5368,8769,8997],[1.0,1.0,1.0,1.0,1.0,1.0]
10746,[1222,3695,4205,5592,9289,9708,10082,10139],[1.0,1.0,1.0,1.0,1.0,1.0,1.0,1.0]
10746,[637,1099,3275,3732,6753,7791,10335],[1.0,1.0,1.0,1.0,1.0,1.0,1.0]
