10746,[1739,4111,4440,7944,8458,9173,9548],[1.0,1.0,1.0,1.0,1.0,1.0,1.0]
10746,[1308,3993,4302,4878,6736,7698,9096,10053,10360],[1.0,1.0,1.0,1.0,1.0,1.0,1.0,1.0,1.0]
10746,[213,1652,3006,4895,5622,9173,9548,9988,10463],[1.0,1.0,1.0,1.0,1.0,1.0,1.0,1.0,1.0]
10746,[936,1779,2687,4792,6002,8774],[1.0,1.0,1.0,1.0,1.0,1.0]
10746,[1686,1826,3347,6335,8280,9832,9841,10068,10222],[1.0,1.0,1.0,1.0,1.0,1.0,1.0,1.0,1.0]
10746,[1706,2629,3318,3347,6747,7733,10082,10222],[1.0,1.0,1.0,1.0,1.0,1.0,1.0,1.0]
10746,[1600,1826,1927,4405,5885,5939,7379,9534,9831],[1.0,1.0,1.0,1.0,1.0,1.0,1.0,1.0,1.0]
10746,[1534,2185,2629,3515,6660,7157,8114],[1.0,1.0,1.0,1.0,1.0,1.0,1.0]
10746,[1242,1600,5205,5641,8654,8848,9831,10082],[1.0,1.0,1.0,1.0,1.0,1.0,1.0,1.0]
10746,[2333,3313,6229,6536,8630,9273,9595,10433],[1.0,1.0,1.0,1.0,1.0,1.0,1.0,1.0]
10746,[2493,2596,3276,5440,6383,9187,9273,10617],[1.0,1.0,1.0,1.0,1.0,1.0,1.0,1.0]
10746,[14,172,501,3347,4779,7112,8114,10222],[1.0,1.0,1.0,1.0,1.0,1.0,1.0,1.0]
10746,[1447,4040,4191,4252,4707,8688],[1.0,1.0,1.0,1.0,1.0,1.0]
10746,[206,1600,4191,6098,6255,8895,9298,10053],[1.0,1.0,1.0,1.0,1.0,1.0,1.0,1.0]
10746,[4294,4326,5931,5996,7205,8204,9187],[1.0,1.0,1.0,1.0,1.0,1.0,1.0]
10746,[1255,1496,5142,5200,5939,6176,9270],[1.0,1.0,1.0,1.0,1.0,1.0,1.0]
10746,[1558,3347,4934,6172,7928,8673,9508,9632],[1.0,1.0,1.0,1.0,1.0,1.0,1.0,1.0]
10746,[365,2210,3347,4953,7379,7476,9548],[1.0,1.0,1.0,1.0,1.0,1.0,1.0]
