10746,[513,654,2455,3864,4440,6626,10326],[1.0,1.0,1.0,1.0,1.0,1.0,1.0]
10746,[213,806,1310,1652,3261,4955,5622,8779,10360,10463],[1.0,1.0,1.0,1.0,1.0,1.0,1.0,1.0,1.0,1.0]
10746,[242,2013,5201,6557,8751,8779,9491],[1.0,1.0,1.0,1.0,1.0,1.0,1.0]
10746,[513,936,3864,10326,10463],[1.0,1.0,1.0,1.0,1.0]
10746,[242,2013,5201,8751,8779,9491],[1.0,1.0,1.0,1.0,1.0,1.0]
10746,[936,1155,6047,6295,6557,7502,8114,10427,10621],[1.0,1.0,1.0,1.0,1.0,1.0,1.0,1.0,1.0]
10746,[1310,4215,4533,5181,6047,8348,9381,9632],[1.0,1.0,1.0,1.0,1.0,1.0,1.0,1.0]
10746,[1255,1310,4268,6047,7742,7930,8406,10222],[1.0,1.0,1.0,1.0,1.0,1.0,1.0,1.0]
10746,[365,3266,3296,4332,5569,5898,6295,7379,9724],[1.0,1.0,1.0,1.0,1.0,1.0,1.0,1.0,1.0]
10746,[839,3378,3545,3661,5348,6056,8056,8917,9400],[1.0,1.0,1.0,1.0,1.0,1.0,1.0,1.0,1.0]
10746,[121,206,4611,6172,7033,9922,10479],[1.0,1.0,1.0,1.0,1.0,1.0,1.0]
10746,[3850,4809,7117,8159,8622,9270],[1.0,1.0,1.0,1.0,1.0,1.0]
10746,[448,869,2425,2518,3669,9270,9841,9989],[1.0,1.0,1.0,1.0,1.0,1.0,1.0,1.0]
10746,[172,1637,3864,4414,4825,4954,5201,6915,8779],[1.0,1.0,1.0,1.0,1.0,1.0,1.0,1.0,1.0]
10746,[1478,2651,4268,6502,6561,7544,7891,9491,9806,10175],[1.0,1.0,1.0,1.0,1.0,1.0,1.0,1.0,1.0,1.0]
10746,[838,6603,7784,7944,10536],[1.0,1.0,1.0,1.0,1.0]
10746,[1310,2079,4533,7930,8041,8343,10222],[1.0,1.0,1.0,1.0,1.0,1.0,1.0]
10746,[896,1683,2830,2916,4533,4784,7930],[1.0,1.0,1.0,1.0,1.0,1.0,1.0]
10746,[896,2326,5296,5634,7445,7548,10305],[1.0,1.0,1.0,1.0,1.0,1.0,1.0]
10746,[2022,2326,2608,2830,3070,4533,5634,7548],[1.0,1.0,1.0,1.0,1.0,1.0,1.0,1.0]
10746,[843,936,1255,1613,3304,4191,7502,7733,8280],[1.0,1.0,1.0,1.0,1.0,1.0,1.0,1.0,1.0]
10746,[896,3669,4589,5142,5440,9289],[1.0,1.0,1.0,1.0,1.0,1.0]
10746,[975,2114,2885,3426,3864,8729,9776],[1.0,1.0,1.0,1.0,1.0,1.0,1.0]
10746,[156,1255,1602,1948,3339,3358,3502,4809,8622],[1.0,1.0,1.0,1.0,1.0,1.0,1.0,1.0,1.0]
10746,[1160,5154,5928,6047,8595,9270,10621],[1.0,1.0,1.0,1.0,1.0,1.0,1.0]
10746,[843,956,1310,6002,7187,7382,9710,10056,10419],[1.0,1.0,1.0,1.0,1.0,1.0,1.0,1.0,1.0]
10746,[2493,4534,4733,6056,6257,7045,9776],[1.0,1.0,1.0,1.0,1.0,1.0,1.0]
10746,[567,2627,4533,4534,8114,9528,9632,10463],[1.0,1.0,1.0,1.0,1.0,1.0,1.0,1.0]
10746,[206,869,1310,2009,2957,7930,9381,10683],[1.0,1.0,1.0,1.0,1.0,1.0,1.0,1.0]
10746,[372,2455,3286,4149,4374,6335,7518,9460,9892,10419],[1.0,1.0,1.0,1.0,1.0,1.0,1.0,1.0,1.0,1.0]
10746,[3106,5328,5626,5662,7390,7929,9381],[1.0,1.0,1.0,1.0,1.0,1.0,1.0]
10746,[303,2185,2455,4084,6257,6536,9289,9758],[1.0,1.0,1.0,1.0,1.0,1.0,1.0,1.0]
10746,[2628,3864,8278,8842],[1.0,1.0,1.0,1.0]
