10746,[242,838,3206,3474,3875,4440,5355,9491],[1.0,1.0,1.0,1.0,1.0,1.0,1.0,1.0]
10746,[1449,2518,2827,3006,4778,5435,8571,9632,10152,10360],[1.0,1.0,1.0,1.0,1.0,1.0,1.0,1.0,1.0,1.0]
10746,[209,213,1309,2651,3474,5581,7478,7776,9693,9945],[1.0,1.0,1.0,1.0,1.0,1.0,1.0,1.0,1.0,1.0]
10746,[1449,2813,5435,8571,9273,9829,9920],[1.0,1.0,1.0,1.0,1.0,1.0,1.0]
10746,[372,766,2351,3250,9632,10621],[1.0,1.0,1.0,1.0,1.0,1.0]
10746,[463,3586,4405,8476,8694,9494,9632,9988,10232],[1.0,1.0,1.0,1.0,1.0,1.0,1.0,1.0,1.0]
10746,[2455,3250,6574,8917,9494,10232],[1.0,1.0,1.0,1.0,1.0,1.0]
10746,[896,1099,2040,2509,2920,3890,4870,7820,9831],[1.0,1.0,1.0,1.0,1.0,1.0,1.0,1.0,1.0]
10746,[1225,2240,3339,4885,9494,10232,10621],[1.0,1.0,1.0,1.0,1.0,1.0,1.0]
10746,[838,2781,5522,5641,7771,7944,8476,9298,10536],[1.0,1.0,1.0,1.0,1.0,1.0,1.0,1.0,1.0]
10746,[3661,5641,5903,6956,7784],[1.0,1.0,1.0,1.0,1.0]
10746,[14,957,2016,2326,3192,4440,7784,8582],[1.0,1.0,1.0,1.0,1.0,1.0,1.0,1.0]
10746,[126,705,2916,5946,6172,6781,10139],[1.0,1.0,1.0,1.0,1.0,1.0,1.0]
10746,[365,1729,1918,2596,2916,6172,6229,8114,10068],[1.0,1.0,1.0,1.0,1.0,1.0,1.0,1.0,1.0]
10746,[2126,2493,2640,3062,3133,4440,9632],[1.0,1.0,1.0,1.0,1.0,1.0,1.0]
10746,[3783,4387,4671,5181,7316,8411,9988,10082],[1.0,1.0,1.0,1.0,1.0,1.0,1.0,1.0]
10746,[898,2038,2126,5181,5634,5886,8582,9595,10082],[1.0,1.0,1.0,1.0,1.0,1.0,1.0,1.0,1.0]
10746,[2016,4387,5137,6341,9851,10139,10449,10682],[1.0,1.0,1.0,1.0,1.0,1.0,1.0,1.0]
10746,[838,2916,3576,4191,4494,7105,7868,8554],[1.0,1.0,1.0,1.0,1.0,1.0,1.0,1.0]
10746,[1700,3082,4405,5628,5634,5763,9988,10621],[1.0,1.0,1.0,1.0,1.0,1.0,1.0,1.0]
10746,[661,838,1255,2079,3824,9502,10222,10438],[1.0,1.0,1.0,1.0,1.0,1.0,1.0,1.0]
10746,[126,1054,1099,2247,3206,7784,8344,8729,9988,10645],[1.0,1.0,1.0,1.0,1.0,1.0,1.0,1.0,1.0,1.0]
10746,[2114,4589,4671,5634,6877,7502,9988],[1.0,1.0,1.0,1.0,1.0,1.0,1.0]
10746,[14,1706,3886,3959,4205,5181,6603,7045,9988,10222],[1.0,1.0,1.0,1.0,1.0,1.0,1.0,1.0,1.0,1.0]
10746,[629,1222,1596,2472,3065,3257,4217,5747,9289],[1.0,1.0,1.0,1.0,1.0,1.0,1.0,1.0,1.0]
10746,[869,1255,1450,1706,5592,8941,9352,9871],[1.0,1.0,1.0,1.0,1.0,1.0,1.0,1.0]
10746,[753,838,2799,5996,6172,8909,10203],[1.0,1.0,1.0,1.0,1.0,1.0,1.0]
