10746,[3669,4440,4750,4953,6753,8773,10187,10360],[1.0,1.0,1.0,1.0,1.0,1.0,1.0,1.0]
10746,[213,1193,1652,2518,2661,4681,4778,10152,10187],[1.0,1.0,1.0,1.0,1.0,1.0,1.0,1.0,1.0]
10746,[1161,1513,7990,8444,9161,10067,10463],[1.0,1.0,1.0,1.0,1.0,1.0,1.0]
10746,[936,4953,7379,8729,8773,9153,9953,10621],[1.0,1.0,1.0,1.0,1.0,1.0,1.0,1.0]
10746,[1700,3189,5440,7506,8280,10716],[1.0,1.0,1.0,1.0,1.0,1.0]
10746,[971,3082,6002,6229,9290,10381,10621],[1.0,1.0,1.0,1.0,1.0,1.0,1.0]
10746,[1948,4953,7379,8729,9153,9953,10621],[1.0,1.0,1.0,1.0,1.0,1.0,1.0]
10746,[1700,3189,4058,5440,7611,8280,10716],[1.0,1.0,1.0,1.0,1.0,1.0,1.0]
10746,[1038,1776,2272,2530,2708,2876,7381,9851,10621],[1.0,1.0,1.0,1.0,1.0,1.0,1.0,1.0,1.0]
10746,[7101],[1.0]
