10746,[39,3844,4440,6131,6753,9972,10201],[1.0,1.0,1.0,1.0,1.0,1.0,1.0]
10746,[213,1237,4055,4778,5017,7463,8635,9632,9865,10360],[1.0,1.0,1.0,1.0,1.0,1.0,1.0,1.0,1.0,1.0]
10746,[2200,2518,3277,3844,5090,8540,9491,9996,10152],[1.0,1.0,1.0,1.0,1.0,1.0,1.0,1.0,1.0]
10746,[896,936,1376,4534,5090,5845,6547,8638,9953],[1.0,1.0,1.0,1.0,1.0,1.0,1.0,1.0,1.0]
10746,[529,2162,2182,8638,9289,10082,10422],[1.0,1.0,1.0,1.0,1.0,1.0,1.0]
10746,[299,902,1099,6047,6547,6603,10507],[1.0,1.0,1.0,1.0,1.0,1.0,1.0]
10746,[902,1437,2425,4405,4868,5564,6547,7502],[1.0,1.0,1.0,1.0,1.0,1.0,1.0,1.0]
10746,[1437,2493,4113,6229,7506,8941,9939],[1.0,1.0,1.0,1.0,1.0,1.0,1.0]
10746,[2493,2618,3438,4191,4545,4716,5197,10336],[1.0,1.0,1.0,1.0,1.0,1.0,1.0,1.0]
10746,[956,2909,3426,4534,6547,7310,9796,10336],[1.0,1.0,1.0,1.0,1.0,1.0,1.0,1.0]
10746,[143,7191,7421,9379,9808,9831],[1.0,1.0,1.0,1.0,1.0,1.0]
10746,[953,1067,2126,3556,4921,5564,6819,7421,8041],[1.0,1.0,1.0,1.0,1.0,1.0,1.0,1.0,1.0]
10746,[953,3102,3651,4205,5592,9728,10253],[1.0,1.0,1.0,1.0,1.0,1.0,1.0]
10746,[1920,3070,4486,5304,5628,6229,6547],[1.0,1.0,1.0,1.0,1.0,1.0,1.0]
10746,[844,956,3433,6229,6335,8991,9831],[1.0,1.0,1.0,1.0,1.0,1.0,1.0]
10746,[172,5304,6047,6229,10125],[1.0,1.0,1.0,1.0,1.0]
10746,[172,747,3732,4092,5304,7379,8991,9831,9851],[1.0,1.0,1.0,1.0,1.0,1.0,1.0,1.0,1.0]
10746,[712,844,956,3433,6335,8114,9851],[1.0,1.0,1.0,1.0,1.0,1.0,1.0]
10746,[3651,4114,4854,6098,7877,8114],[1.0,1.0,1.0,1.0,1.0,1.0]
10746,[22,2751,3257,6119,6471,7649,8002,9292,9851],[1.0,1.0,1.0,1.0,1.0,1.0,1.0,1.0,1.0]
10746,[4191,4650,6847,8942,9384,9676,10082,10341],[1.0,1.0,1.0,1.0,1.0,1.0,1.0,1.0]
10746,[463,4066,4611,4868,5304,6819,7515,9972],[1.0,1.0,1.0,1.0,1.0,1.0,1.0,1.0]
10746,[902,1150,5142,5197,5207,5564,6229,9298,9555],[1.0,1.0,1.0,1.0,1.0,1.0,1.0,1.0,1.0]
10746,[285,3545,4217,4405,4534,5320],[1.0,1.0,1.0,1.0,1.0,1.0]
10746,[172,350,902,2518,7317,8216,9328],[1.0,1.0,1.0,1.0,1.0,1.0,1.0]
10746,[4585,4888,6335,7205,8114,9270,9632,10621,10714],[1.0,1.0,1.0,1.0,1.0,1.0,1.0,1.0,1.0]
10746,[146,816,896,2737,4405,4534,5701,6547,9040,9328],[1.0,1.0,1.0,1.0,1.0,1.0,1.0,1.0,1.0,1.0]
10746,[1657,1965,2123,2156,3859,4149,4188,8041],[1.0,1.0,1.0,1.0,1.0,1.0,1.0,1.0]
10746,[874,1053,3327,5181,5304,8554,10621],[1.0,1.0,1.0,1.0,1.0,1.0,1.0]
10746,[126,498,844,956,4349,6335,8991,9831],[1.0,1.0,1.0,1.0,1.0,1.0,1.0,1.0]
10746,[1706,6335,6753,7843,9851,9939],[1.0,1.0,1.0,1.0,1.0,1.0]
