10746,[1652,2785,3093,3993,4677,5486,10360,10731],[1.0,1.0,1.0,1.0,1.0,1.0,1.0,1.0]
10746,[2531,2785,3844,4440,4809,5358,5486],[1.0,1.0,1.0,1.0,1.0,1.0,1.0]
10746,[2785,3844,5358,5486],[1.0,1.0,1.0,1.0]
10746,[39,213,3844,5358,6753,10463],[1.0,1.0,1.0,1.0,1.0,1.0]
10746,[936,1291,2785,3093,4677,5486,6131,6753,10201],[1.0,1.0,1.0,1.0,1.0,1.0,1.0,1.0,1.0]
10746,[956,2067,2916,3515,5592,6172,7117,8114,9851],[1.0,1.0,1.0,1.0,1.0,1.0,1.0,1.0,1.0]
10746,[561,5127,6035,9851,10419,10539,10617],[1.0,1.0,1.0,1.0,1.0,1.0,1.0]
10746,[646,2006,2530,4205,9419,9894,10459,10609,10617],[1.0,1.0,1.0,1.0,1.0,1.0,1.0,1.0,1.0]
10746,[561,4751,6607,7548,8114,8345,9724],[1.0,1.0,1.0,1.0,1.0,1.0,1.0]
10746,[4629,6035,8114,9076,9724,10397,10609,10617],[1.0,1.0,1.0,1.0,1.0,1.0,1.0,1.0]
10746,[1037,2006,2079,3585,4405,6335,6603,8481,9962],[1.0,1.0,1.0,1.0,1.0,1.0,1.0,1.0,1.0]
10746,[261,871,1660,7074,8254,9364,9576,9940],[1.0,1.0,1.0,1.0,1.0,1.0,1.0,1.0]
10746,[871,1187,2427,2618,3741,3824,6326,8048,9575],[1.0,1.0,1.0,1.0,1.0,1.0,1.0,1.0,1.0]
10746,[3629,4217,5069,6335,7921,9289,10419],[1.0,1.0,1.0,1.0,1.0,1.0,1.0]
10746,[1255,2618,3273,3545,3741,4217,6145,7857,7921],[1.0,1.0,1.0,1.0,1.0,1.0,1.0,1.0,1.0]
10746,[956,2618,4920,6650,8690,8729,10419,10422,10433],[1.0,1.0,1.0,1.0,1.0,1.0,1.0,1.0,1.0]
10746,[871,3545,6086,7923,8680,9289,9606],[1.0,1.0,1.0,1.0,1.0,1.0,1.0]
10746,[1099,1673,2324,2530,2814,7606,9882],[1.0,1.0,1.0,1.0,1.0,1.0,1.0]
10746,[850,871,1275,2493,4332,4355,5366,9379],[1.0,1.0,1.0,1.0,1.0,1.0,1.0,1.0]
10746,[1233,2916,4332,4597,9632],[1.0,1.0,1.0,1.0,1.0]
