10746,[1211,2530,3081,3999,4440,6453,10394],[1.0,1.0,1.0,1.0,1.0,1.0,1.0]
10746,[213,1344,1411,1503,1652,2245,7937,7991,9972,10360],[1.0,1.0,1.0,1.0,1.0,1.0,1.0,1.0,1.0,1.0]
10746,[1853,2518,3999,4483,4778,5820,10152,10394,10463],[1.0,1.0,1.0,1.0,1.0,1.0,1.0,1.0,1.0]
10746,[936,1853,3450,3608,9305,9491,10463],[1.0,1.0,1.0,1.0,1.0,1.0,1.0]
10746,[936,1358,2049,4865,7481,9054],[1.0,1.0,1.0,1.0,1.0,1.0]
10746,[549,1364,2769,3515,4268,6167,7187,9270],[1.0,1.0,1.0,1.0,1.0,1.0,1.0,1.0]
10746,[55,3082,4576,4851,5983,6805,7506,9270,9953,9988],[1.0,1.0,1.0,1.0,1.0,1.0,1.0,1.0,1.0,1.0]
10746,[2530,4058,5592,5628,6053,8928,9433],[1.0,1.0,1.0,1.0,1.0,1.0,1.0]
10746,[372,567,3070,4240,4534,6592,6825,7823,8114],[1.0,1.0,1.0,1.0,1.0,1.0,1.0,1.0,1.0]
10746,[161,1535,3835,5518,5748,7760,10621],[1.0,1.0,1.0,1.0,1.0,1.0,1.0]
10746,[172,1665,1706,3571,4534,9084,9611,10182],[1.0,1.0,1.0,1.0,1.0,1.0,1.0,1.0]
10746,[539,2576,3192,3993,4008,5024,8552,9988],[1.0,1.0,1.0,1.0,1.0,1.0,1.0,1.0]
10746,[1266,3318,4034,4087,4240,4925,6691,9692],[1.0,1.0,1.0,1.0,1.0,1.0,1.0,1.0]
10746,[539,1255,3993,4217,4245,4576,5024,9988,10539],[1.0,1.0,1.0,1.0,1.0,1.0,1.0,1.0,1.0]
10746,[2075,4008,4087,4453,6562,6691,8114,8552],[1.0,1.0,1.0,1.0,1.0,1.0,1.0,1.0]
10746,[1098,1266,1510,2493,4512,6691],[1.0,1.0,1.0,1.0,1.0,1.0]
10746,[3993,4087,4380,7055,7317,8114,9460],[1.0,1.0,1.0,1.0,1.0,1.0,1.0]
10746,[567,1673,2708,4268,7117,9270,10570],[1.0,1.0,1.0,1.0,1.0,1.0,1.0]
10746,[944,1830,3450,3608,4121,4534,7959,8040,9491],[1.0,1.0,1.0,1.0,1.0,1.0,1.0,1.0,1.0]
10746,[769,1242,1673,4191,6341,6824,8590,8701,9364],[1.0,1.0,1.0,1.0,1.0,1.0,1.0,1.0,1.0]
10746,[1948,2771,3081,3257,6453,7857],[1.0,1.0,1.0,1.0,1.0,1.0]
10746,[1503,1652,3081,3999,6626,10394],[1.0,1.0,1.0,1.0,1.0,1.0]
