10746,[64,540,975,2566,2763,3475,4440,8811],[1.0,1.0,1.0,1.0,1.0,1.0,1.0,1.0]
10746,[213,1237,1652,2763,3336,4682,7153,8543,8859,10360],[1.0,1.0,1.0,1.0,1.0,1.0,1.0,1.0,1.0,1.0]
10746,[365,661,677,896,1237,1844,3651,7370,9000],[1.0,1.0,1.0,1.0,1.0,1.0,1.0,1.0,1.0]
10746,[902,1237,2427,3754,5820,9971,10082],[1.0,1.0,1.0,1.0,1.0,1.0,1.0]
10746,[14,1136,4998,7339,7419,9524,10203,10419],[1.0,1.0,1.0,1.0,1.0,1.0,1.0,1.0]
10746,[396,1255,1557,4405,6167,6603,9289,9364],[1.0,1.0,1.0,1.0,1.0,1.0,1.0,1.0]
10746,[1004,3336,3997,4217,4294,7105,7826,9292,9524],[1.0,1.0,1.0,1.0,1.0,1.0,1.0,1.0,1.0]
10746,[3426,4145,7079,7419,8608,9809,10003],[1.0,1.0,1.0,1.0,1.0,1.0,1.0]
10746,[501,1136,1299,3336,3651,4217,7379,10508],[1.0,1.0,1.0,1.0,1.0,1.0,1.0,1.0]
10746,[567,2530,3545,3669,4217,7919,8554,8595],[1.0,1.0,1.0,1.0,1.0,1.0,1.0,1.0]
10746,[191,956,2067,4857,5163,8087,8648,9816,9851],[1.0,1.0,1.0,1.0,1.0,1.0,1.0,1.0,1.0]
10746,[1136,2737,3257,5710,8520,8527,8595,10433],[1.0,1.0,1.0,1.0,1.0,1.0,1.0,1.0]
10746,[896,3754,4217,4331,8114,8630,9524,10068,10621],[1.0,1.0,1.0,1.0,1.0,1.0,1.0,1.0,1.0]
10746,[1726,2493,2618,3134,4597,6033,6335,9066,9851],[1.0,1.0,1.0,1.0,1.0,1.0,1.0,1.0,1.0]
10746,[463,567,1099,4454,5639,6985,7074,8297],[1.0,1.0,1.0,1.0,1.0,1.0,1.0,1.0]
10746,[2123,3946,8114,8360,9851],[1.0,1.0,1.0,1.0,1.0]
10746,[1255,2708,4223,4405,4609,6229,8280,8796,10536],[1.0,1.0,1.0,1.0,1.0,1.0,1.0,1.0,1.0]
10746,[1453,2278,4217,4649,5798,8558,9524,9528,9999],[1.0,1.0,1.0,1.0,1.0,1.0,1.0,1.0,1.0]
10746,[655,2571,4113,4576,6193,7813,8221,8280,9190,10422],[1.0,1.0,1.0,1.0,1.0,1.0,1.0,1.0,1.0,1.0]
10746,[1255,1736,3539,7423,8690,9183,9972],[1.0,1.0,1.0,1.0,1.0,1.0,1.0]
10746,[499,514,1005,2596,2707,3651,3744,4191,4205,4217],[1.0,1.0,1.0,1.0,1.0,1.0,1.0,1.0,1.0,1.0]
10746,[1255,1522,3545,4794,5391,5774,7898,8413],[1.0,1.0,1.0,1.0,1.0,1.0,1.0,1.0]
10746,[365,896,902,1099,1237,2530,3651,4389,7112,8582],[1.0,1.0,1.0,1.0,1.0,1.0,1.0,1.0,1.0,1.0]
10746,[1275,1299,2596,2618,3590,4259,5686,8764],[1.0,1.0,1.0,1.0,1.0,1.0,1.0,1.0]
10746,[933,1275,3532,3910,4998,7384,8671],[1.0,1.0,1.0,1.0,1.0,1.0,1.0]
10746,[213,1099,4552,4998,6277,7407,9831],[1.0,1.0,1.0,1.0,1.0,1.0,1.0]
10746,[51,956,2334,2916,7621,8114,8223],[1.0,1.0,1.0,1.0,1.0,1.0,1.0]
10746,[2425,3390,3859,4511,4606,4957,5142,9148,9289],[1.0,1.0,1.0,1.0,1.0,1.0,1.0,1.0,1.0]
10746,[141,822,956,2493,3590,6033,8398,8688,10419],[1.0,1.0,1.0,1.0,1.0,1.0,1.0,1.0,1.0]
10746,[273,695,759,896,3672,7923,8398,8960],[1.0,1.0,1.0,1.0,1.0,1.0,1.0,1.0]
10746,[1099,2799,3377,4259,4998,5759,5928,9289],[1.0,1.0,1.0,1.0,1.0,1.0,1.0,1.0]
10746,[89,933,991,2665,3590,7390,9851,10419,10639],[1.0,1.0,1.0,1.0,1.0,1.0,1.0,1.0,1.0]
10746,[2596,5628,6626,6893,7502,8584,8595,8875,9882],[1.0,1.0,1.0,1.0,1.0,1.0,1.0,1.0,1.0]
10746,[1099,1706,3590,4344,5049,7506,7917,8960],[1.0,1.0,1.0,1.0,1.0,1.0,1.0,1.0]
10746,[802,975,1411,4191,4520,5374,6017,7506,8083,9988],[1.0,1.0,1.0,1.0,1.0,1.0,1.0,1.0,1.0,1.0]
10746,[986,1609,2278,3286,3592,4881,9298,9798],[1.0,1.0,1.0,1.0,1.0,1.0,1.0,1.0]
10746,[64,631,1706,3061,6017,7813,8729,8925,9058,9909],[1.0,1.0,1.0,1.0,1.0,1.0,1.0,1.0,1.0,1.0]
10746,[64,191,2566,3061,4345,5170,6017,8953,9802],[1.0,1.0,1.0,1.0,1.0,1.0,1.0,1.0,1.0]
10746,[540,1847,2763,3336,4955,7890,8811],[1.0,1.0,1.0,1.0,1.0,1.0,1.0]
10746,[1847,2763,9600],[1.0,1.0,1.0]
