10746,[213,1176,1316,1452,4440,5918,7031,8494],[1.0,1.0,1.0,1.0,1.0,1.0,1.0,1.0]
10746,[51,936,4430,5090,5845,7084,7572,7643,9465],[1.0,1.0,1.0,1.0,1.0,1.0,1.0,1.0,1.0]
10746,[1706,2916,4428,5641,6337,7074,7362,9528],[1.0,1.0,1.0,1.0,1.0,1.0,1.0,1.0]
10746,[1099,1548,2156,5537,6335,7572],[1.0,1.0,1.0,1.0,1.0,1.0]
10746,[1706,2799,2916,4416,6335,6337,7074,9528,9851],[1.0,1.0,1.0,1.0,1.0,1.0,1.0,1.0,1.0]
10746,[3082,4611,5079,5452,6541,7074,8429,10139],[1.0,1.0,1.0,1.0,1.0,1.0,1.0,1.0]
10746,[598,4416,4766,5452,5515,7572,7826,10135],[1.0,1.0,1.0,1.0,1.0,1.0,1.0,1.0]
10746,[2111,3558,5181,6093,7826,8688,9524,9871,10222],[1.0,1.0,1.0,1.0,1.0,1.0,1.0,1.0,1.0]
10746,[2067,5079,5988,7339,7655,7843],[1.0,1.0,1.0,1.0,1.0,1.0]
10746,[264,1706,2065,2240,4242,5181,5440,5515,9316],[1.0,1.0,1.0,1.0,1.0,1.0,1.0,1.0,1.0]
10746,[135,2530,4804,5580,5641,8494,8935],[1.0,1.0,1.0,1.0,1.0,1.0,1.0]
10746,[1316,5183,6626,7031,7146,8114,10251,10489],[1.0,1.0,1.0,1.0,1.0,1.0,1.0,1.0]
10746,[2916,4757,5033,5914,6394,6450,7031,8114],[1.0,1.0,1.0,1.0,1.0,1.0,1.0,1.0]
10746,[2530,8935],[1.0,1.0]
