10746,[902,3081,3999,4440,5142,6453,10394],[1.0,1.0,1.0,1.0,1.0,1.0,1.0]
10746,[213,1344,1503,1652,2245,7937,7991,9724,10233,10360],[1.0,1.0,1.0,1.0,1.0,1.0,1.0,1.0,1.0,1.0]
10746,[1853,2518,3999,4483,4778,5820,10152,10394,10463],[1.0,1.0,1.0,1.0,1.0,1.0,1.0,1.0,1.0]
10746,[936,1853,3450,3608,9305,9491,10463],[1.0,1.0,1.0,1.0,1.0,1.0,1.0]
10746,[442,796,936,1364,3532,5477,5733],[1.0,1.0,1.0,1.0,1.0,1.0,1.0]
10746,[14,2022,6115,6524,6603,6755,7917,9708,10222],[1.0,1.0,1.0,1.0,1.0,1.0,1.0,1.0,1.0]
10746,[796,1364,2247,3532,4784,10617],[1.0,1.0,1.0,1.0,1.0,1.0]
10746,[14,2022,6115,6524,6603,6755,7917,9708,10222],[1.0,1.0,1.0,1.0,1.0,1.0,1.0,1.0,1.0]
10746,[1237,2455,4191,6706,7506,9289,9407,9595,9903,10419],[1.0,1.0,1.0,1.0,1.0,1.0,1.0,1.0,1.0,1.0]
10746,[1237,1673,1965,2022,2518,3192,3993,8701],[1.0,1.0,1.0,1.0,1.0,1.0,1.0,1.0]
10746,[896,1198,2530,3827,4534,4606,7502,9851],[1.0,1.0,1.0,1.0,1.0,1.0,1.0,1.0]
10746,[417,1785,1803,4332,4669,6295,7502,9066],[1.0,1.0,1.0,1.0,1.0,1.0,1.0,1.0]
10746,[3532,4606,4611,5142,8937,9528,9851],[1.0,1.0,1.0,1.0,1.0,1.0,1.0]
10746,[796,3532,3549,6335,8740,10068,10621],[1.0,1.0,1.0,1.0,1.0,1.0,1.0]
10746,[796,4344,5505,8411,8740,10621],[1.0,1.0,1.0,1.0,1.0,1.0]
10746,[1726,2455,3260,4606,6115,8740,10580],[1.0,1.0,1.0,1.0,1.0,1.0,1.0]
10746,[14,4092,4216,5954,6219,7502,7535,10438],[1.0,1.0,1.0,1.0,1.0,1.0,1.0,1.0]
10746,[2123,4332,4420,5191,5954,6212,8133],[1.0,1.0,1.0,1.0,1.0,1.0,1.0]
10746,[3532,3741,5954,6212,6219,7654,7959,9461],[1.0,1.0,1.0,1.0,1.0,1.0,1.0,1.0]
10746,[51,3426,4648,5883,7189,7438,10621],[1.0,1.0,1.0,1.0,1.0,1.0,1.0]
10746,[51,2530,3586,5085,5883,6212,9534,9831,10222],[1.0,1.0,1.0,1.0,1.0,1.0,1.0,1.0,1.0]
10746,[2455,4921,6590,8875,9097,9925,10419],[1.0,1.0,1.0,1.0,1.0,1.0,1.0]
10746,[359,3426,4344,4669,6295,7617,8632,9841],[1.0,1.0,1.0,1.0,1.0,1.0,1.0,1.0]
10746,[796,3532,5181,6626,7649,9648,9831],[1.0,1.0,1.0,1.0,1.0,1.0,1.0]
10746,[1237,1817,2530,2901,4280,4603,7506,8875,10595],[1.0,1.0,1.0,1.0,1.0,1.0,1.0,1.0,1.0]
10746,[2530,4066,5928,5939,6392,7074],[1.0,1.0,1.0,1.0,1.0,1.0]
10746,[1939,6172,6212,7892,9420,9461,10327],[1.0,1.0,1.0,1.0,1.0,1.0,1.0]
10746,[1252,5899,6080,6439,7917,8554,10091],[1.0,1.0,1.0,1.0,1.0,1.0,1.0]
10746,[106,3586,4640,5971,6533,7502,7917,8073],[1.0,1.0,1.0,1.0,1.0,1.0,1.0,1.0]
10746,[251,1829,2556,2916,4813,6546,7502,8582,10419],[1.0,1.0,1.0,1.0,1.0,1.0,1.0,1.0,1.0]
10746,[650,2916,3886,5604,8758,9816,10353],[1.0,1.0,1.0,1.0,1.0,1.0,1.0]
10746,[365,2596,3890,4128,4984,5205,7923,9270,9633],[1.0,1.0,1.0,1.0,1.0,1.0,1.0,1.0,1.0]
10746,[1267,1292,1920,9270,9633,9824,9841],[1.0,1.0,1.0,1.0,1.0,1.0,1.0]
10746,[3081,3549,3999,4208,6720,8590,10246,10394],[1.0,1.0,1.0,1.0,1.0,1.0,1.0,1.0]
10746,[1664,2421,3279,5400,6754,7011,9364,9558,10699],[1.0,1.0,1.0,1.0,1.0,1.0,1.0,1.0,1.0]
