10746,[1853,3450,3608,4440,5710,9150,9305,9491],[1.0,1.0,1.0,1.0,1.0,1.0,1.0,1.0]
10746,[14,213,936,5901,6537,7318,9405,10463],[1.0,1.0,1.0,1.0,1.0,1.0,1.0,1.0]
10746,[1142,1255,3532,4405,5710,5990,7033,9150],[1.0,1.0,1.0,1.0,1.0,1.0,1.0,1.0]
10746,[143,869,1360,3013,5251,5429,6810,7243,10082],[1.0,1.0,1.0,1.0,1.0,1.0,1.0,1.0,1.0]
10746,[902,963,5142,5181,6145,8480,9262,10082],[1.0,1.0,1.0,1.0,1.0,1.0,1.0,1.0]
10746,[14,869,2916,4121,5064,6810,10477],[1.0,1.0,1.0,1.0,1.0,1.0,1.0]
10746,[32,878,4066,5710,6193,6964,7813,9632,10445],[1.0,1.0,1.0,1.0,1.0,1.0,1.0,1.0,1.0]
10746,[844,902,2916,4121,6810,8070,9277,9407,9632],[1.0,1.0,1.0,1.0,1.0,1.0,1.0,1.0,1.0]
10746,[869,1706,3741,5893,9000,9298,9430],[1.0,1.0,1.0,1.0,1.0,1.0,1.0]
10746,[869,1706,2472,4656,4881,6877],[1.0,1.0,1.0,1.0,1.0,1.0]
10746,[343,365,1222,1275,1706,3985,6419],[1.0,1.0,1.0,1.0,1.0,1.0,1.0]
10746,[896,1036,2114,2530,5343,7379,8903,9000],[1.0,1.0,1.0,1.0,1.0,1.0,1.0,1.0]
10746,[699,902,1177,2016,4121,4755,8427,9533],[1.0,1.0,1.0,1.0,1.0,1.0,1.0,1.0]
10746,[217,1910,2509,7372,8387,9460,9693],[1.0,1.0,1.0,1.0,1.0,1.0,1.0]
10746,[902,1537,2016,3779,4080,4191,8842],[1.0,1.0,1.0,1.0,1.0,1.0,1.0]
10746,[1177,2355,2509,3779,4755,8246,8904,10198],[1.0,1.0,1.0,1.0,1.0,1.0,1.0,1.0]
10746,[1454,2509,4614,4656,6938,8211],[1.0,1.0,1.0,1.0,1.0,1.0]
10746,[1454,2618,4145,4225,4605,4614,5064,6283,6938,10433],[1.0,1.0,1.0,1.0,1.0,1.0,1.0,1.0,1.0,1.0]
10746,[191,902,1360,4888,5328,5626,7243,8729],[1.0,1.0,1.0,1.0,1.0,1.0,1.0,1.0]
10746,[1706,3013,3985,5181,5251,8480,10082,10560],[1.0,1.0,1.0,1.0,1.0,1.0,1.0,1.0]
10746,[902,2509,3013,4888,5661,8073],[1.0,1.0,1.0,1.0,1.0,1.0]
10746,[1948,2355,5988,6098,6535,6938,8114,10358],[1.0,1.0,1.0,1.0,1.0,1.0,1.0,1.0]
10746,[987,4066,4414,4534,8480,9574],[1.0,1.0,1.0,1.0,1.0,1.0]
10746,[2002,3528,3808,6167,8072,8549,10139],[1.0,1.0,1.0,1.0,1.0,1.0,1.0]
10746,[1712,2080,2771,7191,7317,7813,7847,9289,10082],[1.0,1.0,1.0,1.0,1.0,1.0,1.0,1.0,1.0]
10746,[1965,2217,3528,5710,7769,8917,10433],[1.0,1.0,1.0,1.0,1.0,1.0,1.0]
10746,[2708,3327,4059,4595,4883,6634,7304,8416,9332],[1.0,1.0,1.0,1.0,1.0,1.0,1.0,1.0,1.0]
10746,[843,896,956,1411,1582,2916,3771],[1.0,1.0,1.0,1.0,1.0,1.0,1.0]
10746,[32,1284,7390,10616],[1.0,1.0,1.0,1.0]
