10746,[2200,2588,3277,4440,5090,5845,9491,9996],[1.0,1.0,1.0,1.0,1.0,1.0,1.0,1.0]
10746,[39,213,2518,3277,4534,4778,6753,10044,10360],[1.0,1.0,1.0,1.0,1.0,1.0,1.0,1.0,1.0]
10746,[677,1844,2200,3277,7370,9491,9996,10152,10463],[1.0,1.0,1.0,1.0,1.0,1.0,1.0,1.0,1.0]
10746,[677,936,1844,3277,5090,5279,9113,9491,10463],[1.0,1.0,1.0,1.0,1.0,1.0,1.0,1.0,1.0]
10746,[936,2200,3277,5090,5351,5641,5845,9491,9632,9996],[1.0,1.0,1.0,1.0,1.0,1.0,1.0,1.0,1.0,1.0]
10746,[2407,2493,2588,3829,5382,5877,7363,10222],[1.0,1.0,1.0,1.0,1.0,1.0,1.0,1.0]
10746,[1122,1817,4611,4949,7187,8917,9005,9338],[1.0,1.0,1.0,1.0,1.0,1.0,1.0,1.0]
10746,[418,1247,1535,2708,4950,9987,9989,10617],[1.0,1.0,1.0,1.0,1.0,1.0,1.0,1.0]
10746,[143,365,4209,8114,8582,9632,9987,10617],[1.0,1.0,1.0,1.0,1.0,1.0,1.0,1.0]
10746,[501,766,1756,3945,3965,6593,7182,9632],[1.0,1.0,1.0,1.0,1.0,1.0,1.0,1.0]
10746,[3426,3545,3945,4350,4857,6298,6966,7339,10292],[1.0,1.0,1.0,1.0,1.0,1.0,1.0,1.0,1.0]
10746,[126,1495,1706,4052,7379,9851,10139,10593],[1.0,1.0,1.0,1.0,1.0,1.0,1.0,1.0]
10746,[2182,2455,3661,5181,5954,7382,9534,9595,10536],[1.0,1.0,1.0,1.0,1.0,1.0,1.0,1.0,1.0]
10746,[4350,5181,5845,6018],[1.0,1.0,1.0,1.0]
