10746,[617,1400,3974,4440,5293,9496],[1.0,1.0,1.0,1.0,1.0,1.0]
10746,[845,866,2837,3101,4683,8233,9596,9878,10360],[1.0,1.0,1.0,1.0,1.0,1.0,1.0,1.0,1.0]
10746,[167,213,617,2518,4778,5820,7937,9305,10152],[1.0,1.0,1.0,1.0,1.0,1.0,1.0,1.0,1.0]
10746,[936,1853,3450,3608,6115,7814,9262,9491],[1.0,1.0,1.0,1.0,1.0,1.0,1.0,1.0]
10746,[164,4344,6115,6524,7814,9262,9270,10098],[1.0,1.0,1.0,1.0,1.0,1.0,1.0,1.0]
10746,[164,273,2792,6299,6335,9270,9976,9999,10098],[1.0,1.0,1.0,1.0,1.0,1.0,1.0,1.0,1.0]
10746,[4268,4722,5117,5373,6167,8073,9000,9595,10433],[1.0,1.0,1.0,1.0,1.0,1.0,1.0,1.0,1.0]
10746,[1284,3532,4640,4722,5373,8114,8170,8729],[1.0,1.0,1.0,1.0,1.0,1.0,1.0,1.0]
10746,[1193,1633,6341,7502,8904,8960,9165],[1.0,1.0,1.0,1.0,1.0,1.0,1.0]
10746,[164,357,956,2455,3561,4494,6047,10068],[1.0,1.0,1.0,1.0,1.0,1.0,1.0,1.0]
10746,[1255,8595,10008,10419],[1.0,1.0,1.0,1.0]
