10746,[1284,2261,4111,4440,7944,9096,9491,10421],[1.0,1.0,1.0,1.0,1.0,1.0,1.0,1.0]
10746,[1308,2311,4302,4878,6736,7937,8956,10053,10463],[1.0,1.0,1.0,1.0,1.0,1.0,1.0,1.0,1.0]
10746,[213,2261,2311,2518,4589,4778,7303,7416,10152,10360],[1.0,1.0,1.0,1.0,1.0,1.0,1.0,1.0,1.0,1.0]
10746,[427,936,1392,9491,10463,10715],[1.0,1.0,1.0,1.0,1.0,1.0]
10746,[936,1284,2261,2311,9491,10421,10463],[1.0,1.0,1.0,1.0,1.0,1.0,1.0]
10746,[956,2618,3512,4217,4246,6952,7963,10433,10593],[1.0,1.0,1.0,1.0,1.0,1.0,1.0,1.0,1.0]
10746,[1990,2618,3380,6170,7328,8655,9274,9816],[1.0,1.0,1.0,1.0,1.0,1.0,1.0,1.0]
10746,[372,463,1965,2580,5820,6760,7649,10503],[1.0,1.0,1.0,1.0,1.0,1.0,1.0,1.0]
10746,[2407,2517,3532,3535,5146,6952,7033,9270],[1.0,1.0,1.0,1.0,1.0,1.0,1.0,1.0]
10746,[758,822,2014,3850,5641,6295,8041,10503],[1.0,1.0,1.0,1.0,1.0,1.0,1.0,1.0]
10746,[121,587,1535,1812,4374,4531,6385,7384,8398,10595],[1.0,1.0,1.0,1.0,1.0,1.0,1.0,1.0,1.0,1.0]
10746,[869,1965,2075,2407,4066,5146,6151,7423,9816],[1.0,1.0,1.0,1.0,1.0,1.0,1.0,1.0,1.0]
10746,[822,1614,2300,4246,6035,7423,8556,9611,10671],[1.0,1.0,1.0,1.0,1.0,1.0,1.0,1.0,1.0]
10746,[2603,4246,5681,6045,6603,9187,9237,9762],[1.0,1.0,1.0,1.0,1.0,1.0,1.0,1.0]
10746,[3512,4246,6841,8172,9187,9832,10172,10714,10734],[1.0,1.0,1.0,1.0,1.0,1.0,1.0,1.0,1.0]
10746,[51,364,956,1665,2407,4217,10433,10536,10630,10720],[1.0,1.0,1.0,1.0,1.0,1.0,1.0,1.0,1.0,1.0]
10746,[956,1141,1706,2756,6664,8411,9420,9973,10704],[1.0,1.0,1.0,1.0,1.0,1.0,1.0,1.0,1.0]
10746,[588,4332,5146,7043,7877,9882,10327],[1.0,1.0,1.0,1.0,1.0,1.0,1.0]
10746,[66,1823,2756,3257,5524,8347,9420,10433,10704],[1.0,1.0,1.0,1.0,1.0,1.0,1.0,1.0,1.0]
10746,[2407,3697,3783,4217,4332,10593,10720],[1.0,1.0,1.0,1.0,1.0,1.0,1.0]
10746,[1284,2261,4217,4332,4418,8833,9491,10421],[1.0,1.0,1.0,1.0,1.0,1.0,1.0,1.0]
10746,[4589,5415,6850,7057,7303,7416,7857,10139],[1.0,1.0,1.0,1.0,1.0,1.0,1.0,1.0]
10746,[2792,4534,9851],[1.0,1.0,1.0]
