10746,[213,2348,4440,4582,6889,7367,7582,7997],[1.0,1.0,1.0,1.0,1.0,1.0,1.0,1.0]
10746,[213,5201,7687,7818,8751,8779,9491,10360,10463],[1.0,1.0,1.0,1.0,1.0,1.0,1.0,1.0,1.0]
10746,[242,936,2013,5201,6557,8751,8779,9491],[1.0,1.0,1.0,1.0,1.0,1.0,1.0,1.0]
10746,[242,2651,4440,5201,6557,6889,8751,8779,9491,9693],[1.0,1.0,1.0,1.0,1.0,1.0,1.0,1.0,1.0,1.0]
10746,[936,2007,7478,7776,9173,9548,10463],[1.0,1.0,1.0,1.0,1.0,1.0,1.0]
10746,[14,837,4145,4344,4509,6530,8554,9377,10222],[1.0,1.0,1.0,1.0,1.0,1.0,1.0,1.0,1.0]
10746,[2070,2530,2696,3220,4405,5385,5769,5793],[1.0,1.0,1.0,1.0,1.0,1.0,1.0,1.0]
10746,[348,1023,1542,4622,6172,8724,9129,10222,10433],[1.0,1.0,1.0,1.0,1.0,1.0,1.0,1.0,1.0]
10746,[305,2696,5385,7843,8040,8476,9632,9871],[1.0,1.0,1.0,1.0,1.0,1.0,1.0,1.0]
10746,[2367,2530,2708,6267,6940,10682],[1.0,1.0,1.0,1.0,1.0,1.0]
10746,[444,1099,2247,2618,2975,8162,9977],[1.0,1.0,1.0,1.0,1.0,1.0,1.0]
10746,[1542,3651,3928,4217,9435,10093,10222],[1.0,1.0,1.0,1.0,1.0,1.0,1.0]
10746,[902,3850,4084,4191,5489,5651,7649,9030,10139],[1.0,1.0,1.0,1.0,1.0,1.0,1.0,1.0,1.0]
10746,[365,501,2494,2952,8426,9377,9693],[1.0,1.0,1.0,1.0,1.0,1.0,1.0]
10746,[1683,2165,2421,2916,3426,6536,7784,10191],[1.0,1.0,1.0,1.0,1.0,1.0,1.0,1.0]
10746,[1099,2627,4424,7757,7790,8056,10152],[1.0,1.0,1.0,1.0,1.0,1.0,1.0]
10746,[1447,1850,5050,6172,7216,8321,9185],[1.0,1.0,1.0,1.0,1.0,1.0,1.0]
10746,[834,2013,2696,6341,6557,7645,8779,10694],[1.0,1.0,1.0,1.0,1.0,1.0,1.0,1.0]
10746,[2266,5201,7114,7379,8751,9290,9491,9851],[1.0,1.0,1.0,1.0,1.0,1.0,1.0,1.0]
10746,[365,4996,5809,6754,8116,9663,10068,10692],[1.0,1.0,1.0,1.0,1.0,1.0,1.0,1.0]
10746,[4405,4564,5991,7851,9273,9632,9871,10114,10445],[1.0,1.0,1.0,1.0,1.0,1.0,1.0,1.0,1.0]
10746,[225,1099,3012,5989,7066,8036,10137,10340],[1.0,1.0,1.0,1.0,1.0,1.0,1.0,1.0]
10746,[3778,3799,4191,4755,5778,6234,8976,10082],[1.0,1.0,1.0,1.0,1.0,1.0,1.0,1.0]
10746,[769,1299,1657,3651,4217,5846,6005,8976],[1.0,1.0,1.0,1.0,1.0,1.0,1.0,1.0]
10746,[956,3615,3778,4389,4532,4755,7969,9359],[1.0,1.0,1.0,1.0,1.0,1.0,1.0,1.0]
10746,[902,1542,2455,5843,5983,7704,9359,10082,10419],[1.0,1.0,1.0,1.0,1.0,1.0,1.0,1.0,1.0]
10746,[896,4405,4424,4671,6952,7160,8036,8047,9273,10068],[1.0,1.0,1.0,1.0,1.0,1.0,1.0,1.0,1.0,1.0]
10746,[1097,1226,4080,6005,7480,8460,9632],[1.0,1.0,1.0,1.0,1.0,1.0,1.0]
10746,[1657,1894,3398,4857,6005,7205,8476,8976,10433],[1.0,1.0,1.0,1.0,1.0,1.0,1.0,1.0,1.0]
10746,[5154,5534,6358,6570,7826,9029,10694],[1.0,1.0,1.0,1.0,1.0,1.0,1.0]
10746,[2732,4286,4582,7045,7997,9213],[1.0,1.0,1.0,1.0,1.0,1.0]
