10746,[513,654,3864,4440,8022,10326],[1.0,1.0,1.0,1.0,1.0,1.0]
10746,[213,1652,2632,3112,3261,4955,5622,7750,10360,10463],[1.0,1.0,1.0,1.0,1.0,1.0,1.0,1.0,1.0,1.0]
10746,[936,2632,8042,9763,10325,10463],[1.0,1.0,1.0,1.0,1.0,1.0]
10746,[513,936,1670,2916,3864,7858,10326],[1.0,1.0,1.0,1.0,1.0,1.0,1.0]
10746,[2425,2916,5599,8147,10222],[1.0,1.0,1.0,1.0,1.0]
10746,[869,3698,3850,4277,4534,6295,8729,9453,10536],[1.0,1.0,1.0,1.0,1.0,1.0,1.0,1.0,1.0]
10746,[2915,2916,4068,4205,4606,9289,10185,10536],[1.0,1.0,1.0,1.0,1.0,1.0,1.0,1.0]
10746,[838,902,1310,1965,2087,3651,4782,8621,9602],[1.0,1.0,1.0,1.0,1.0,1.0,1.0,1.0,1.0]
10746,[2443,4258,4534,7421,8621,9770,9903,10139],[1.0,1.0,1.0,1.0,1.0,1.0,1.0,1.0]
10746,[838,868,2916,4606,6544,6921,7205,8114,9528],[1.0,1.0,1.0,1.0,1.0,1.0,1.0,1.0,1.0]
10746,[838,2461,3627,4368,7114,7428,8761,9284,9602,9994],[1.0,1.0,1.0,1.0,1.0,1.0,1.0,1.0,1.0,1.0]
10746,[654,2916,5641,5983,8086,8929,9289,10674],[1.0,1.0,1.0,1.0,1.0,1.0,1.0,1.0]
10746,[372,770,956,2916,3585,4405,5489,10536,10555],[1.0,1.0,1.0,1.0,1.0,1.0,1.0,1.0,1.0]
10746,[654,1005,2702,2916,3669,4534,6536],[1.0,1.0,1.0,1.0,1.0,1.0,1.0]
10746,[902,1310,2364,4344,5589,8621],[1.0,1.0,1.0,1.0,1.0,1.0]
10746,[806,1127,1310,1965,2916,5626,7563,7595,8697],[1.0,1.0,1.0,1.0,1.0,1.0,1.0,1.0,1.0]
10746,[2168,4332,4534,4784,5626,7390,7646,9611],[1.0,1.0,1.0,1.0,1.0,1.0,1.0,1.0]
10746,[14,365,654,3547,9273,9290,9883,10222],[1.0,1.0,1.0,1.0,1.0,1.0,1.0,1.0]
10746,[14,356,637,902,2016,5207],[1.0,1.0,1.0,1.0,1.0,1.0]
10746,[2016,2823,3391,5995,7959,9273,9878,10350],[1.0,1.0,1.0,1.0,1.0,1.0,1.0,1.0]
10746,[3754,3755,4393,5126,6409,7390,10222],[1.0,1.0,1.0,1.0,1.0,1.0,1.0]
10746,[143,3506,3783,4393,7390,8476,9270,9289],[1.0,1.0,1.0,1.0,1.0,1.0,1.0,1.0]
10746,[770,838,1653,2442,4277,4405,5604,5626,9273,10013],[1.0,1.0,1.0,1.0,1.0,1.0,1.0,1.0,1.0,1.0]
10746,[4332,4393,5604,5626,7390,8917,9289,10589,10617],[1.0,1.0,1.0,1.0,1.0,1.0,1.0,1.0,1.0]
10746,[254,838,3371,4405,5320,7515,9273,10028,10203,10419],[1.0,1.0,1.0,1.0,1.0,1.0,1.0,1.0,1.0,1.0]
10746,[3864],[1.0]
