10746,[510,1237,2343,3851,4440,4595,8635,10360],[1.0,1.0,1.0,1.0,1.0,1.0,1.0,1.0]
10746,[213,1334,1652,4895,4950,8123,8612,10247,10349,10463],[1.0,1.0,1.0,1.0,1.0,1.0,1.0,1.0,1.0,1.0]
10746,[39,3844,5358,6131,6753,10201],[1.0,1.0,1.0,1.0,1.0,1.0]
10746,[936,1657,2200,3277,3502,5090,5845,9282,9491,9996],[1.0,1.0,1.0,1.0,1.0,1.0,1.0,1.0,1.0,1.0]
10746,[902,936,1737,2455,4526,5090,5628,7580,9595],[1.0,1.0,1.0,1.0,1.0,1.0,1.0,1.0,1.0]
10746,[902,1255,3216,4191,4947,6457,9632,9972],[1.0,1.0,1.0,1.0,1.0,1.0,1.0,1.0]
10746,[1255,2162,3340,3994,4929,5693,9595],[1.0,1.0,1.0,1.0,1.0,1.0,1.0]
10746,[1270,2162,3768,6564,8114,10281,10621],[1.0,1.0,1.0,1.0,1.0,1.0,1.0]
10746,[1992,3484,3994,4888,6229,8114,9972,9999],[1.0,1.0,1.0,1.0,1.0,1.0,1.0,1.0]
10746,[3132,3545,3713,4420,6488,6866,10222,10571],[1.0,1.0,1.0,1.0,1.0,1.0,1.0,1.0]
10746,[372,2008,2598,6167,6405,6688,7317,8729],[1.0,1.0,1.0,1.0,1.0,1.0,1.0,1.0]
10746,[372,2493,6167,6515,8114,9910,10621],[1.0,1.0,1.0,1.0,1.0,1.0,1.0]
10746,[902,4191,4888,7064,9910,10621],[1.0,1.0,1.0,1.0,1.0,1.0]
10746,[365,902,2465,4511,6115,6457,7423,7792,9910],[1.0,1.0,1.0,1.0,1.0,1.0,1.0,1.0,1.0]
10746,[1066,2182,5641,9523,9910,9972],[1.0,1.0,1.0,1.0,1.0,1.0]
10746,[822,827,2182,5988,6547,8740,8991,10056],[1.0,1.0,1.0,1.0,1.0,1.0,1.0,1.0]
10746,[779,2232,2312,2915,4576,5181,7993,10617],[1.0,1.0,1.0,1.0,1.0,1.0,1.0,1.0]
10746,[822,2260,5142,6547,7502,7933,8715],[1.0,1.0,1.0,1.0,1.0,1.0,1.0]
10746,[13,822,2366,3926,6547,9863,10621],[1.0,1.0,1.0,1.0,1.0,1.0,1.0]
10746,[779,1291,1657,2158,4217,4576,5064,10617],[1.0,1.0,1.0,1.0,1.0,1.0,1.0,1.0]
10746,[1073,1662,3779,4459,7933,7993,8715],[1.0,1.0,1.0,1.0,1.0,1.0,1.0]
10746,[1657,4041,4659,7649,7769,9448,10082],[1.0,1.0,1.0,1.0,1.0,1.0,1.0]
10746,[2604,4191,5737,6952,7993,9049,10285,10734],[1.0,1.0,1.0,1.0,1.0,1.0,1.0,1.0]
10746,[172,2455,4459,4576,5595,7993,9674,10056,10285],[1.0,1.0,1.0,1.0,1.0,1.0,1.0,1.0,1.0]
10746,[758,2916,3426,3741,5142,6035,7266,7339,8580,10056],[1.0,1.0,1.0,1.0,1.0,1.0,1.0,1.0,1.0,1.0]
10746,[1535,1869,2455,3089,4459,4576,5392,9674],[1.0,1.0,1.0,1.0,1.0,1.0,1.0,1.0]
10746,[639,3590,6193,7654,9325,9370,9674],[1.0,1.0,1.0,1.0,1.0,1.0,1.0]
10746,[639,1276,1302,2455,4576,5267,7993],[1.0,1.0,1.0,1.0,1.0,1.0,1.0]
10746,[1073,1657,2443,3257,4848,6617,7316,8422,10617],[1.0,1.0,1.0,1.0,1.0,1.0,1.0,1.0,1.0]
10746,[1292,2704,2708,5230,5978,6497,7961,10617],[1.0,1.0,1.0,1.0,1.0,1.0,1.0,1.0]
10746,[639,1276,2807,4191,4217,4576,7993,10222],[1.0,1.0,1.0,1.0,1.0,1.0,1.0,1.0]
10746,[2443,4576,7923,7993,8114,8422,8582,9273],[1.0,1.0,1.0,1.0,1.0,1.0,1.0,1.0]
10746,[2162,2312,2915,3318,4498,7084,7890,8345],[1.0,1.0,1.0,1.0,1.0,1.0,1.0,1.0]
10746,[92,556,2162,2407,4349,6341,6590,8281,8476,9273],[1.0,1.0,1.0,1.0,1.0,1.0,1.0,1.0,1.0,1.0]
10746,[338,2162,3514,3721,4349,4611,9298],[1.0,1.0,1.0,1.0,1.0,1.0,1.0]
10746,[2407,3721,4332,4606,5595,5928,6341,8398,10222],[1.0,1.0,1.0,1.0,1.0,1.0,1.0,1.0,1.0]
10746,[60,4217,5948,5971,7502,8842,9466,10433],[1.0,1.0,1.0,1.0,1.0,1.0,1.0,1.0]
10746,[806,896,1005,1233,2162,4264,4349,6341,7205,8582],[1.0,1.0,1.0,1.0,1.0,1.0,1.0,1.0,1.0,1.0]
10746,[3339,6146,6515,7218],[1.0,1.0,1.0,1.0]
10746,[758,822,1005,3249,4801,6872,7423,7791,9632],[1.0,1.0,1.0,1.0,1.0,1.0,1.0,1.0,1.0]
10746,[170,1255,2162,6002,6952,7502,10222,10621],[1.0,1.0,1.0,1.0,1.0,1.0,1.0,1.0]
10746,[822,2916,3318,5150,6457,7423,9632,9972],[1.0,1.0,1.0,1.0,1.0,1.0,1.0,1.0]
10746,[902,2333,2799,4191,7649,8904,9270,9632],[1.0,1.0,1.0,1.0,1.0,1.0,1.0,1.0]
10746,[747,2162,2182,6457,9632,9972],[1.0,1.0,1.0,1.0,1.0,1.0]
10746,[567,2455,2769,2799,6335,8729],[1.0,1.0,1.0,1.0,1.0,1.0]
10746,[2493,4042,4498,4576,6257,7890,8166,10222,10433],[1.0,1.0,1.0,1.0,1.0,1.0,1.0,1.0,1.0]
10746,[172,747,1066,4042,4258,6167,7548,10621],[1.0,1.0,1.0,1.0,1.0,1.0,1.0,1.0]
10746,[1255,2162,2822,5181,5641,7084,7890,8065],[1.0,1.0,1.0,1.0,1.0,1.0,1.0,1.0]
10746,[822,1225,1413,4066,4344,6547,7423,9364],[1.0,1.0,1.0,1.0,1.0,1.0,1.0,1.0]
10746,[822,1233,3260,6084,6547,6564,8398],[1.0,1.0,1.0,1.0,1.0,1.0,1.0]
10746,[4534,4888,5628,6229,7649,8114,8480,9927],[1.0,1.0,1.0,1.0,1.0,1.0,1.0,1.0]
10746,[822,3224,4498,5429,7317,7890,9049,9364,10222],[1.0,1.0,1.0,1.0,1.0,1.0,1.0,1.0,1.0]
10746,[1341,3290,4526,4671,5885,6335,6913],[1.0,1.0,1.0,1.0,1.0,1.0,1.0]
10746,[1275,6119,6335,7204,7643,9292,10714],[1.0,1.0,1.0,1.0,1.0,1.0,1.0]
10746,[2162,6457,6753,8837,10201],[1.0,1.0,1.0,1.0,1.0]
10746,[463,956,2443,5090,5641,5845,6119,6172,7205],[1.0,1.0,1.0,1.0,1.0,1.0,1.0,1.0,1.0]
10746,[822,1706,2162,2407,2618,4113,4349,6341,9972,10028],[1.0,1.0,1.0,1.0,1.0,1.0,1.0,1.0,1.0,1.0]
10746,[747,2162,3340,6172,6379,10621],[1.0,1.0,1.0,1.0,1.0,1.0]
10746,[120,1102,3079,3679,4885,5739,6172,8956],[1.0,1.0,1.0,1.0,1.0,1.0,1.0,1.0]
10746,[126,3524,4191,4198,4534,6119,8073,10621],[1.0,1.0,1.0,1.0,1.0,1.0,1.0,1.0]
10746,[4191,4223,6119,7548,7792,8749,8842],[1.0,1.0,1.0,1.0,1.0,1.0,1.0]
10746,[902,1099,2627,4891,5641,6229,6335,6457,8729],[1.0,1.0,1.0,1.0,1.0,1.0,1.0,1.0,1.0]
10746,[766,822,3304,3373,3965,4393,5156,6090,7718],[1.0,1.0,1.0,1.0,1.0,1.0,1.0,1.0,1.0]
10746,[1657,4393,4772,6753,7204,7917,8346,8554,9298],[1.0,1.0,1.0,1.0,1.0,1.0,1.0,1.0,1.0]
10746,[766,4191,6119,6457,7917,9298],[1.0,1.0,1.0,1.0,1.0,1.0]
10746,[6335,9298,10714],[1.0,1.0,1.0]
