10746,[11,2455,3501,4440,5118,6626,7829,8700],[1.0,1.0,1.0,1.0,1.0,1.0,1.0,1.0]
10746,[213,654,806,1304,1310,1652,3474,3501,3979,10360],[1.0,1.0,1.0,1.0,1.0,1.0,1.0,1.0,1.0,1.0]
10746,[242,936,2651,3474,5355,6105,7478,9491,9693],[1.0,1.0,1.0,1.0,1.0,1.0,1.0,1.0,1.0]
10746,[11,2965,3501,5118,5279,7829,8700,9113],[1.0,1.0,1.0,1.0,1.0,1.0,1.0,1.0]
10746,[936,2200,3277,5090,5845,9491,9996],[1.0,1.0,1.0,1.0,1.0,1.0,1.0]
10746,[1910,5001,6335,6813,9643,9665,10068,10617],[1.0,1.0,1.0,1.0,1.0,1.0,1.0,1.0]
10746,[758,860,2609,4171,8114,8554],[1.0,1.0,1.0,1.0,1.0,1.0]
10746,[1299,1310,2812,6813,8917,9232],[1.0,1.0,1.0,1.0,1.0,1.0]
10746,[1255,5181,5820,6060,6357,6813,8280,9232],[1.0,1.0,1.0,1.0,1.0,1.0,1.0,1.0]
10746,[320,4191,6229,7390,8810,9632,9692],[1.0,1.0,1.0,1.0,1.0,1.0,1.0]
10746,[14,758,2493,2609,5578,6299,6872,8575,10222],[1.0,1.0,1.0,1.0,1.0,1.0,1.0,1.0,1.0]
10746,[339,902,1131,4191,5167,9273,9292,9950,10670],[1.0,1.0,1.0,1.0,1.0,1.0,1.0,1.0,1.0]
10746,[1401,1673,4405,4671,7733,9237,9851,10595],[1.0,1.0,1.0,1.0,1.0,1.0,1.0,1.0]
10746,[2799,3515,4164,4580,9273,9289,9692],[1.0,1.0,1.0,1.0,1.0,1.0,1.0]
10746,[2419,2916,3257,3515,3592,4367,5142,7398,9018,9632],[1.0,1.0,1.0,1.0,1.0,1.0,1.0,1.0,1.0,1.0]
10746,[252,1023,2138,3144,4405,5207,5885,7424,8221,9632],[1.0,1.0,1.0,1.0,1.0,1.0,1.0,1.0,1.0,1.0]
10746,[4261,5065,5205,5738,6177,7649,8453,8630,9292],[1.0,1.0,1.0,1.0,1.0,1.0,1.0,1.0,1.0]
10746,[297,758,956,1299,2493,9418,9632],[1.0,1.0,1.0,1.0,1.0,1.0,1.0]
10746,[746,841,982,3542,7876,8476,8543,9632,10433],[1.0,1.0,1.0,1.0,1.0,1.0,1.0,1.0,1.0]
10746,[276,1299,2282,6005,7290,7634,8595,9066,9246],[1.0,1.0,1.0,1.0,1.0,1.0,1.0,1.0,1.0]
10746,[356,2774,2977,5592,5885,7055,7423,9298],[1.0,1.0,1.0,1.0,1.0,1.0,1.0,1.0]
10746,[956,1340,1673,1903,5404,8543,10621],[1.0,1.0,1.0,1.0,1.0,1.0,1.0]
10746,[896,5065,5205,6177,7384,9418,9632,10237],[1.0,1.0,1.0,1.0,1.0,1.0,1.0,1.0]
10746,[3343,4191,4261,4650,5205,5891,6177,7718,9076],[1.0,1.0,1.0,1.0,1.0,1.0,1.0,1.0,1.0]
10746,[284,2916,2936,4149,4191,5065,5098,5142],[1.0,1.0,1.0,1.0,1.0,1.0,1.0,1.0]
10746,[14,16,902,1099,3547,3651,5642,9281],[1.0,1.0,1.0,1.0,1.0,1.0,1.0,1.0]
10746,[252,2194,2232,2407,3539,3809,9159],[1.0,1.0,1.0,1.0,1.0,1.0,1.0]
10746,[339,1673,1965,2627,4891,6167,8026,9273],[1.0,1.0,1.0,1.0,1.0,1.0,1.0,1.0]
10746,[372,2091,3523,4405,4424,7649,10139],[1.0,1.0,1.0,1.0,1.0,1.0,1.0]
10746,[902,1099,2129,2194,3651,3809,4689,7735],[1.0,1.0,1.0,1.0,1.0,1.0,1.0,1.0]
10746,[2325,4534,5070,5830,9298,9465,10068,10621],[1.0,1.0,1.0,1.0,1.0,1.0,1.0,1.0]
10746,[2394,2615,3523,3582,4405,10426],[1.0,1.0,1.0,1.0,1.0,1.0]
10746,[389,954,2194,5908,7506,7735,9685,10191],[1.0,1.0,1.0,1.0,1.0,1.0,1.0,1.0]
10746,[1673,2480,3789,4755,6167,8233,9724,10463],[1.0,1.0,1.0,1.0,1.0,1.0,1.0,1.0]
10746,[223,356,2022,2883,6120,8233],[1.0,1.0,1.0,1.0,1.0,1.0]
10746,[252,2497,2916,3592,3965,7502,9528,9851,10459],[1.0,1.0,1.0,1.0,1.0,1.0,1.0,1.0,1.0]
10746,[1310,1321,2407,2518,2812,3256,4534,6841],[1.0,1.0,1.0,1.0,1.0,1.0,1.0,1.0]
10746,[1321,2022,2407,3426,4118,6872,7874,8911,9494],[1.0,1.0,1.0,1.0,1.0,1.0,1.0,1.0,1.0]
10746,[1321,1960,5235,6813,8911,9232,9262],[1.0,1.0,1.0,1.0,1.0,1.0,1.0]
10746,[1310,2812,3514,3944,4217,6047,8716,8936,10743],[1.0,1.0,1.0,1.0,1.0,1.0,1.0,1.0,1.0]
10746,[501,766,6229,6524,6660,8812,8903,9851,10621],[1.0,1.0,1.0,1.0,1.0,1.0,1.0,1.0,1.0]
10746,[3651,4217,4268,5592,5634,8411,9595],[1.0,1.0,1.0,1.0,1.0,1.0,1.0]
10746,[2138,4600,5022,5181,5954,7379,10539],[1.0,1.0,1.0,1.0,1.0,1.0,1.0]
10746,[356,2708,6394,8249,8546,8904,9066,10432],[1.0,1.0,1.0,1.0,1.0,1.0,1.0,1.0]
10746,[356,549,1291,4611,7379,9364],[1.0,1.0,1.0,1.0,1.0,1.0]
10746,[838,1321,2088,2407,2596,4118,8911],[1.0,1.0,1.0,1.0,1.0,1.0,1.0]
10746,[2123,4934,6229,6952,8026,9762,10621],[1.0,1.0,1.0,1.0,1.0,1.0,1.0]
10746,[168,2519,2708,5983,7325,7617,8812,9546,9841],[1.0,1.0,1.0,1.0,1.0,1.0,1.0,1.0,1.0]
10746,[252,1677,4868,5580,6400,8936,9289],[1.0,1.0,1.0,1.0,1.0,1.0,1.0]
10746,[507,2126,3426,4391,5349,5634,9177],[1.0,1.0,1.0,1.0,1.0,1.0,1.0]
10746,[356,1144,2079,2133,6341,9933],[1.0,1.0,1.0,1.0,1.0,1.0]
10746,[838,4118,4217,6872,8249,9262,10433],[1.0,1.0,1.0,1.0,1.0,1.0,1.0]
10746,[14,3216,5142,6170,6872,7117,8509,10082],[1.0,1.0,1.0,1.0,1.0,1.0,1.0,1.0]
10746,[356,4787,5142,6177,8114,8750,9270,10670],[1.0,1.0,1.0,1.0,1.0,1.0,1.0,1.0]
10746,[168,1099,1706,3098,4961],[1.0,1.0,1.0,1.0,1.0]
10746,[902,2325,3545,4016,4929,9933,10536],[1.0,1.0,1.0,1.0,1.0,1.0,1.0]
10746,[144,252,2419,4191,5820,6400,7398,9946],[1.0,1.0,1.0,1.0,1.0,1.0,1.0,1.0]
10746,[2123,2493,2916,4042,5628,7843,8615,8729],[1.0,1.0,1.0,1.0,1.0,1.0,1.0,1.0]
10746,[252,489,2455,4239,7045,9298,9851],[1.0,1.0,1.0,1.0,1.0,1.0,1.0]
10746,[55,4534,6335,6650,7502,7843,8615],[1.0,1.0,1.0,1.0,1.0,1.0,1.0]
10746,[806,2443,3532,6872,9318,9418,9595,10222],[1.0,1.0,1.0,1.0,1.0,1.0,1.0,1.0]
10746,[14,806,2524,2728,5167,5660,9273,10222],[1.0,1.0,1.0,1.0,1.0,1.0,1.0,1.0]
10746,[14,747,3892,3965,4217,7390,8109,9244],[1.0,1.0,1.0,1.0,1.0,1.0,1.0,1.0]
10746,[252,838,3592,4118,8249,8911,10433,10683],[1.0,1.0,1.0,1.0,1.0,1.0,1.0,1.0]
10746,[838,2424,2471,2623,3109,4118,4332,10683],[1.0,1.0,1.0,1.0,1.0,1.0,1.0,1.0]
10746,[838,1919,2812,4040,6668,8114,10203],[1.0,1.0,1.0,1.0,1.0,1.0,1.0]
10746,[644,838,2812,3311,3944,7338,10259,10617],[1.0,1.0,1.0,1.0,1.0,1.0,1.0,1.0]
10746,[252,356,463,1726,1817,2114,3741,4888,9851,10621],[1.0,1.0,1.0,1.0,1.0,1.0,1.0,1.0,1.0,1.0]
10746,[356,2123,3196,3877,5023,8280,8576,10433],[1.0,1.0,1.0,1.0,1.0,1.0,1.0,1.0]
10746,[66,356,838,1255,2812,3179,3944,4393,9708],[1.0,1.0,1.0,1.0,1.0,1.0,1.0,1.0,1.0]
10746,[838,2182,2916,3018,4258,5592,6042,10115,10433],[1.0,1.0,1.0,1.0,1.0,1.0,1.0,1.0,1.0]
10746,[356,1310,2123,2916,3755,3904,8390,9634,10683],[1.0,1.0,1.0,1.0,1.0,1.0,1.0,1.0,1.0]
10746,[838,2123,2812,2916,3179,3698,6660,7079,9289],[1.0,1.0,1.0,1.0,1.0,1.0,1.0,1.0,1.0]
10746,[356,1255,3315,3514,4486,5181,7596,8836,9528],[1.0,1.0,1.0,1.0,1.0,1.0,1.0,1.0,1.0]
10746,[356,1341,2240,2493,2530,4344,7218,7596,8280],[1.0,1.0,1.0,1.0,1.0,1.0,1.0,1.0,1.0]
10746,[126,758,3592,4486,6341,6368],[1.0,1.0,1.0,1.0,1.0,1.0]
10746,[121,252,2240,4611,4671,5885,6385,7596,7649],[1.0,1.0,1.0,1.0,1.0,1.0,1.0,1.0,1.0]
10746,[2182,2530,4721,7218,8162,8836,9528,9814],[1.0,1.0,1.0,1.0,1.0,1.0,1.0,1.0]
10746,[1341,2182,3545,3783,7379,7928,9595],[1.0,1.0,1.0,1.0,1.0,1.0,1.0]
10746,[66,2114,5513,6687,8280,8595,9595,9611,10426,10621],[1.0,1.0,1.0,1.0,1.0,1.0,1.0,1.0,1.0,1.0]
10746,[252,463,1706,3196,3257,3741,3877,4888,7645,10433],[1.0,1.0,1.0,1.0,1.0,1.0,1.0,1.0,1.0,1.0]
10746,[356,838,1310,1700,2812,3018,4258,7218,7714,9851],[1.0,1.0,1.0,1.0,1.0,1.0,1.0,1.0,1.0,1.0]
10746,[11,838,4888,5118,7421,7596,8700,8836,9528],[1.0,1.0,1.0,1.0,1.0,1.0,1.0,1.0,1.0]
10746,[3501,7829],[1.0,1.0]
