10746,[39,2531,3844,4440,6131,6753,10201],[1.0,1.0,1.0,1.0,1.0,1.0,1.0]
10746,[213,2518,4055,4778,4809,5017,7463,9865,10152,10360],[1.0,1.0,1.0,1.0,1.0,1.0,1.0,1.0,1.0,1.0]
10746,[936,2785,3093,3844,4677,5486,6229,8540],[1.0,1.0,1.0,1.0,1.0,1.0,1.0,1.0]
10746,[2799,4217,4589,6295,6341,8904,9270,10617],[1.0,1.0,1.0,1.0,1.0,1.0,1.0,1.0]
10746,[669,966,991,1144,4191,6229,9528,10621],[1.0,1.0,1.0,1.0,1.0,1.0,1.0,1.0]
10746,[2530,4611,5207,5928,6341,7606,9079],[1.0,1.0,1.0,1.0,1.0,1.0,1.0]
10746,[871,6497,7661,9145],[1.0,1.0,1.0,1.0]
10746,[1237,2546,3824,6098,6345,8870,9595,9710,10617],[1.0,1.0,1.0,1.0,1.0,1.0,1.0,1.0,1.0]
10746,[5366,6345,7317,7506,9333,9379],[1.0,1.0,1.0,1.0,1.0,1.0]
10746,[1255,3156,3523,3824,4671,6172,7117,9851],[1.0,1.0,1.0,1.0,1.0,1.0,1.0,1.0]
10746,[956,2067,2916,3515,5592,8114,9851,10617],[1.0,1.0,1.0,1.0,1.0,1.0,1.0,1.0]
10746,[561,2006,5127,6035,9419,10419,10539,10617],[1.0,1.0,1.0,1.0,1.0,1.0,1.0,1.0]
10746,[646,2530,3535,4205,6607,9894,10459,10609],[1.0,1.0,1.0,1.0,1.0,1.0,1.0,1.0]
10746,[871,1255,2530,5001,6170,6830,7661,9165,10082],[1.0,1.0,1.0,1.0,1.0,1.0,1.0,1.0,1.0]
10746,[60,1099,3365,4332,7074,7084,7661,9049,9364,10716],[1.0,1.0,1.0,1.0,1.0,1.0,1.0,1.0,1.0,1.0]
10746,[261,871,2427,3741,3824,6326,8254],[1.0,1.0,1.0,1.0,1.0,1.0,1.0]
10746,[871,1187,2618,3629,5069,8048,9289,9575,10419],[1.0,1.0,1.0,1.0,1.0,1.0,1.0,1.0,1.0]
10746,[2511,4217,4847,7921,8729,10033,10716],[1.0,1.0,1.0,1.0,1.0,1.0,1.0]
10746,[871,2963,6288,6497,8339],[1.0,1.0,1.0,1.0,1.0]
10746,[576,2530,4217,5592,6229,8339,9882],[1.0,1.0,1.0,1.0,1.0,1.0,1.0]
10746,[871,4516,5146,5917,6229,6335,6759,8114],[1.0,1.0,1.0,1.0,1.0,1.0,1.0,1.0]
10746,[1255,2530,2963,6497,7325,7518,7928,9298,9364],[1.0,1.0,1.0,1.0,1.0,1.0,1.0,1.0,1.0]
10746,[871,1099,1673,2324,2530,6288,6313],[1.0,1.0,1.0,1.0,1.0,1.0,1.0]
10746,[850,871,1099,2814,4332,7218,7606,9882],[1.0,1.0,1.0,1.0,1.0,1.0,1.0,1.0]
10746,[871,4649,4828,5639,5752,7382,9184,9632,10539],[1.0,1.0,1.0,1.0,1.0,1.0,1.0,1.0,1.0]
10746,[2318,4649,6341,7061,7382,7541],[1.0,1.0,1.0,1.0,1.0,1.0]
10746,[4520,5972,6341,6753],[1.0,1.0,1.0,1.0]
