10746,[1237,1912,2727,4214,4440,4595,5482],[1.0,1.0,1.0,1.0,1.0,1.0,1.0]
10746,[213,772,981,1652,4814,6463,8452,8900,10360],[1.0,1.0,1.0,1.0,1.0,1.0,1.0,1.0,1.0]
10746,[121,936,2505,2530,3798,8475,9854],[1.0,1.0,1.0,1.0,1.0,1.0,1.0]
10746,[164,1492,1965,2127,2916,10108,10584],[1.0,1.0,1.0,1.0,1.0,1.0,1.0]
10746,[121,1121,2407,3842,4534,5146,9449],[1.0,1.0,1.0,1.0,1.0,1.0,1.0]
10746,[1098,1326,4534,6002,8615,8630,9453],[1.0,1.0,1.0,1.0,1.0,1.0,1.0]
10746,[4077,6673,8114,10315,10336,10350,10678],[1.0,1.0,1.0,1.0,1.0,1.0,1.0]
10746,[1098,1099,1706,2123,4888,8551,8595],[1.0,1.0,1.0,1.0,1.0,1.0,1.0]
10746,[1948,2443,2708,4494,5142,7840,8595,10336],[1.0,1.0,1.0,1.0,1.0,1.0,1.0,1.0]
10746,[14,144,902,1098,2530,2616,7379,7506,8895],[1.0,1.0,1.0,1.0,1.0,1.0,1.0,1.0,1.0]
10746,[1679,3560,3876,5654,8162,9842,10018,10336,10350],[1.0,1.0,1.0,1.0,1.0,1.0,1.0,1.0,1.0]
10746,[463,973,2916,4823,9571,9851,10222,10271],[1.0,1.0,1.0,1.0,1.0,1.0,1.0,1.0]
10746,[956,1706,2708,2916,4424,4534,5928,7051,7502],[1.0,1.0,1.0,1.0,1.0,1.0,1.0,1.0,1.0]
10746,[1237,3824,4452,8114,8169,9977,10139],[1.0,1.0,1.0,1.0,1.0,1.0,1.0]
10746,[957,1195,1255,1471,2530,2769,8114,10139,10336],[1.0,1.0,1.0,1.0,1.0,1.0,1.0,1.0,1.0]
10746,[666,2852,4217,7506,7946,8576,10139],[1.0,1.0,1.0,1.0,1.0,1.0,1.0]
10746,[896,2425,2530,4649,5392,6533,8690,8917,9595,9851],[1.0,1.0,1.0,1.0,1.0,1.0,1.0,1.0,1.0,1.0]
10746,[56,252,666,2282,7946,8234,8576],[1.0,1.0,1.0,1.0,1.0,1.0,1.0]
10746,[1237,2407,4114,6392,7282,8169,9298,10536],[1.0,1.0,1.0,1.0,1.0,1.0,1.0,1.0]
10746,[783,896,2493,2596,2640,4084,4534,5552],[1.0,1.0,1.0,1.0,1.0,1.0,1.0,1.0]
10746,[1706,2606,2862,3044,4405,4636,6080,8457],[1.0,1.0,1.0,1.0,1.0,1.0,1.0,1.0]
10746,[1005,3372,3718,4217,4252,5181,5400,7389,9394],[1.0,1.0,1.0,1.0,1.0,1.0,1.0,1.0,1.0]
10746,[121,463,558,902,2828,3442,7204,8940,9595],[1.0,1.0,1.0,1.0,1.0,1.0,1.0,1.0,1.0]
10746,[2162,2407,3469,5440,6547,7808,8842,10595],[1.0,1.0,1.0,1.0,1.0,1.0,1.0,1.0]
10746,[501,1675,6687,8917,9289,9298,9632],[1.0,1.0,1.0,1.0,1.0,1.0,1.0]
10746,[558,1173,1276,4589,7105,8114,10353],[1.0,1.0,1.0,1.0,1.0,1.0,1.0]
10746,[121,662,1160,2162,3545,4611,5564,8812],[1.0,1.0,1.0,1.0,1.0,1.0,1.0,1.0]
10746,[55,2916,3545,3890,4649,7045,8960,9632,10613],[1.0,1.0,1.0,1.0,1.0,1.0,1.0,1.0,1.0]
10746,[558,1237,1706,2751,5736,5938,6335],[1.0,1.0,1.0,1.0,1.0,1.0,1.0]
10746,[143,416,9270,9273,9851,10572,10580],[1.0,1.0,1.0,1.0,1.0,1.0,1.0]
10746,[121,299,3545,4217,6392,9118,9273,9632],[1.0,1.0,1.0,1.0,1.0,1.0,1.0,1.0]
10746,[991,1237,3590,3892,4534,4576,5181,5885],[1.0,1.0,1.0,1.0,1.0,1.0,1.0,1.0]
10746,[772,2455,3442,4589,4611,5986,9851],[1.0,1.0,1.0,1.0,1.0,1.0,1.0]
10746,[2074,4191,4239,4611,5986,6626,8595,9292,9851],[1.0,1.0,1.0,1.0,1.0,1.0,1.0,1.0,1.0]
10746,[2530,3661,3768,4785,8475,9364],[1.0,1.0,1.0,1.0,1.0,1.0]
10746,[26,121,634,2531,3892,7079,9595],[1.0,1.0,1.0,1.0,1.0,1.0,1.0]
10746,[143,365,3442,4649,8170,8630,9379,10056],[1.0,1.0,1.0,1.0,1.0,1.0,1.0,1.0]
10746,[1098,2530,5985,8032,8630,9912,10024],[1.0,1.0,1.0,1.0,1.0,1.0,1.0]
10746,[3545,5146,6172,6590,8475,9595,9912],[1.0,1.0,1.0,1.0,1.0,1.0,1.0]
10746,[121,1098,2123,2182,2278,2530,8595,9912],[1.0,1.0,1.0,1.0,1.0,1.0,1.0,1.0]
10746,[121,2530,2640,5146,6335,7637,8595,10139],[1.0,1.0,1.0,1.0,1.0,1.0,1.0,1.0]
10746,[2916,3318,4191,6952,9831,10222],[1.0,1.0,1.0,1.0,1.0,1.0]
10746,[2530,2618,4576,4649,6298,8110,8114,8690],[1.0,1.0,1.0,1.0,1.0,1.0,1.0,1.0]
10746,[533,1275,2333,3070,7045,8133],[1.0,1.0,1.0,1.0,1.0,1.0]
10746,[758,1865,4948,6098,6170,7244,10018,10222],[1.0,1.0,1.0,1.0,1.0,1.0,1.0,1.0]
10746,[1537,3249,3732,4217,6341,8595,9289,9598,10139],[1.0,1.0,1.0,1.0,1.0,1.0,1.0,1.0,1.0]
10746,[1098,2790,4948,6257,7840,9289,10139],[1.0,1.0,1.0,1.0,1.0,1.0,1.0]
10746,[758,2790,7033,7205,8114,8614,8690],[1.0,1.0,1.0,1.0,1.0,1.0,1.0]
10746,[3426,3514,3768,7112,8114,8690,10056],[1.0,1.0,1.0,1.0,1.0,1.0,1.0]
10746,[1965,2278,2530,3813,4649,7074,7317,7436],[1.0,1.0,1.0,1.0,1.0,1.0,1.0,1.0]
10746,[1706,2640,4217,4649,6170,7506,8374,8381],[1.0,1.0,1.0,1.0,1.0,1.0,1.0,1.0]
10746,[463,1179,2929,3545,4609,5142,6080,9365,10056],[1.0,1.0,1.0,1.0,1.0,1.0,1.0,1.0,1.0]
10746,[1024,2123,3140,4934,4990,5885,7279,7673],[1.0,1.0,1.0,1.0,1.0,1.0,1.0,1.0]
10746,[4205,4888,4944,5505,7249,7843,8635,9431],[1.0,1.0,1.0,1.0,1.0,1.0,1.0,1.0]
10746,[958,1099,1492,1829,3890,6341,7322,9290,10203],[1.0,1.0,1.0,1.0,1.0,1.0,1.0,1.0,1.0]
10746,[1275,1706,5205,6341,7168,8114,10419],[1.0,1.0,1.0,1.0,1.0,1.0,1.0]
10746,[4542,4611,4618,7317,9078,9625,9724,10734],[1.0,1.0,1.0,1.0,1.0,1.0,1.0,1.0]
10746,[175,1066,2122,2596,3074,3106,3426,6650,8989,10222],[1.0,1.0,1.0,1.0,1.0,1.0,1.0,1.0,1.0,1.0]
10746,[2505,3798,7519],[1.0,1.0,1.0]
