10746,[1310,1513,4213,4440,4953,7990,8773,10067],[1.0,1.0,1.0,1.0,1.0,1.0,1.0,1.0]
10746,[1513,2518,4778,7384,10067,10152,10360,10362],[1.0,1.0,1.0,1.0,1.0,1.0,1.0,1.0]
10746,[213,2289,3900,4682,7153,7339,8323,8859,9000,10054],[1.0,1.0,1.0,1.0,1.0,1.0,1.0,1.0,1.0,1.0]
10746,[2618,3741,5146,7390,8480,9290,9513],[1.0,1.0,1.0,1.0,1.0,1.0,1.0]
10746,[1275,3300,4868,6335,6810,9557,9851],[1.0,1.0,1.0,1.0,1.0,1.0,1.0]
10746,[556,1098,3944,4606,6783,8280,8595,10621],[1.0,1.0,1.0,1.0,1.0,1.0,1.0,1.0]
10746,[902,1098,2123,5069,5883,7506,9950],[1.0,1.0,1.0,1.0,1.0,1.0,1.0]
10746,[2618,5146,8475,8595,9513,9851,10419],[1.0,1.0,1.0,1.0,1.0,1.0,1.0]
10746,[1673,2114,3547,4534,8170,8653,10054],[1.0,1.0,1.0,1.0,1.0,1.0,1.0]
10746,[1275,2114,2530,3204,4042,4428,4868,6229],[1.0,1.0,1.0,1.0,1.0,1.0,1.0,1.0]
10746,[304,2530,3944,4159,4404,4512,6810,8114,9290],[1.0,1.0,1.0,1.0,1.0,1.0,1.0,1.0,1.0]
10746,[1187,2074,2123,2493,6130,7550,8836,9886],[1.0,1.0,1.0,1.0,1.0,1.0,1.0,1.0]
10746,[35,126,1086,1098,5737,7147,7653,8114,10557],[1.0,1.0,1.0,1.0,1.0,1.0,1.0,1.0,1.0]
10746,[1275,2119,2530,3089,4534,4671,7423,8040,8114,10317],[1.0,1.0,1.0,1.0,1.0,1.0,1.0,1.0,1.0,1.0]
10746,[2530,3089,4159,4848,8475,8491,9557],[1.0,1.0,1.0,1.0,1.0,1.0,1.0]
10746,[27,463,556,902,2530,6047,8280,8475,9595],[1.0,1.0,1.0,1.0,1.0,1.0,1.0,1.0,1.0]
10746,[1098,1099,1959,4205,4606,5885,6515,9460],[1.0,1.0,1.0,1.0,1.0,1.0,1.0,1.0]
10746,[463,1706,3593,4534,8280,8475,8880,9460],[1.0,1.0,1.0,1.0,1.0,1.0,1.0,1.0]
10746,[556,956,3768,5763,6002,6832,8114,10419,10661],[1.0,1.0,1.0,1.0,1.0,1.0,1.0,1.0,1.0]
10746,[143,902,1737,5069,5983,8875,9270],[1.0,1.0,1.0,1.0,1.0,1.0,1.0]
10746,[1626,2647,5146,6171,6172,9513,10419],[1.0,1.0,1.0,1.0,1.0,1.0,1.0]
10746,[89,1831,4171,6229,6771,8114,9298,10068,10621],[1.0,1.0,1.0,1.0,1.0,1.0,1.0,1.0,1.0]
10746,[141,3545,4682,4953,5069,7502,9270,9831],[1.0,1.0,1.0,1.0,1.0,1.0,1.0,1.0]
