10746,[39,3844,4440,6131,6753,8635,10201],[1.0,1.0,1.0,1.0,1.0,1.0,1.0]
10746,[213,1237,2518,4055,4778,5017,7463,9865,10152,10360],[1.0,1.0,1.0,1.0,1.0,1.0,1.0,1.0,1.0,1.0]
10746,[242,2013,3844,5201,6557,8540,8751,8779,9491],[1.0,1.0,1.0,1.0,1.0,1.0,1.0,1.0,1.0]
10746,[850,936,3426,4217,4405,6193,6229,9325],[1.0,1.0,1.0,1.0,1.0,1.0,1.0,1.0]
10746,[684,1706,3242,4239,7390,8398,8630],[1.0,1.0,1.0,1.0,1.0,1.0,1.0]
10746,[1365,2992,3614,4637,6461,9604,10621],[1.0,1.0,1.0,1.0,1.0,1.0,1.0]
10746,[126,3249,4217,4405,4801,5320,9524],[1.0,1.0,1.0,1.0,1.0,1.0,1.0]
10746,[2352,4066,4217,4589,6229,6461,7506,8941],[1.0,1.0,1.0,1.0,1.0,1.0,1.0,1.0]
10746,[92,4217,4801,5672,6229,9461,9465],[1.0,1.0,1.0,1.0,1.0,1.0,1.0]
10746,[1099,4066,4217,4389,6229,9379,10617,10621,10656],[1.0,1.0,1.0,1.0,1.0,1.0,1.0,1.0,1.0]
10746,[92,589,766,4424,5267,6461,7116,9273],[1.0,1.0,1.0,1.0,1.0,1.0,1.0,1.0]
10746,[1985,2146,3592,6229],[1.0,1.0,1.0,1.0]
10746,[237,1136,1634,3954,8114,9270,9377],[1.0,1.0,1.0,1.0,1.0,1.0,1.0]
10746,[1189,2418,3249,3783,4801,5428,7649,7784,8917],[1.0,1.0,1.0,1.0,1.0,1.0,1.0,1.0,1.0]
10746,[822,844,6585,7423,9364,10295,10539],[1.0,1.0,1.0,1.0,1.0,1.0,1.0]
10746,[29,832,2478,5480,5928,7443,7767],[1.0,1.0,1.0,1.0,1.0,1.0,1.0]
10746,[1681,1965,3453,3577,6080,6553,9528],[1.0,1.0,1.0,1.0,1.0,1.0,1.0]
10746,[1311,2325,2380,2596,3453,3577,5328,6341,6553],[1.0,1.0,1.0,1.0,1.0,1.0,1.0,1.0,1.0]
10746,[1842,4601,7117,7390,8005,8893,9273,9518,9871],[1.0,1.0,1.0,1.0,1.0,1.0,1.0,1.0,1.0]
10746,[273,4498,4534,5210,5328,7890,8673,9289,10056],[1.0,1.0,1.0,1.0,1.0,1.0,1.0,1.0,1.0]
10746,[758,822,3036,3433,4950,6547,7423],[1.0,1.0,1.0,1.0,1.0,1.0,1.0]
10746,[3705,3965,4332,4576,4730,4771,6080],[1.0,1.0,1.0,1.0,1.0,1.0,1.0]
10746,[1099,4487,6952,7465,8453,9298,10617],[1.0,1.0,1.0,1.0,1.0,1.0,1.0]
10746,[501,896,3741,4191,4239,4650,4888,5709,5985,9460],[1.0,1.0,1.0,1.0,1.0,1.0,1.0,1.0,1.0,1.0]
10746,[758,2728,2881,4405,6229,6872,7117,7379],[1.0,1.0,1.0,1.0,1.0,1.0,1.0,1.0]
10746,[1201,3452,4534,6413,7205,8114,9632],[1.0,1.0,1.0,1.0,1.0,1.0,1.0]
10746,[1075,2708,3439,3592,4217,7379,7744,8695,10135],[1.0,1.0,1.0,1.0,1.0,1.0,1.0,1.0,1.0]
10746,[1099,2771,3545,4191,4650,4968,7654,9683,9871,10285],[1.0,1.0,1.0,1.0,1.0,1.0,1.0,1.0,1.0,1.0]
10746,[60,708,1099,1829,3683,3818,9994,10203],[1.0,1.0,1.0,1.0,1.0,1.0,1.0,1.0]
10746,[2162,2411,6263,7768,9273,9749,10222],[1.0,1.0,1.0,1.0,1.0,1.0,1.0]
10746,[1481,3089,3585,4405,7205],[1.0,1.0,1.0,1.0,1.0]
10746,[1150,3094,6193,6872,7506,7791,9289,9325],[1.0,1.0,1.0,1.0,1.0,1.0,1.0,1.0]
10746,[1255,5709,6796,6819,7237,7744,8960,9270,9831],[1.0,1.0,1.0,1.0,1.0,1.0,1.0,1.0,1.0]
10746,[1236,1351,4797,4801,6541,6872,7933,7993,10508],[1.0,1.0,1.0,1.0,1.0,1.0,1.0,1.0,1.0]
10746,[758,6753],[1.0,1.0]
