10746,[1513,3280,4440,4953,7990,8773,10067,10560],[1.0,1.0,1.0,1.0,1.0,1.0,1.0,1.0]
10746,[1513,2289,2518,3900,4778,10067,10152,10360],[1.0,1.0,1.0,1.0,1.0,1.0,1.0,1.0]
10746,[213,1284,2261,4682,7153,7339,8859,9491,10421],[1.0,1.0,1.0,1.0,1.0,1.0,1.0,1.0,1.0]
10746,[902,1291,2530,5710,7423,9000,9289,9528],[1.0,1.0,1.0,1.0,1.0,1.0,1.0,1.0]
10746,[121,902,1052,1548,2126,8554,9263,9290,10082,10621],[1.0,1.0,1.0,1.0,1.0,1.0,1.0,1.0,1.0,1.0]
10746,[121,3651,7423,9270,9289,9528,9882,10212],[1.0,1.0,1.0,1.0,1.0,1.0,1.0,1.0]
10746,[1052,1284,3426,5142,6229,6952,7412,9263],[1.0,1.0,1.0,1.0,1.0,1.0,1.0,1.0]
10746,[1255,2079,2806,4690,6536,7105,8073,9773,10054],[1.0,1.0,1.0,1.0,1.0,1.0,1.0,1.0,1.0]
10746,[143,2140,3850,5291,9632],[1.0,1.0,1.0,1.0,1.0]
10746,[1054,3492,3998,4671,7941,9831],[1.0,1.0,1.0,1.0,1.0,1.0]
10746,[135,1054,2240,2509,6047,8904,9229,9289,9595],[1.0,1.0,1.0,1.0,1.0,1.0,1.0,1.0,1.0]
10746,[4606,4611,5564,5710,7099,9292,9528],[1.0,1.0,1.0,1.0,1.0,1.0,1.0]
10746,[1255,2530,6047,7843,8475,9270,10029,10082,10222],[1.0,1.0,1.0,1.0,1.0,1.0,1.0,1.0,1.0]
10746,[121,1054,4953,7746,10056,10716],[1.0,1.0,1.0,1.0,1.0,1.0]
