10746,[838,1652,4405,4440,7953,8177,8323,10054,10360],[1.0,1.0,1.0,1.0,1.0,1.0,1.0,1.0,1.0]
10746,[213,513,3864,5351,6980,10326,10463],[1.0,1.0,1.0,1.0,1.0,1.0,1.0]
10746,[936,1369,6229,6335,7117,7317,7502,8917],[1.0,1.0,1.0,1.0,1.0,1.0,1.0,1.0]
10746,[1255,1631,2162,4858,7633,8041,9199,10617],[1.0,1.0,1.0,1.0,1.0,1.0,1.0,1.0]
10746,[1023,3595,4217,5179,6229,6295,10617],[1.0,1.0,1.0,1.0,1.0,1.0,1.0]
10746,[21,1340,3496,3890,5741,6394,8917],[1.0,1.0,1.0,1.0,1.0,1.0,1.0]
10746,[3595,4336,4405,6209,6509,7202,10617,10621],[1.0,1.0,1.0,1.0,1.0,1.0,1.0,1.0]
10746,[2038,2126,2290,2768,5885,6098,10131,10508],[1.0,1.0,1.0,1.0,1.0,1.0,1.0,1.0]
10746,[436,820,1225,6209,6509,7649,9585],[1.0,1.0,1.0,1.0,1.0,1.0,1.0]
10746,[213,1369,3186,3545,4332,4548,7728],[1.0,1.0,1.0,1.0,1.0,1.0,1.0]
10746,[844,3327,5485,6035,6392,8543,9270,9309,9557],[1.0,1.0,1.0,1.0,1.0,1.0,1.0,1.0,1.0]
10746,[2201,2916,3669,4768,5807,9934],[1.0,1.0,1.0,1.0,1.0,1.0]
10746,[1535,3754,5250,5994,6441,7379,9397,9460,9534],[1.0,1.0,1.0,1.0,1.0,1.0,1.0,1.0,1.0]
10746,[14,303,832,4039,6441,9397,9595,10082,10222],[1.0,1.0,1.0,1.0,1.0,1.0,1.0,1.0,1.0]
10746,[2455,2664,2751,3070,6061,7718,9289],[1.0,1.0,1.0,1.0,1.0,1.0,1.0]
10746,[1099,2201,3741,6229,7276,9270,10621],[1.0,1.0,1.0,1.0,1.0,1.0,1.0]
10746,[721,1718,5031,5696,9526,9632,9841],[1.0,1.0,1.0,1.0,1.0,1.0,1.0]
10746,[1706,2425,8932,8976,9494,10397],[1.0,1.0,1.0,1.0,1.0,1.0]
10746,[5069,5150,5803,10419],[1.0,1.0,1.0,1.0]
10746,[902,3532,3741,4287,7273,9128,10682],[1.0,1.0,1.0,1.0,1.0,1.0,1.0]
10746,[463,2860,4378,8005,9465,10362],[1.0,1.0,1.0,1.0,1.0,1.0]
10746,[1369,3532,3826,3943,5069,7506,8932],[1.0,1.0,1.0,1.0,1.0,1.0,1.0]
10746,[3532,4332,5281,6335,6595,8558,9298,9749,9973],[1.0,1.0,1.0,1.0,1.0,1.0,1.0,1.0,1.0]
10746,[2769,6008,6457,8040,9289,9298,10716],[1.0,1.0,1.0,1.0,1.0,1.0,1.0]
10746,[5928,6098,9270,9973,10716],[1.0,1.0,1.0,1.0,1.0]
10746,[2916,2950,7149,8594,9270,9816,9973,10536],[1.0,1.0,1.0,1.0,1.0,1.0,1.0,1.0]
10746,[1681,1973,2278,2784,6595,8729],[1.0,1.0,1.0,1.0,1.0,1.0]
10746,[2278,4534,5548,8594,9289,9973],[1.0,1.0,1.0,1.0,1.0,1.0]
10746,[126,1023,5775,7390,7494,8219,8652,9025],[1.0,1.0,1.0,1.0,1.0,1.0,1.0,1.0]
10746,[143,3685,5592,6335,7033,9298,9632,9973],[1.0,1.0,1.0,1.0,1.0,1.0,1.0,1.0]
10746,[1275,1524,1528,2278,2461,2916,8041,9025,9990],[1.0,1.0,1.0,1.0,1.0,1.0,1.0,1.0,1.0]
10746,[35,631,2627,2916,4405,6295,7222],[1.0,1.0,1.0,1.0,1.0,1.0,1.0]
10746,[1099,1535,5738,5820,8630,9298],[1.0,1.0,1.0,1.0,1.0,1.0]
10746,[2771,2916,6985,7149,8005,9270,9464,10222],[1.0,1.0,1.0,1.0,1.0,1.0,1.0,1.0]
10746,[419,463,2123,2492,3595,9610],[1.0,1.0,1.0,1.0,1.0,1.0]
10746,[1973,2278,2596,2784,6595,7149,8594,9973],[1.0,1.0,1.0,1.0,1.0,1.0,1.0,1.0]
10746,[10054],[1.0]
