10746,[1310,2200,3277,4440,5090,6022,7254,9491,9996],[1.0,1.0,1.0,1.0,1.0,1.0,1.0,1.0,1.0]
10746,[2200,2518,3277,4778,5090,5845,9996,10152,10360],[1.0,1.0,1.0,1.0,1.0,1.0,1.0,1.0,1.0]
10746,[11,213,3501,5118,7829,9491,10463],[1.0,1.0,1.0,1.0,1.0,1.0,1.0]
10746,[936,1817,2649,4465,5793,7316,7353,8700,10139],[1.0,1.0,1.0,1.0,1.0,1.0,1.0,1.0,1.0]
10746,[588,956,1862,2649,3713,4165,4223,9754],[1.0,1.0,1.0,1.0,1.0,1.0,1.0,1.0]
10746,[1255,4202,4338,5447,6255,8041,8293],[1.0,1.0,1.0,1.0,1.0,1.0,1.0]
10746,[4606,4688,7959,8114,8729,9420,10042],[1.0,1.0,1.0,1.0,1.0,1.0,1.0]
10746,[81,305,4217,4239,6298,7649,8554,10591],[1.0,1.0,1.0,1.0,1.0,1.0,1.0,1.0]
10746,[78,1706,2000,2757,3741,6603,7335,8893],[1.0,1.0,1.0,1.0,1.0,1.0,1.0,1.0]
10746,[588,5711,6335,6603,8729,9754,10080],[1.0,1.0,1.0,1.0,1.0,1.0,1.0]
10746,[556,1706,2185,4165,5641,6298,6819,6877],[1.0,1.0,1.0,1.0,1.0,1.0,1.0,1.0]
10746,[343,2771,5320,5983,7379,8086,9823],[1.0,1.0,1.0,1.0,1.0,1.0,1.0]
10746,[463,1983,4217,7033,7381,9973,10433],[1.0,1.0,1.0,1.0,1.0,1.0,1.0]
10746,[463,556,4534,5845,6561,8640,9025,9814,10438],[1.0,1.0,1.0,1.0,1.0,1.0,1.0,1.0,1.0]
