10746,[1513,4191,4440,4561,4953,7990,8773,10067],[1.0,1.0,1.0,1.0,1.0,1.0,1.0,1.0]
10746,[1513,2289,2518,3900,4778,10067,10152,10360],[1.0,1.0,1.0,1.0,1.0,1.0,1.0,1.0]
10746,[213,1870,2845,3788,4682,7011,7153,7339,8859],[1.0,1.0,1.0,1.0,1.0,1.0,1.0,1.0,1.0]
10746,[2013,5201,8751,8779,9000,9491,10463],[1.0,1.0,1.0,1.0,1.0,1.0,1.0]
10746,[86,242,747,3442,5201,5328,6557,8114,9000,9491],[1.0,1.0,1.0,1.0,1.0,1.0,1.0,1.0,1.0,1.0]
10746,[1255,2217,5236,6138,7914,8286,8442,8543,10433],[1.0,1.0,1.0,1.0,1.0,1.0,1.0,1.0,1.0]
10746,[902,1255,4393,6229,6819,7701,8595,8941],[1.0,1.0,1.0,1.0,1.0,1.0,1.0,1.0]
10746,[902,1272,2916,3528,3824,4611,5596,9871,10401],[1.0,1.0,1.0,1.0,1.0,1.0,1.0,1.0,1.0]
10746,[480,3813,4552,5928,6172,8595,9070,10714,10716],[1.0,1.0,1.0,1.0,1.0,1.0,1.0,1.0,1.0]
10746,[26,245,2114,2518,5181,7379,9432,9595,10419,10671],[1.0,1.0,1.0,1.0,1.0,1.0,1.0,1.0,1.0,1.0]
10746,[3214,3514,4534,4871,4953,8506,10386,10716],[1.0,1.0,1.0,1.0,1.0,1.0,1.0,1.0]
