10746,[851,1400,1586,2287,4440,4590,7159,9697,10360],[1.0,1.0,1.0,1.0,1.0,1.0,1.0,1.0,1.0]
10746,[213,3244,3642,4683,4722,5373,9636,10463],[1.0,1.0,1.0,1.0,1.0,1.0,1.0,1.0]
10746,[936,2245,2530,3093,6003,6220,8790],[1.0,1.0,1.0,1.0,1.0,1.0,1.0]
10746,[1154,2799,3030,4534,5522,6468,7506,9289,9298],[1.0,1.0,1.0,1.0,1.0,1.0,1.0,1.0,1.0]
10746,[453,2204,4029,4534,5928,6622,9831,10632],[1.0,1.0,1.0,1.0,1.0,1.0,1.0,1.0]
10746,[1434,5102,5142,5978,6394,10222],[1.0,1.0,1.0,1.0,1.0,1.0]
10746,[2182,5392,5928,7552,7779,7923,8398,8584],[1.0,1.0,1.0,1.0,1.0,1.0,1.0,1.0]
10746,[112,4405,5320,7843,8219,8280,8630],[1.0,1.0,1.0,1.0,1.0,1.0,1.0]
10746,[705,902,1453,2418,3304,4405,5628,6295,7649],[1.0,1.0,1.0,1.0,1.0,1.0,1.0,1.0,1.0]
10746,[453,2204,2530,4029,4534,6622,7202,8494,9698],[1.0,1.0,1.0,1.0,1.0,1.0,1.0,1.0,1.0]
10746,[453,2204,2530,3426,4029,4358,4534,6622,6819],[1.0,1.0,1.0,1.0,1.0,1.0,1.0,1.0,1.0]
10746,[851,4590,7857,7923,9697],[1.0,1.0,1.0,1.0,1.0]
