10746,[514,2582,4440,6753,7633,9632,9972,10187],[1.0,1.0,1.0,1.0,1.0,1.0,1.0,1.0]
10746,[1193,1652,2518,2661,3669,4681,4750,4778,10152,10360],[1.0,1.0,1.0,1.0,1.0,1.0,1.0,1.0,1.0,1.0]
10746,[213,1513,3058,7990,8444,9161,10187,10463],[1.0,1.0,1.0,1.0,1.0,1.0,1.0,1.0]
10746,[902,936,1513,4807,4953,5592,8773,10067],[1.0,1.0,1.0,1.0,1.0,1.0,1.0,1.0]
10746,[372,4268,4374,4405,6035,9270],[1.0,1.0,1.0,1.0,1.0,1.0]
10746,[1706,2521,2916,4534,4649,5592,7700,8172,8553],[1.0,1.0,1.0,1.0,1.0,1.0,1.0,1.0,1.0]
10746,[902,1253,4149,5077,7173,8729,9365,9953,10268],[1.0,1.0,1.0,1.0,1.0,1.0,1.0,1.0,1.0]
10746,[902,1681,2366,3257,4688,5138,6002,8729,10103],[1.0,1.0,1.0,1.0,1.0,1.0,1.0,1.0,1.0]
10746,[520,631,4955,6047,7387,8701,8842,9600,10522],[1.0,1.0,1.0,1.0,1.0,1.0,1.0,1.0,1.0]
10746,[122,1127,1297,3484,3651,4205,4228,4959],[1.0,1.0,1.0,1.0,1.0,1.0,1.0,1.0]
10746,[1038,5031,7360],[1.0,1.0,1.0]
10746,[2123,2718,3426,4321,4344,8041,9787,10280],[1.0,1.0,1.0,1.0,1.0,1.0,1.0,1.0]
10746,[14,153,1038,2916,5886,5991,7384,8820,10222,10576],[1.0,1.0,1.0,1.0,1.0,1.0,1.0,1.0,1.0,1.0]
10746,[1395,2407,4058,4092,4239,5978,8729,8875,9534],[1.0,1.0,1.0,1.0,1.0,1.0,1.0,1.0,1.0]
10746,[1038,1776,2530,2708,7611,9851,10621],[1.0,1.0,1.0,1.0,1.0,1.0,1.0]
10746,[2272,2876,7101,7381],[1.0,1.0,1.0,1.0]
