10746,[4111,4440,4750,4878,6753,7944,9096,10187],[1.0,1.0,1.0,1.0,1.0,1.0,1.0,1.0]
10746,[1308,2661,3669,4302,4681,6736,10053,10360,10463],[1.0,1.0,1.0,1.0,1.0,1.0,1.0,1.0,1.0]
10746,[213,1193,1652,1734,2518,4778,10152,10187,10463],[1.0,1.0,1.0,1.0,1.0,1.0,1.0,1.0,1.0]
10746,[936,1734,2999,4615,8654,8848,9491],[1.0,1.0,1.0,1.0,1.0,1.0,1.0]
10746,[14,143,1481,10156,10222,10288],[1.0,1.0,1.0,1.0,1.0,1.0]
10746,[2185,3347,4589,4632,5429,5440,7423],[1.0,1.0,1.0,1.0,1.0,1.0,1.0]
10746,[2099,4159,4718,7157,7634,8345,10089],[1.0,1.0,1.0,1.0,1.0,1.0,1.0]
10746,[1475,2260,2571,4424,4891,8145],[1.0,1.0,1.0,1.0,1.0,1.0]
10746,[1920,2493,3304,3426,4671,5564,6335,8145,9595],[1.0,1.0,1.0,1.0,1.0,1.0,1.0,1.0,1.0]
10746,[4159,4421,4934,6640,6687,8145,8271,8858],[1.0,1.0,1.0,1.0,1.0,1.0,1.0,1.0]
10746,[2708,2916,4405,4707,5320,5580,8114,9185,9298,9588],[1.0,1.0,1.0,1.0,1.0,1.0,1.0,1.0,1.0,1.0]
10746,[25,971,2916,4603,6394,8571,9851,10621],[1.0,1.0,1.0,1.0,1.0,1.0,1.0,1.0]
10746,[463,4611,6500,7728,9379,9489,9607],[1.0,1.0,1.0,1.0,1.0,1.0,1.0]
10746,[2455,2618,2876,4042,4204,6500,7381,9607,9748],[1.0,1.0,1.0,1.0,1.0,1.0,1.0,1.0,1.0]
10746,[356,2272,2916,3832,7101,8343,9528],[1.0,1.0,1.0,1.0,1.0,1.0,1.0]
10746,[5820],[1.0]
