10746,[1513,4440,4953,6689,7990,8773,10067],[1.0,1.0,1.0,1.0,1.0,1.0,1.0]
10746,[175,1513,2518,3900,4778,10067,10152,10360],[1.0,1.0,1.0,1.0,1.0,1.0,1.0,1.0]
10746,[213,242,1871,2224,2289,2388,4682,7153,7339,8859],[1.0,1.0,1.0,1.0,1.0,1.0,1.0,1.0,1.0,1.0]
10746,[289,2884,5479,6819,7117,8114,8120,9000,10562],[1.0,1.0,1.0,1.0,1.0,1.0,1.0,1.0,1.0]
10746,[1546,1745,2717,2817,3739,4649,8165,9487],[1.0,1.0,1.0,1.0,1.0,1.0,1.0,1.0]
10746,[66,1581,3607,7421,9366,9831],[1.0,1.0,1.0,1.0,1.0,1.0]
10746,[2043,3150,3739,4611,5163,5804,5990,9627],[1.0,1.0,1.0,1.0,1.0,1.0,1.0,1.0]
10746,[902,3386,4356,6171,8041,9611,10690],[1.0,1.0,1.0,1.0,1.0,1.0,1.0]
10746,[493,2455,4268,4332,5001,8729,9129,9420,9627],[1.0,1.0,1.0,1.0,1.0,1.0,1.0,1.0,1.0]
10746,[806,1275,1336,2247,2626,3386,3426,3532,9365],[1.0,1.0,1.0,1.0,1.0,1.0,1.0,1.0,1.0]
10746,[13,832,896,3873,5505,8554,9595,10621],[1.0,1.0,1.0,1.0,1.0,1.0,1.0,1.0]
10746,[1512,1718,4045,4336,7382,7841,8041,8846,10536],[1.0,1.0,1.0,1.0,1.0,1.0,1.0,1.0,1.0]
10746,[2425,4205,4215,5648,6626,8041,8846,9925],[1.0,1.0,1.0,1.0,1.0,1.0,1.0,1.0]
10746,[2455,2626,3206,3386,5398,5592,5885,5954,8041],[1.0,1.0,1.0,1.0,1.0,1.0,1.0,1.0,1.0]
10746,[896,1023,3179,5181,6590,8307],[1.0,1.0,1.0,1.0,1.0,1.0]
10746,[100,754,3426,4971,6335,9702,9988,10068],[1.0,1.0,1.0,1.0,1.0,1.0,1.0,1.0]
10746,[1739,1953,2626,3094,6771,8398,9724,10172,10222],[1.0,1.0,1.0,1.0,1.0,1.0,1.0,1.0,1.0]
10746,[631,2438,4804,6202,6496,6754,7749,8741],[1.0,1.0,1.0,1.0,1.0,1.0,1.0,1.0]
10746,[365,1706,2916,6341,6460,7117,7649,8553],[1.0,1.0,1.0,1.0,1.0,1.0,1.0,1.0]
10746,[18,4953],[1.0,1.0]
