10746,[39,3844,4440,6131,6753,8635,10201],[1.0,1.0,1.0,1.0,1.0,1.0,1.0]
10746,[213,1237,2518,4055,4778,5017,7463,9865,10152,10360],[1.0,1.0,1.0,1.0,1.0,1.0,1.0,1.0,1.0,1.0]
10746,[3844,5975,6022,6753,8104,8140,10188],[1.0,1.0,1.0,1.0,1.0,1.0,1.0]
10746,[936,2206,6229,6457,7038,8553],[1.0,1.0,1.0,1.0,1.0,1.0]
10746,[822,1983,2916,3417,5181,6277,6295,6457],[1.0,1.0,1.0,1.0,1.0,1.0,1.0,1.0]
10746,[822,2992,3734,6098,7379,8729,9323,10433],[1.0,1.0,1.0,1.0,1.0,1.0,1.0,1.0]
10746,[172,747,822,1255,4921,4962,8005],[1.0,1.0,1.0,1.0,1.0,1.0,1.0]
10746,[822,4031,4611,6277,7512,9292],[1.0,1.0,1.0,1.0,1.0,1.0]
10746,[567,822,2260,2916,5181,6457,9292],[1.0,1.0,1.0,1.0,1.0,1.0,1.0]
10746,[1983,3417,4191,6074,6229,6335,7379,8576,9323],[1.0,1.0,1.0,1.0,1.0,1.0,1.0,1.0,1.0]
10746,[822,2474,3340,4149,5628,6457,9172,9289],[1.0,1.0,1.0,1.0,1.0,1.0,1.0,1.0]
10746,[822,1837,3109,4534,4721,6457,9172,9460,10621],[1.0,1.0,1.0,1.0,1.0,1.0,1.0,1.0,1.0]
10746,[758,956,1190,6341,8224,9364,9379,9831,9851],[1.0,1.0,1.0,1.0,1.0,1.0,1.0,1.0,1.0]
10746,[822,1190,1837,1953,3257,6277,6335,10222,10433],[1.0,1.0,1.0,1.0,1.0,1.0,1.0,1.0,1.0]
10746,[956,2007,3380,4149,4843,6002,6371,8729,10419,10508],[1.0,1.0,1.0,1.0,1.0,1.0,1.0,1.0,1.0,1.0]
10746,[822,2777,3380,5328,5660,5988,6277,6564,6590,9407],[1.0,1.0,1.0,1.0,1.0,1.0,1.0,1.0,1.0,1.0]
10746,[631,3993,4355,6277,7421,9972],[1.0,1.0,1.0,1.0,1.0,1.0]
10746,[464,1220,2123,4606,4888,8114,10222],[1.0,1.0,1.0,1.0,1.0,1.0,1.0]
10746,[822,4870,5443,6457,9270,9523,9972],[1.0,1.0,1.0,1.0,1.0,1.0,1.0]
10746,[2780,3592,4405,4534,6299,6457,8114,10323],[1.0,1.0,1.0,1.0,1.0,1.0,1.0,1.0]
10746,[6277,7254,8196,8842,8941,8942,9676,9841,10176],[1.0,1.0,1.0,1.0,1.0,1.0,1.0,1.0,1.0]
10746,[436,2493,4603,5304,6650,9708,10281],[1.0,1.0,1.0,1.0,1.0,1.0,1.0]
10746,[806,1005,4191,8054,8309,8907,9262,9523],[1.0,1.0,1.0,1.0,1.0,1.0,1.0,1.0]
10746,[1479,3912,5345,6603,6820,8942,9292,9317],[1.0,1.0,1.0,1.0,1.0,1.0,1.0,1.0]
10746,[1275,1817,2493,3713,4191,7843],[1.0,1.0,1.0,1.0,1.0,1.0]
10746,[902,1099,4191,4259,4352,4650,6074,7379,9323,10082],[1.0,1.0,1.0,1.0,1.0,1.0,1.0,1.0,1.0,1.0]
10746,[191,2530,4191,4650,6229,8114,8280,9298],[1.0,1.0,1.0,1.0,1.0,1.0,1.0,1.0]
10746,[766,822,2530,4102,6457,8554,10621],[1.0,1.0,1.0,1.0,1.0,1.0,1.0]
10746,[463,4269,7512,7515,9595],[1.0,1.0,1.0,1.0,1.0]
10746,[822,1099,3592,4611,5596,6229,6457],[1.0,1.0,1.0,1.0,1.0,1.0,1.0]
10746,[112,1099,3163,4191,4636,4650,5181,7427,10597],[1.0,1.0,1.0,1.0,1.0,1.0,1.0,1.0,1.0]
10746,[822,1255,1657,4066,4159,5304,6547,7084,10428,10508],[1.0,1.0,1.0,1.0,1.0,1.0,1.0,1.0,1.0,1.0]
10746,[663,1376,1983,2618,5181,5304,7548,8936],[1.0,1.0,1.0,1.0,1.0,1.0,1.0,1.0]
10746,[3592,5505,6335,7649,8114,9292,9851],[1.0,1.0,1.0,1.0,1.0,1.0,1.0]
10746,[2260,3592,4611,5197,5207,6626,10281],[1.0,1.0,1.0,1.0,1.0,1.0,1.0]
10746,[663,822,5063,5181,5836,6229,6547,8837,9056],[1.0,1.0,1.0,1.0,1.0,1.0,1.0,1.0,1.0]
10746,[925,1917,1929,2506,4159,5756,7379,8842,10281],[1.0,1.0,1.0,1.0,1.0,1.0,1.0,1.0,1.0]
10746,[13,822,6753,9910,10281,10621],[1.0,1.0,1.0,1.0,1.0,1.0]
