10746,[121,3136,4276,4440,4686,5785,7672,9433,10360],[1.0,1.0,1.0,1.0,1.0,1.0,1.0,1.0,1.0]
10746,[213,1652,2445,2518,4055,4778,6060,7133,7937,9162],[1.0,1.0,1.0,1.0,1.0,1.0,1.0,1.0,1.0,1.0]
10746,[936,4750,6753,7323,7672,10152,10187],[1.0,1.0,1.0,1.0,1.0,1.0,1.0]
10746,[3545,3940,4113,4239,8630,9290],[1.0,1.0,1.0,1.0,1.0,1.0]
10746,[121,416,631,1965,5928,8960,10115,10690],[1.0,1.0,1.0,1.0,1.0,1.0,1.0,1.0]
10746,[121,3106,3944,4659,7381,9748,10493],[1.0,1.0,1.0,1.0,1.0,1.0,1.0]
10746,[168,2123,4268,4721,5181,8280,8475,9290,9748],[1.0,1.0,1.0,1.0,1.0,1.0,1.0,1.0,1.0]
10746,[902,2455,6335,6500,7506,9298,10068,10362,10419],[1.0,1.0,1.0,1.0,1.0,1.0,1.0,1.0,1.0]
10746,[776,1121,1237,1310,4349,8105,8621,9724,10028],[1.0,1.0,1.0,1.0,1.0,1.0,1.0,1.0,1.0]
10746,[3131,3136,4276,4534,6626,7502,7566],[1.0,1.0,1.0,1.0,1.0,1.0,1.0]
10746,[2419,2916,3651,4409,6164,7225,7672,9270,9730,10225],[1.0,1.0,1.0,1.0,1.0,1.0,1.0,1.0,1.0,1.0]
10746,[342,1084,2419,3457,4496,6335,7905,9407],[1.0,1.0,1.0,1.0,1.0,1.0,1.0,1.0]
10746,[1255,3457],[1.0,1.0]
