10746,[1284,3009,3089,3370,4440,7070,7998,8083],[1.0,1.0,1.0,1.0,1.0,1.0,1.0,1.0]
10746,[213,510,1284,3006,3254,3370,7998,8083,10463],[1.0,1.0,1.0,1.0,1.0,1.0,1.0,1.0,1.0]
10746,[510,936,2343,3290,3851,4279,4595,9270],[1.0,1.0,1.0,1.0,1.0,1.0,1.0,1.0]
10746,[1262,1965,6952,7798,8114,8612,8924,9632,10685],[1.0,1.0,1.0,1.0,1.0,1.0,1.0,1.0,1.0]
10746,[1262,1299,4217,4332,5978,10185,10588,10714],[1.0,1.0,1.0,1.0,1.0,1.0,1.0,1.0]
10746,[14,262,1634,6952,7079,8575,8612,9595],[1.0,1.0,1.0,1.0,1.0,1.0,1.0,1.0]
10746,[14,1267,2453,2728,4080,5130,8041,9040],[1.0,1.0,1.0,1.0,1.0,1.0,1.0,1.0]
10746,[365,542,902,2232,3192,7808,10082],[1.0,1.0,1.0,1.0,1.0,1.0,1.0]
10746,[490,1548,2492,4066,4689,7463,7698,10381],[1.0,1.0,1.0,1.0,1.0,1.0,1.0,1.0]
10746,[365,4344,4552,5130,6275,6518,8612,9558],[1.0,1.0,1.0,1.0,1.0,1.0,1.0,1.0]
10746,[464,1509,2618,4552,4928,5495,8913,10734],[1.0,1.0,1.0,1.0,1.0,1.0,1.0,1.0]
10746,[1201,2232,2387,4437,4589,5661,6280,6888,8431],[1.0,1.0,1.0,1.0,1.0,1.0,1.0,1.0,1.0]
10746,[2771,3835,3993,4949,7105,8612,9831],[1.0,1.0,1.0,1.0,1.0,1.0,1.0]
10746,[1255,4217,4405,5130,8343,9495,9632],[1.0,1.0,1.0,1.0,1.0,1.0,1.0]
10746,[2493,2618,3089,3456,4405,7079,7218,8612,8622],[1.0,1.0,1.0,1.0,1.0,1.0,1.0,1.0,1.0]
10746,[639,902,1157,4202,4219,5662,7643,9370],[1.0,1.0,1.0,1.0,1.0,1.0,1.0,1.0]
10746,[1284,7998],[1.0,1.0]
