10746,[1237,1469,2727,4440,5336,7858,8448,9491],[1.0,1.0,1.0,1.0,1.0,1.0,1.0,1.0]
10746,[213,772,956,4223,5592,7123,7928,10360],[1.0,1.0,1.0,1.0,1.0,1.0,1.0,1.0]
10746,[936,2505,3066,3798,4814,6463,8900],[1.0,1.0,1.0,1.0,1.0,1.0,1.0]
10746,[2916,4268,5643,6394,7502,7872,8114,8917,10099],[1.0,1.0,1.0,1.0,1.0,1.0,1.0,1.0,1.0]
10746,[2799,7083,8280,9029,9383,9558,9595],[1.0,1.0,1.0,1.0,1.0,1.0,1.0]
10746,[1098,2123,2472,2530,6335,9632,10068,10353],[1.0,1.0,1.0,1.0,1.0,1.0,1.0,1.0]
10746,[121,2278,3835,4042,6603,7461,9290,10621],[1.0,1.0,1.0,1.0,1.0,1.0,1.0,1.0]
10746,[1706,2640,4239,4649,7506,7733,8088,8904,9292],[1.0,1.0,1.0,1.0,1.0,1.0,1.0,1.0,1.0]
10746,[1173,1920,2455,3339,3538,4367],[1.0,1.0,1.0,1.0,1.0,1.0]
10746,[941,1368,2294,3298,3545,6466,8310,9298],[1.0,1.0,1.0,1.0,1.0,1.0,1.0,1.0]
10746,[635,1255,1535,2369,6776,7598,8318,8924,10018],[1.0,1.0,1.0,1.0,1.0,1.0,1.0,1.0,1.0]
10746,[4042,4217,5023,5485,5911,6982,9289,9586,10710],[1.0,1.0,1.0,1.0,1.0,1.0,1.0,1.0,1.0]
10746,[2505,3798,4328,4953,6982,7430,8136,9586,9684,10604],[1.0,1.0,1.0,1.0,1.0,1.0,1.0,1.0,1.0,1.0]
10746,[725,1317,1474,3375,4258,5932,8582,10604,10658],[1.0,1.0,1.0,1.0,1.0,1.0,1.0,1.0,1.0]
10746,[1063,1317,3380,5305,6753,9367,9586,10201,10604],[1.0,1.0,1.0,1.0,1.0,1.0,1.0,1.0,1.0]
10746,[1490,1706,2492,5990,7381,9724,9748,9851,10658],[1.0,1.0,1.0,1.0,1.0,1.0,1.0,1.0,1.0]
10746,[1469,1840,1880,4095,4621,5336,7858,8448,9491,10030],[1.0,1.0,1.0,1.0,1.0,1.0,1.0,1.0,1.0,1.0]
10746,[535,1377,1920,4268,4891,6335,6750,7463,10670],[1.0,1.0,1.0,1.0,1.0,1.0,1.0,1.0,1.0]
