10746,[242,3474,3839,4440,5355,6905,8170,9491],[1.0,1.0,1.0,1.0,1.0,1.0,1.0,1.0]
10746,[209,2518,2827,3006,4764,4778,7776,9945,10152,10360],[1.0,1.0,1.0,1.0,1.0,1.0,1.0,1.0,1.0,1.0]
10746,[213,2651,3474,5283,5581,7478,9034,9693,10521],[1.0,1.0,1.0,1.0,1.0,1.0,1.0,1.0,1.0]
10746,[136,1099,4764,5628,6229,8070,8237,8558,9034],[1.0,1.0,1.0,1.0,1.0,1.0,1.0,1.0,1.0]
10746,[1403,3549,5628,6335,7506,7665,8729,10068],[1.0,1.0,1.0,1.0,1.0,1.0,1.0,1.0]
10746,[2123,2916,3027,4191,7117,7502,8075,8114,8170,8476],[1.0,1.0,1.0,1.0,1.0,1.0,1.0,1.0,1.0,1.0]
10746,[646,1781,2016,3586,4205,5885,6229,8041],[1.0,1.0,1.0,1.0,1.0,1.0,1.0,1.0]
10746,[961,3965,4066,5877,7074,9365,9407],[1.0,1.0,1.0,1.0,1.0,1.0,1.0]
10746,[1099,1310,3088,3192,4258,5628,6229,7205,8114,8278],[1.0,1.0,1.0,1.0,1.0,1.0,1.0,1.0,1.0,1.0]
10746,[650,889,2916,3651,5181,5911,7721,7757,8070],[1.0,1.0,1.0,1.0,1.0,1.0,1.0,1.0,1.0]
10746,[659,1683,3955,5697,6820,7324,8416,8476,8558,9632],[1.0,1.0,1.0,1.0,1.0,1.0,1.0,1.0,1.0,1.0]
10746,[844,1163,2906,4191,4332,5469,6394,10222,10536],[1.0,1.0,1.0,1.0,1.0,1.0,1.0,1.0,1.0]
10746,[143,1608,3186,3216,3685,6441,8347,8558,8630],[1.0,1.0,1.0,1.0,1.0,1.0,1.0,1.0,1.0]
10746,[844,2010,2916,2981,3192,4000,7480,8114,8410],[1.0,1.0,1.0,1.0,1.0,1.0,1.0,1.0,1.0]
10746,[1227,1673,2251,3426,6047,7074,7379,8114,9936],[1.0,1.0,1.0,1.0,1.0,1.0,1.0,1.0,1.0]
10746,[2493,3965,4288,6009,7365,7826,7843,8398,9576],[1.0,1.0,1.0,1.0,1.0,1.0,1.0,1.0,1.0]
10746,[1965,2443,5029,5470,5820,5940,7261,8070],[1.0,1.0,1.0,1.0,1.0,1.0,1.0,1.0]
10746,[209,902,2898,3511,4405,4690,4755,5784,6047],[1.0,1.0,1.0,1.0,1.0,1.0,1.0,1.0,1.0]
10746,[1123,3545,5820,6719,8418,8558,8842],[1.0,1.0,1.0,1.0,1.0,1.0,1.0]
10746,[293,837,844,956,3192,3433,4217,7384],[1.0,1.0,1.0,1.0,1.0,1.0,1.0,1.0]
10746,[365,1275,4855,6401,7949,8558,9298],[1.0,1.0,1.0,1.0,1.0,1.0,1.0]
10746,[209,837,1683,2016,3511,4807,5343,6022,9289],[1.0,1.0,1.0,1.0,1.0,1.0,1.0,1.0,1.0]
10746,[778,1858,2126,4525,5836,6634,8966,9621],[1.0,1.0,1.0,1.0,1.0,1.0,1.0,1.0]
10746,[837,1275,1706,3515,3741,3764,6500,10082],[1.0,1.0,1.0,1.0,1.0,1.0,1.0,1.0]
10746,[2114,3179,3685,6500,9882,10082,10433],[1.0,1.0,1.0,1.0,1.0,1.0,1.0]
10746,[1528,2618,5628,6257,7390,7465,7923,10536],[1.0,1.0,1.0,1.0,1.0,1.0,1.0,1.0]
