10746,[1316,4440,5710,5918,7031,8494,9150],[1.0,1.0,1.0,1.0,1.0,1.0,1.0]
10746,[32,213,936,1135,1230,4895,9405,9988,10247,10360],[1.0,1.0,1.0,1.0,1.0,1.0,1.0,1.0,1.0,1.0]
10746,[143,869,3013,5181,5251,5429,6810,7243,10082],[1.0,1.0,1.0,1.0,1.0,1.0,1.0,1.0,1.0]
10746,[902,963,5142,6145,8480,9262,10082],[1.0,1.0,1.0,1.0,1.0,1.0,1.0]
10746,[14,869,1360,2916,4121,5064,6810,9632],[1.0,1.0,1.0,1.0,1.0,1.0,1.0,1.0]
10746,[878,3586,3779,6193,6964,7813,10068,10445],[1.0,1.0,1.0,1.0,1.0,1.0,1.0,1.0]
10746,[262,355,5710,5885,6167,6346,7649],[1.0,1.0,1.0,1.0,1.0,1.0,1.0]
10746,[2530,7146,8114,8494,8642,8935,10251],[1.0,1.0,1.0,1.0,1.0,1.0,1.0]
10746,[1316,2916,4757,5183,6626,7031,8114,10489],[1.0,1.0,1.0,1.0,1.0,1.0,1.0,1.0]
10746,[2530,5033,5914,6394,6450,7031,8935],[1.0,1.0,1.0,1.0,1.0,1.0,1.0]
