10746,[1310,4213,4440,4750,6753,7384,10187,10362],[1.0,1.0,1.0,1.0,1.0,1.0,1.0,1.0]
10746,[1193,1652,2518,2661,3669,4681,4778,10152,10187,10360],[1.0,1.0,1.0,1.0,1.0,1.0,1.0,1.0,1.0,1.0]
10746,[213,3146,8290,8315,9887,10463],[1.0,1.0,1.0,1.0,1.0,1.0]
10746,[381,936,1517,3545,7733,9290,10433],[1.0,1.0,1.0,1.0,1.0,1.0,1.0]
10746,[121,4198,6257,6385,6860,7218,9748],[1.0,1.0,1.0,1.0,1.0,1.0,1.0]
10746,[561,1438,1487,3192,4984,9575,10227],[1.0,1.0,1.0,1.0,1.0,1.0,1.0]
10746,[2114,2394,2828,4332,5181,6753,7461,8068,9612,9748],[1.0,1.0,1.0,1.0,1.0,1.0,1.0,1.0,1.0,1.0]
10746,[837,2754,3290,4235,8114,8453,9632],[1.0,1.0,1.0,1.0,1.0,1.0,1.0]
10746,[153,1242,2886,4344,4415,4807,5661,8041,9748],[1.0,1.0,1.0,1.0,1.0,1.0,1.0,1.0,1.0]
10746,[1121,4058,6280,6861,7611,9595,10203],[1.0,1.0,1.0,1.0,1.0,1.0,1.0]
10746,[1038,1776,2272,2530,2708,2876,7381,9851,10621],[1.0,1.0,1.0,1.0,1.0,1.0,1.0,1.0,1.0]
10746,[1038,4058,7101,7611,9851],[1.0,1.0,1.0,1.0,1.0]
10746,[1776,2272,2530,2708,2876,7101,7381,10621],[1.0,1.0,1.0,1.0,1.0,1.0,1.0,1.0]
