10746,[158,1944,2346,3537,4440,4534,4550,7813,10445],[1.0,1.0,1.0,1.0,1.0,1.0,1.0,1.0,1.0]
10746,[213,463,1162,6598,7074,7544,8109,9972,10360],[1.0,1.0,1.0,1.0,1.0,1.0,1.0,1.0,1.0]
10746,[1309,2651,3006,3139,5868,6777,7478,8295,10032],[1.0,1.0,1.0,1.0,1.0,1.0,1.0,1.0,1.0]
10746,[3027,3139,4954,6777,6890,9117,10032],[1.0,1.0,1.0,1.0,1.0,1.0,1.0]
10746,[262,936,1255,4191,4223,5628,5928,8295,10032],[1.0,1.0,1.0,1.0,1.0,1.0,1.0,1.0,1.0]
10746,[1099,1255,2162,4962,5440,7506,7633],[1.0,1.0,1.0,1.0,1.0,1.0,1.0]
10746,[464,747,7205,8032,8749,9632,9972],[1.0,1.0,1.0,1.0,1.0,1.0,1.0]
10746,[464,537,1233,2841,4552,5710,7479],[1.0,1.0,1.0,1.0,1.0,1.0,1.0]
10746,[615,2429,3570,6277,6547,7506,7877,8114,10621],[1.0,1.0,1.0,1.0,1.0,1.0,1.0,1.0,1.0]
10746,[4191,5564,5592,5662,6229,9688,10621],[1.0,1.0,1.0,1.0,1.0,1.0,1.0]
10746,[956,1255,4217,6298,9406,9407,9851,10068,10433,10617],[1.0,1.0,1.0,1.0,1.0,1.0,1.0,1.0,1.0,1.0]
10746,[3768,4656,5181,6167,7186,9667,10281,10743],[1.0,1.0,1.0,1.0,1.0,1.0,1.0,1.0]
10746,[1255,4191,5207,5911,8114,9407,10206,10683],[1.0,1.0,1.0,1.0,1.0,1.0,1.0,1.0]
10746,[2429,5592,6830,9851,10281,10743],[1.0,1.0,1.0,1.0,1.0,1.0]
10746,[844,4534,5628,5928,7923,8398],[1.0,1.0,1.0,1.0,1.0,1.0]
10746,[898,1445,3426,4534,4597,7317,7674,9289],[1.0,1.0,1.0,1.0,1.0,1.0,1.0,1.0]
10746,[1275,2493,3216,5555,7123,8622,10068],[1.0,1.0,1.0,1.0,1.0,1.0,1.0]
10746,[463,1706,2043,4113,5595,5604,7317],[1.0,1.0,1.0,1.0,1.0,1.0,1.0]
10746,[1535,4113,4191,6301,8344,8630,9871,10206],[1.0,1.0,1.0,1.0,1.0,1.0,1.0,1.0]
10746,[1706,3313,4611,8991,9831,10222],[1.0,1.0,1.0,1.0,1.0,1.0]
10746,[175,3187,3391,3426,3747,4534,6810,7407,10056,10206],[1.0,1.0,1.0,1.0,1.0,1.0,1.0,1.0,1.0,1.0]
10746,[995,1472,2102,5069,6547,6666,7606,9816],[1.0,1.0,1.0,1.0,1.0,1.0,1.0,1.0]
10746,[4223,6161,7728,8729,9368,9776,10203,10322,10419],[1.0,1.0,1.0,1.0,1.0,1.0,1.0,1.0,1.0]
10746,[220,5176,5564,5584,7545,9105,9972,10621],[1.0,1.0,1.0,1.0,1.0,1.0,1.0,1.0]
10746,[143,4223,4287,6158,6229,6985,8114,9994],[1.0,1.0,1.0,1.0,1.0,1.0,1.0,1.0]
10746,[14,1706,2618,4871,5729,7008,8895],[1.0,1.0,1.0,1.0,1.0,1.0,1.0]
10746,[259,2443,5580,6335,6603,8114,8411,10591],[1.0,1.0,1.0,1.0,1.0,1.0,1.0,1.0]
10746,[1706,4042,5595,5654,8032,9871,10082,10093],[1.0,1.0,1.0,1.0,1.0,1.0,1.0,1.0]
10746,[365,463,3545,4534,4552,5294,6981,10591,10621],[1.0,1.0,1.0,1.0,1.0,1.0,1.0,1.0,1.0]
10746,[991,1348,4070,4680,8543,9632,9908,10115,10433],[1.0,1.0,1.0,1.0,1.0,1.0,1.0,1.0,1.0]
10746,[51,342,2325,4258,5820,6257,7653,10093],[1.0,1.0,1.0,1.0,1.0,1.0,1.0,1.0]
10746,[5575,10745],[1.0,1.0]
