10746,[1237,4440,4722,5373,7979,8635,10360],[1.0,1.0,1.0,1.0,1.0,1.0,1.0]
10746,[39,213,1749,3244,3844,6131,6753,7153],[1.0,1.0,1.0,1.0,1.0,1.0,1.0,1.0]
10746,[637,902,936,4722,5373,7633,10201],[1.0,1.0,1.0,1.0,1.0,1.0,1.0]
10746,[3423,5660,6518,7211,7749],[1.0,1.0,1.0,1.0,1.0]
10746,[1255,1535,3627,5506,8445,9171,9379],[1.0,1.0,1.0,1.0,1.0,1.0,1.0]
10746,[1357,1535,3586,6967,7203,9171,10068,10082],[1.0,1.0,1.0,1.0,1.0,1.0,1.0,1.0]
10746,[1255,2824,3627,4191,4258,5111,6354,6569,9851],[1.0,1.0,1.0,1.0,1.0,1.0,1.0,1.0,1.0]
10746,[758,860,2824,10203,10399,10419],[1.0,1.0,1.0,1.0,1.0,1.0]
10746,[1726,5641,7447,7532,9292,9851],[1.0,1.0,1.0,1.0,1.0,1.0]
10746,[16,315,966,1357,3318,3940,7843,8253],[1.0,1.0,1.0,1.0,1.0,1.0,1.0,1.0]
10746,[2708,4113,4355,5983,6080,7134,9851,10353],[1.0,1.0,1.0,1.0,1.0,1.0,1.0,1.0]
10746,[1545,2737,3586,4205,4258,4722,4941,5181,5506],[1.0,1.0,1.0,1.0,1.0,1.0,1.0,1.0,1.0]
