10746,[121,238,3032,4440,4455,4798,8523,8575],[1.0,1.0,1.0,1.0,1.0,1.0,1.0,1.0]
10746,[238,1538,3755,3855,4954,6997,7017,10360],[1.0,1.0,1.0,1.0,1.0,1.0,1.0,1.0]
10746,[213,1935,2518,4525,4778,6997,7202,10152],[1.0,1.0,1.0,1.0,1.0,1.0,1.0,1.0]
10746,[1342,1652,1778,1843,3032,3144,4755,7334],[1.0,1.0,1.0,1.0,1.0,1.0,1.0,1.0]
10746,[1332,1555,2856,3032,3335,8622,9930,10241],[1.0,1.0,1.0,1.0,1.0,1.0,1.0,1.0]
10746,[3032,4649,7808,9349,9632,9841,10241],[1.0,1.0,1.0,1.0,1.0,1.0,1.0]
10746,[2536,2848,4364,4405,5181,6167,9027,9290,10241],[1.0,1.0,1.0,1.0,1.0,1.0,1.0,1.0,1.0]
10746,[869,1910,4217,9288,9632,10582],[1.0,1.0,1.0,1.0,1.0,1.0]
10746,[3410,6394,7379,8056,9288,9290,9349,9569],[1.0,1.0,1.0,1.0,1.0,1.0,1.0,1.0]
10746,[1588,1652,1935,3032,3724,4715,7334,9270,9290],[1.0,1.0,1.0,1.0,1.0,1.0,1.0,1.0,1.0]
10746,[1673,3426,4599,6952,7502,8673,8729,9465,10159],[1.0,1.0,1.0,1.0,1.0,1.0,1.0,1.0,1.0]
10746,[2595,3335,5965,7803,8908,9273,10602],[1.0,1.0,1.0,1.0,1.0,1.0,1.0]
10746,[2595,3670,5641,8935],[1.0,1.0,1.0,1.0]
