10746,[1870,2845,3788,4440,4686,7011,9433,9491],[1.0,1.0,1.0,1.0,1.0,1.0,1.0,1.0]
10746,[121,213,1296,1431,3501,3579,5118,10360,10463],[1.0,1.0,1.0,1.0,1.0,1.0,1.0,1.0,1.0]
10746,[11,1255,3501,4520,7829,8700,9000],[1.0,1.0,1.0,1.0,1.0,1.0,1.0]
10746,[4149,4332,4983,5069,6590,7061,7917,9557],[1.0,1.0,1.0,1.0,1.0,1.0,1.0,1.0]
10746,[356,758,766,3993,6257,7074,10068],[1.0,1.0,1.0,1.0,1.0,1.0,1.0]
10746,[475,902,2114,4332,6648,7379,8595,10536],[1.0,1.0,1.0,1.0,1.0,1.0,1.0,1.0]
10746,[55,777,1315,4632,5537,7390,7401,8398],[1.0,1.0,1.0,1.0,1.0,1.0,1.0,1.0]
10746,[956,1255,2206,3783,3842,4534,6526,8457,10536],[1.0,1.0,1.0,1.0,1.0,1.0,1.0,1.0,1.0]
10746,[822,2249,2472,3216,4332,4392,4846,6229,6335,9275],[1.0,1.0,1.0,1.0,1.0,1.0,1.0,1.0,1.0,1.0]
10746,[198,2240,4113,5737,5928,6229,6341],[1.0,1.0,1.0,1.0,1.0,1.0,1.0]
10746,[142,2618,2627,3082,4525,4534,4721,5737,6341],[1.0,1.0,1.0,1.0,1.0,1.0,1.0,1.0,1.0]
10746,[66,822,3092,4405,5942,8729,10308],[1.0,1.0,1.0,1.0,1.0,1.0,1.0]
10746,[475,1098,1708,2618,3732,4332,6229,6335,6781,7923],[1.0,1.0,1.0,1.0,1.0,1.0,1.0,1.0,1.0,1.0]
10746,[902,1706,2781,4332,5065,6371,6394,6457,9298,10536],[1.0,1.0,1.0,1.0,1.0,1.0,1.0,1.0,1.0,1.0]
10746,[1706,2168,2366,3076,7379,7653,8729,9833],[1.0,1.0,1.0,1.0,1.0,1.0,1.0,1.0]
10746,[2468,4534,6002,7506,7606,7968,8176,8204,9682],[1.0,1.0,1.0,1.0,1.0,1.0,1.0,1.0,1.0]
10746,[1128,1479,1760,1870,2845,3788,7011,8092,9491,10041],[1.0,1.0,1.0,1.0,1.0,1.0,1.0,1.0,1.0,1.0]
10746,[6597],[1.0]
