10746,[2030,2200,3277,4440,5090,5845,9491,9996],[1.0,1.0,1.0,1.0,1.0,1.0,1.0,1.0]
10746,[213,2200,2518,3277,4778,7159,9632,9996,10152,10360],[1.0,1.0,1.0,1.0,1.0,1.0,1.0,1.0,1.0,1.0]
10746,[1853,3277,3450,3608,9305,9491,10463],[1.0,1.0,1.0,1.0,1.0,1.0,1.0]
10746,[242,936,3450,3474,5355,9491,10463],[1.0,1.0,1.0,1.0,1.0,1.0,1.0]
10746,[936,1309,2245,2651,3093,6003,6220,8790,9693],[1.0,1.0,1.0,1.0,1.0,1.0,1.0,1.0,1.0]
10746,[1099,2530,3768,4534,5221,8917,9273,10537],[1.0,1.0,1.0,1.0,1.0,1.0,1.0,1.0]
10746,[1098,1706,2530,4606,5181,7813,7923,9365],[1.0,1.0,1.0,1.0,1.0,1.0,1.0,1.0]
10746,[3768,4606,5181,6277,8475,9273,10716],[1.0,1.0,1.0,1.0,1.0,1.0,1.0]
10746,[1098,1948,5142,5946,6468,7649,9289,10621],[1.0,1.0,1.0,1.0,1.0,1.0,1.0,1.0]
10746,[2530,4888,5978,6468,9595,10617],[1.0,1.0,1.0,1.0,1.0,1.0]
10746,[27,631,2030,3340,4188,4899,4985,5181,6002],[1.0,1.0,1.0,1.0,1.0,1.0,1.0,1.0,1.0]
10746,[1706,2030,2747,3098,4888,5142,5828,8041],[1.0,1.0,1.0,1.0,1.0,1.0,1.0,1.0]
10746,[506,631,1865,3070,5978,6002,8041,9159,9855],[1.0,1.0,1.0,1.0,1.0,1.0,1.0,1.0,1.0]
10746,[417,603,1315,1865,2232,2493,8347,10082],[1.0,1.0,1.0,1.0,1.0,1.0,1.0,1.0]
10746,[2645,3602,4899,5173,7339,7379,8729,9626],[1.0,1.0,1.0,1.0,1.0,1.0,1.0,1.0]
10746,[869,1315,1535,7363,8729,10222],[1.0,1.0,1.0,1.0,1.0,1.0]
10746,[365,4225,5592,5738,5928,6460,7502,8729],[1.0,1.0,1.0,1.0,1.0,1.0,1.0,1.0]
10746,[1099,1255,1738,1814,6468,8917,9741],[1.0,1.0,1.0,1.0,1.0,1.0,1.0]
10746,[2518,4258,5845,9744,9841,9851],[1.0,1.0,1.0,1.0,1.0,1.0]
