10746,[2233,3096,4440,5187,5767,7506,9491,9632,9920],[1.0,1.0,1.0,1.0,1.0,1.0,1.0,1.0,1.0]
10746,[213,1238,2233,2493,4961,7416,7427,9025,9973,10360],[1.0,1.0,1.0,1.0,1.0,1.0,1.0,1.0,1.0,1.0]
10746,[442,936,1706,4772,5477,5733,10463],[1.0,1.0,1.0,1.0,1.0,1.0,1.0]
10746,[844,956,5580,5911,6066,6674,8902,10734],[1.0,1.0,1.0,1.0,1.0,1.0,1.0,1.0]
10746,[259,1235,3545,4217,4508,8554,9298],[1.0,1.0,1.0,1.0,1.0,1.0,1.0]
10746,[1054,1342,3258,3741,4223,5259,8476,10222],[1.0,1.0,1.0,1.0,1.0,1.0,1.0,1.0]
10746,[174,1548,4217,6819,7986,8893],[1.0,1.0,1.0,1.0,1.0,1.0]
10746,[902,2493,3192,3426,3638,4154,6879,9298],[1.0,1.0,1.0,1.0,1.0,1.0,1.0,1.0]
10746,[890,1315,4217,4223,4772,8989,9289,9465,9851],[1.0,1.0,1.0,1.0,1.0,1.0,1.0,1.0,1.0]
10746,[442,1538,1603,5477,5733,9298,9534,9642],[1.0,1.0,1.0,1.0,1.0,1.0,1.0,1.0]
10746,[2182,2950,4007,5404,5428,6610],[1.0,1.0,1.0,1.0,1.0,1.0]
10746,[223,4007,4217,6375,6621,9632],[1.0,1.0,1.0,1.0,1.0,1.0]
10746,[957,3712,4622,5737,6375,7610,8831,10288],[1.0,1.0,1.0,1.0,1.0,1.0,1.0,1.0]
10746,[252,1438,2950,4525,5624,7869,8476],[1.0,1.0,1.0,1.0,1.0,1.0,1.0]
10746,[356,724,2708,3216,3651,3694,5938,7813,8490],[1.0,1.0,1.0,1.0,1.0,1.0,1.0,1.0,1.0]
10746,[1255,3712,4393,7610,7930,8347,8673,8689],[1.0,1.0,1.0,1.0,1.0,1.0,1.0,1.0]
10746,[223,356,2182,3080,7266,8347,8673],[1.0,1.0,1.0,1.0,1.0,1.0,1.0]
10746,[2618,2916,4611,6392,7506,7610,8902,8917,9851,10056],[1.0,1.0,1.0,1.0,1.0,1.0,1.0,1.0,1.0,1.0]
10746,[252,722,1255,4007,4217,4950,5938,8199,9051,10222],[1.0,1.0,1.0,1.0,1.0,1.0,1.0,1.0,1.0,1.0]
10746,[2047,3080,3813,4191,5655,9435,9475,9851],[1.0,1.0,1.0,1.0,1.0,1.0,1.0,1.0]
10746,[1255,1715,2455,3080,3257,5737,7610,9051],[1.0,1.0,1.0,1.0,1.0,1.0,1.0,1.0]
10746,[223,442,2123,3662,5294,5755,6066,7843,9611],[1.0,1.0,1.0,1.0,1.0,1.0,1.0,1.0,1.0]
10746,[838,3096,5187,5511,5791,6015,7416,8891],[1.0,1.0,1.0,1.0,1.0,1.0,1.0,1.0]
10746,[1706,2233,3096,5511,7857,9491,9920],[1.0,1.0,1.0,1.0,1.0,1.0,1.0]
