10746,[1513,3280,4440,4953,7990,8773,10067,10560],[1.0,1.0,1.0,1.0,1.0,1.0,1.0,1.0]
10746,[1513,2289,2518,3900,4778,10067,10152,10360],[1.0,1.0,1.0,1.0,1.0,1.0,1.0,1.0]
10746,[213,4682,4750,6753,7153,7339,8859,9000,10187],[1.0,1.0,1.0,1.0,1.0,1.0,1.0,1.0,1.0]
10746,[268,2649,3993,4512,6549,9030,9420],[1.0,1.0,1.0,1.0,1.0,1.0,1.0]
10746,[2016,2916,4149,5885,7084,9270,9288,9517],[1.0,1.0,1.0,1.0,1.0,1.0,1.0,1.0]
10746,[902,2799,7316,8595,9420,10082,10312,10419],[1.0,1.0,1.0,1.0,1.0,1.0,1.0,1.0]
10746,[2045,3145,4888,6108,6335,6753,7273,9217,9270],[1.0,1.0,1.0,1.0,1.0,1.0,1.0,1.0,1.0]
10746,[191,1766,2185,7276,7653,9106,9289,10621],[1.0,1.0,1.0,1.0,1.0,1.0,1.0,1.0]
10746,[2185,4332,7276,10377,10621],[1.0,1.0,1.0,1.0,1.0]
10746,[191,4953,5181,9289,9528,10377],[1.0,1.0,1.0,1.0,1.0,1.0]
