10746,[96,294,688,1310,4440,5084,5624,6022,7254],[1.0,1.0,1.0,1.0,1.0,1.0,1.0,1.0,1.0]
10746,[213,851,2518,3501,4778,7416,10152,10360,10463],[1.0,1.0,1.0,1.0,1.0,1.0,1.0,1.0,1.0]
10746,[11,14,902,936,3501,5118,7829,8700,10222],[1.0,1.0,1.0,1.0,1.0,1.0,1.0,1.0,1.0]
10746,[1983,4191,4405,5922,6536,8356,9025,9973],[1.0,1.0,1.0,1.0,1.0,1.0,1.0,1.0]
10746,[597,902,1965,3545,7857,9420],[1.0,1.0,1.0,1.0,1.0,1.0]
10746,[1673,2182,2509,4456,4534,6615],[1.0,1.0,1.0,1.0,1.0,1.0]
10746,[1185,1817,4165,4217,6714,9844,10222,10433],[1.0,1.0,1.0,1.0,1.0,1.0,1.0,1.0]
10746,[14,2771,3685,4287,4681,7373,8091,9632,10087,10621],[1.0,1.0,1.0,1.0,1.0,1.0,1.0,1.0,1.0,1.0]
10746,[1085,2649,2916,3270,4516,4534,5595,8956,10618],[1.0,1.0,1.0,1.0,1.0,1.0,1.0,1.0,1.0]
10746,[1255,1983,2509,4287,4516,4681,4838,9025,9973],[1.0,1.0,1.0,1.0,1.0,1.0,1.0,1.0,1.0]
10746,[588,3426,4071,5537,6229,8114,9841],[1.0,1.0,1.0,1.0,1.0,1.0,1.0]
10746,[14,588,1099,4071,4516,10508],[1.0,1.0,1.0,1.0,1.0,1.0]
10746,[557,1255,2812,6100,6547,7074,7826,9850],[1.0,1.0,1.0,1.0,1.0,1.0,1.0,1.0]
10746,[1983,2407,2649,4465,7316,7353,9025,9973,10139],[1.0,1.0,1.0,1.0,1.0,1.0,1.0,1.0,1.0]
10746,[956,1817,1862,2649,3713,4165,4223,5793],[1.0,1.0,1.0,1.0,1.0,1.0,1.0,1.0]
10746,[588,1255,4202,4338,5447,8041,8293,9754],[1.0,1.0,1.0,1.0,1.0,1.0,1.0,1.0]
10746,[4606,4688,6255,7959,8729,9420,10042],[1.0,1.0,1.0,1.0,1.0,1.0,1.0]
10746,[305,4239,6298,7649,8114,8554,10591],[1.0,1.0,1.0,1.0,1.0,1.0,1.0]
10746,[11,81,125,143,356,4217,5985,8700,8893,9273],[1.0,1.0,1.0,1.0,1.0,1.0,1.0,1.0,1.0,1.0]
10746,[2828,3501,4165,5118,6229,6893,7829,9973],[1.0,1.0,1.0,1.0,1.0,1.0,1.0,1.0]
10746,[1965,2182,2916,4084,4165,8043,8114,9754,9814,9973],[1.0,1.0,1.0,1.0,1.0,1.0,1.0,1.0,1.0,1.0]
10746,[463,2455,4165,4239,4258,6229,9754],[1.0,1.0,1.0,1.0,1.0,1.0,1.0]
10746,[436,2079,2455,3713,4165,6823,7187,8338,9185],[1.0,1.0,1.0,1.0,1.0,1.0,1.0,1.0,1.0]
10746,[4622,4671,5645,6603,7388,7502,9025,9754],[1.0,1.0,1.0,1.0,1.0,1.0,1.0,1.0]
10746,[501,1255,4357,4520,6335,6823,7502,10203,10419],[1.0,1.0,1.0,1.0,1.0,1.0,1.0,1.0,1.0]
10746,[1411,1983,9025,9831,9841,9973],[1.0,1.0,1.0,1.0,1.0,1.0]
10746,[3874,4807,5983,7130,8655,8722,10621],[1.0,1.0,1.0,1.0,1.0,1.0,1.0]
10746,[688,3545,8908],[1.0,1.0,1.0]
