10746,[654,1284,2261,4440,8022,9491,10421],[1.0,1.0,1.0,1.0,1.0,1.0,1.0]
10746,[213,2261,2311,2518,4589,4778,7303,7416,10152,10360],[1.0,1.0,1.0,1.0,1.0,1.0,1.0,1.0,1.0,1.0]
10746,[3758,4374,4755,6530,8278,9491,10326,10463],[1.0,1.0,1.0,1.0,1.0,1.0,1.0,1.0]
10746,[513,936,2261,2311,3864,9491,10326,10421,10463],[1.0,1.0,1.0,1.0,1.0,1.0,1.0,1.0,1.0]
10746,[356,654,936,1284,2261,4344,9491,10421,10714],[1.0,1.0,1.0,1.0,1.0,1.0,1.0,1.0,1.0]
10746,[356,2123,5339,7843,8041,8658,9273,9665],[1.0,1.0,1.0,1.0,1.0,1.0,1.0,1.0]
10746,[654,2206,4649,5205,8801,9273,9377,9632,10539],[1.0,1.0,1.0,1.0,1.0,1.0,1.0,1.0,1.0]
10746,[869,1011,1653,4642,6342],[1.0,1.0,1.0,1.0,1.0]
10746,[356,650,3782,3946,5641,6810,9058,9289,9632],[1.0,1.0,1.0,1.0,1.0,1.0,1.0,1.0,1.0]
10746,[356,838,3586,6952,7874,8575,10068,10222,10519],[1.0,1.0,1.0,1.0,1.0,1.0,1.0,1.0,1.0]
10746,[14,838,1144,2199,4405,4670,6172,7079],[1.0,1.0,1.0,1.0,1.0,1.0,1.0,1.0]
10746,[356,838,2185,2443,2530,5641,5648,6379,8041,8475],[1.0,1.0,1.0,1.0,1.0,1.0,1.0,1.0,1.0,1.0]
10746,[245,356,546,2398,5205,6295,10508],[1.0,1.0,1.0,1.0,1.0,1.0,1.0]
10746,[4576,4611,5146,5548,6952,7137,8729,10621],[1.0,1.0,1.0,1.0,1.0,1.0,1.0,1.0]
10746,[2916,4534,7137,9290,9429,10222],[1.0,1.0,1.0,1.0,1.0,1.0]
10746,[838,902,2232,4534,4632,10068,10676],[1.0,1.0,1.0,1.0,1.0,1.0,1.0]
10746,[252,1099,2869,3651,5739,8690,9776,10536],[1.0,1.0,1.0,1.0,1.0,1.0,1.0,1.0]
10746,[2618,3313,5348,5723,5997,8584,9851],[1.0,1.0,1.0,1.0,1.0,1.0,1.0]
10746,[356,758,997,2168,5205,6193,7379,9262,10433],[1.0,1.0,1.0,1.0,1.0,1.0,1.0,1.0,1.0]
10746,[502,654,1706,2530,4058,5249,5628,8584,9342],[1.0,1.0,1.0,1.0,1.0,1.0,1.0,1.0,1.0]
10746,[769,2916,3741,3808,5234,6559,8584,8972,9165,9903],[1.0,1.0,1.0,1.0,1.0,1.0,1.0,1.0,1.0,1.0]
10746,[121,1326,2728,4367,4755,5591,6610,9814,10203],[1.0,1.0,1.0,1.0,1.0,1.0,1.0,1.0,1.0]
10746,[869,6707,8794,8904,9459,10224],[1.0,1.0,1.0,1.0,1.0,1.0]
10746,[381,769,2624,3266,5621,7325,9546],[1.0,1.0,1.0,1.0,1.0,1.0,1.0]
10746,[502,654,758,818,2530,2554,3318,9814],[1.0,1.0,1.0,1.0,1.0,1.0,1.0,1.0]
10746,[654,838,2455,4243,6229,7606,7966,10120,10222],[1.0,1.0,1.0,1.0,1.0,1.0,1.0,1.0,1.0]
10746,[257,902,1706,8519,9438,9613,10068,10419],[1.0,1.0,1.0,1.0,1.0,1.0,1.0,1.0]
10746,[252,1023,3426,4390,4446,5068,5545,8114,8558],[1.0,1.0,1.0,1.0,1.0,1.0,1.0,1.0,1.0]
10746,[654,2407,6229,7291,7317,7920,8576],[1.0,1.0,1.0,1.0,1.0,1.0,1.0]
10746,[902,2185,5553,8114,9097,9528,9749,9903],[1.0,1.0,1.0,1.0,1.0,1.0,1.0,1.0]
10746,[654,966,3106,5604,5626,6913,7843],[1.0,1.0,1.0,1.0,1.0,1.0,1.0]
10746,[1657,1965,4405,6913,7643,7843,8114,10068],[1.0,1.0,1.0,1.0,1.0,1.0,1.0,1.0]
10746,[1255,2493,3007,4576,7575,10190,10718,10743],[1.0,1.0,1.0,1.0,1.0,1.0,1.0,1.0]
10746,[245,2230,4332,4617,6229,6394,7379,9365],[1.0,1.0,1.0,1.0,1.0,1.0,1.0,1.0]
10746,[1290,3861,4010,8114,8740,10621],[1.0,1.0,1.0,1.0,1.0,1.0]
10746,[3893,4606,5798,8247,8973,9155,9167,9708],[1.0,1.0,1.0,1.0,1.0,1.0,1.0,1.0]
10746,[561,3007,3182,4617,6901,8630,9434,10621],[1.0,1.0,1.0,1.0,1.0,1.0,1.0,1.0]
10746,[561,1295,2379,3893,3998,6992,8729,10419,10479],[1.0,1.0,1.0,1.0,1.0,1.0,1.0,1.0,1.0]
10746,[838,902,1876,4576,5835,9236,9273,10595],[1.0,1.0,1.0,1.0,1.0,1.0,1.0,1.0]
10746,[3192,3563,3791,4217,5544,7506,9273,9708,9933],[1.0,1.0,1.0,1.0,1.0,1.0,1.0,1.0,1.0]
10746,[1454,1926,2248,3515,6335,8032,8731,9273,9708],[1.0,1.0,1.0,1.0,1.0,1.0,1.0,1.0,1.0]
10746,[1653,1784,1926,4344,6150,8731,9273],[1.0,1.0,1.0,1.0,1.0,1.0,1.0]
10746,[2248,4217,4682,7058,7165,8114,10621],[1.0,1.0,1.0,1.0,1.0,1.0,1.0]
10746,[126,356,725,2916,6626,7516,8070,10433],[1.0,1.0,1.0,1.0,1.0,1.0,1.0,1.0]
10746,[1621,1673,4191,8070,9851,10222],[1.0,1.0,1.0,1.0,1.0,1.0]
10746,[549,2455,3509,5031,5150,5780,8114,9977,10222],[1.0,1.0,1.0,1.0,1.0,1.0,1.0,1.0,1.0]
10746,[1356,1706,3391,4258,8070,8408,9870,10419],[1.0,1.0,1.0,1.0,1.0,1.0,1.0,1.0]
10746,[4405,5022,5604,8070,9568,10221,10402],[1.0,1.0,1.0,1.0,1.0,1.0,1.0]
10746,[700,5349,5641,8875,10222,10714],[1.0,1.0,1.0,1.0,1.0,1.0]
10746,[314,507,1926,3218,4771,6075,6111,7502],[1.0,1.0,1.0,1.0,1.0,1.0,1.0,1.0]
10746,[123,365,1683,6985,9633,10538],[1.0,1.0,1.0,1.0,1.0,1.0]
10746,[502,1724,4696,6909,7502,7942,8159],[1.0,1.0,1.0,1.0,1.0,1.0,1.0]
10746,[654,1284,1683,1926,2248,3592,8731,9289,10714],[1.0,1.0,1.0,1.0,1.0,1.0,1.0,1.0,1.0]
10746,[2261,4589,6850,7303,7416,9491,10139,10421],[1.0,1.0,1.0,1.0,1.0,1.0,1.0,1.0]
10746,[2792,4534,5415,7057,7857,9851],[1.0,1.0,1.0,1.0,1.0,1.0]
