10746,[372,1652,1926,2142,4205,4440,4689,10360],[1.0,1.0,1.0,1.0,1.0,1.0,1.0,1.0]
10746,[213,1316,2142,2518,4778,6380,10152,10463],[1.0,1.0,1.0,1.0,1.0,1.0,1.0,1.0]
10746,[936,1316,2245,5918,6003,7031,8494,8790],[1.0,1.0,1.0,1.0,1.0,1.0,1.0,1.0]
10746,[2126,2640,5155,5443,7384,10000],[1.0,1.0,1.0,1.0,1.0,1.0]
10746,[777,1233,1255,3795,4414,4581,5343,7468],[1.0,1.0,1.0,1.0,1.0,1.0,1.0,1.0]
10746,[372,1084,4191,4414,7384,7649,7843,10222,10609],[1.0,1.0,1.0,1.0,1.0,1.0,1.0,1.0,1.0]
10746,[1706,3054,4217,7316,7744,8595,10430,10433],[1.0,1.0,1.0,1.0,1.0,1.0,1.0,1.0]
10746,[436,3260,4042,4191,4414,5628,7390,10736],[1.0,1.0,1.0,1.0,1.0,1.0,1.0,1.0]
10746,[2530,2627,3985,5089,6634,8085,8494,8935],[1.0,1.0,1.0,1.0,1.0,1.0,1.0,1.0]
10746,[1316,5183,6626,7031,7146,8114,10251,10489],[1.0,1.0,1.0,1.0,1.0,1.0,1.0,1.0]
10746,[2916,4757,5033,5914,6394,6450,7031,8114],[1.0,1.0,1.0,1.0,1.0,1.0,1.0,1.0]
10746,[2060,2142,2530,6195,8416,8935],[1.0,1.0,1.0,1.0,1.0,1.0]
