10746,[2348,4440,4582,5737,6547,7367,7582,7997],[1.0,1.0,1.0,1.0,1.0,1.0,1.0,1.0]
10746,[207,213,1870,7687,7818,10360,10463],[1.0,1.0,1.0,1.0,1.0,1.0,1.0]
10746,[1870,2845,3788,7011,9491],[1.0,1.0,1.0,1.0,1.0]
10746,[936,1870,2845,3788,4440,7011,9491],[1.0,1.0,1.0,1.0,1.0,1.0,1.0]
10746,[207,1870,2651,2829,5737,6547,7478,9693,10463],[1.0,1.0,1.0,1.0,1.0,1.0,1.0,1.0,1.0]
10746,[2348,4582,7367,7582,7997],[1.0,1.0,1.0,1.0,1.0]
10746,[1255,1291,2003,4419,4611,6043,9000,9083,9270,9632],[1.0,1.0,1.0,1.0,1.0,1.0,1.0,1.0,1.0,1.0]
10746,[1706,4984,5179,5791,9270,10000],[1.0,1.0,1.0,1.0,1.0,1.0]
10746,[2184,5878,6682,7325,9262,9270],[1.0,1.0,1.0,1.0,1.0,1.0]
10746,[238,4817,5124,9188,9759,9841],[1.0,1.0,1.0,1.0,1.0,1.0]
10746,[507,3257,5710,9141,9277,10433],[1.0,1.0,1.0,1.0,1.0,1.0]
10746,[399,3157,4405,8668,8748,9703],[1.0,1.0,1.0,1.0,1.0,1.0]
10746,[399,507,4486,5089,5181,6080,8748,9703],[1.0,1.0,1.0,1.0,1.0,1.0,1.0,1.0]
10746,[399,1255,1751,3363,4058,4582,9703,10621],[1.0,1.0,1.0,1.0,1.0,1.0,1.0,1.0]
10746,[1033,1242,2455,4058,4609,5710,6918,7379,9534],[1.0,1.0,1.0,1.0,1.0,1.0,1.0,1.0,1.0]
10746,[2043,2228,2874,3669,4998,9270],[1.0,1.0,1.0,1.0,1.0,1.0]
10746,[375,1182,1870,2845,3070,3788,7502,8092,8114,9298],[1.0,1.0,1.0,1.0,1.0,1.0,1.0,1.0,1.0,1.0]
10746,[869,1128,1479,1760,6597,7011,9491,10041],[1.0,1.0,1.0,1.0,1.0,1.0,1.0,1.0]
10746,[546,1052,1712,2425,4419,8815,9632],[1.0,1.0,1.0,1.0,1.0,1.0,1.0]
10746,[399,1960,4405,7390,8815,9290,9298,9632,9703],[1.0,1.0,1.0,1.0,1.0,1.0,1.0,1.0,1.0]
10746,[533,2124,3890,6080,9632,9703,9757],[1.0,1.0,1.0,1.0,1.0,1.0,1.0]
10746,[4058,4419,5089,5564,9632,9703],[1.0,1.0,1.0,1.0,1.0,1.0]
10746,[2986,3034,4861,6229,6257,6335,7384,9703,9757],[1.0,1.0,1.0,1.0,1.0,1.0,1.0,1.0,1.0]
10746,[1596,2579,2916,4066,5089,5710,5877,7074],[1.0,1.0,1.0,1.0,1.0,1.0,1.0,1.0]
10746,[869,1411,1673,3502,4058,4419,8041,8895,9703,9858],[1.0,1.0,1.0,1.0,1.0,1.0,1.0,1.0,1.0,1.0]
10746,[4582],[1.0]
