10746,[464,1870,2845,3788,4440,7011,8749,9491],[1.0,1.0,1.0,1.0,1.0,1.0,1.0,1.0]
10746,[213,1296,1431,3579,4954,6890,9972,10360,10463],[1.0,1.0,1.0,1.0,1.0,1.0,1.0,1.0,1.0]
10746,[3139,6777,8295,9000,10032,10270],[1.0,1.0,1.0,1.0,1.0,1.0]
10746,[1489,3787,5596,6035,6555,7423,7645,9281,9972],[1.0,1.0,1.0,1.0,1.0,1.0,1.0,1.0,1.0]
10746,[463,2162,2447,3147,8114,9270,10236],[1.0,1.0,1.0,1.0,1.0,1.0,1.0]
10746,[860,1073,2708,3133,4048,5628,9245,9632,10621],[1.0,1.0,1.0,1.0,1.0,1.0,1.0,1.0,1.0]
10746,[567,2114,2618,3442,6335,7645,7975,9270,9972],[1.0,1.0,1.0,1.0,1.0,1.0,1.0,1.0,1.0]
10746,[273,1258,2260,3075,5628,6061,7792,9743,10617,10716],[1.0,1.0,1.0,1.0,1.0,1.0,1.0,1.0,1.0,1.0]
10746,[501,902,3075,3076,3965,6022,7548,7792,8554,10617],[1.0,1.0,1.0,1.0,1.0,1.0,1.0,1.0,1.0,1.0]
10746,[2801,4866,6341,6392,6952,7516,7792],[1.0,1.0,1.0,1.0,1.0,1.0,1.0]
10746,[170,1411,2801,4113,4332,5544,6457,7792,8029],[1.0,1.0,1.0,1.0,1.0,1.0,1.0,1.0,1.0]
10746,[1870,2845,3788,4998,5825,7170,8092,8438],[1.0,1.0,1.0,1.0,1.0,1.0,1.0,1.0]
10746,[1128,1479,1760,6597,7011,9491,10041],[1.0,1.0,1.0,1.0,1.0,1.0,1.0]
