10746,[2582,3277,4440,5279,7633,8323,9113,9491,10054],[1.0,1.0,1.0,1.0,1.0,1.0,1.0,1.0,1.0]
10746,[4660,7800,9491],[1.0,1.0,1.0]
10746,[213,1652,4660,5351,6980,7800,8177,9491,10360,10463],[1.0,1.0,1.0,1.0,1.0,1.0,1.0,1.0,1.0,1.0]
10746,[936,1369,4660,5086,5258,7800,9491],[1.0,1.0,1.0,1.0,1.0,1.0,1.0]
10746,[2582,4374,5007,7019,7633,7920,9273,9595,9632],[1.0,1.0,1.0,1.0,1.0,1.0,1.0,1.0,1.0]
10746,[2518,3093,6220,7019,7920,9500,10463],[1.0,1.0,1.0,1.0,1.0,1.0,1.0]
10746,[936,1379,2126,2582,3741,7117,7548,7633,8411],[1.0,1.0,1.0,1.0,1.0,1.0,1.0,1.0,1.0]
10746,[397,4191,4405,7379,8842,9587,10621],[1.0,1.0,1.0,1.0,1.0,1.0,1.0]
10746,[1517,2455,3070,3211,4191,4891,8278,9258,10068,10419],[1.0,1.0,1.0,1.0,1.0,1.0,1.0,1.0,1.0,1.0]
10746,[1036,2160,3089,3290,6492,7317,7649],[1.0,1.0,1.0,1.0,1.0,1.0,1.0]
10746,[747,1369,3442,4268,4525,7019,7439,7920],[1.0,1.0,1.0,1.0,1.0,1.0,1.0,1.0]
10746,[2530,4092,4784,8040,8169,8904,8917,10082],[1.0,1.0,1.0,1.0,1.0,1.0,1.0,1.0]
10746,[2530,2588,4066,5710,6098,6335,8041,8690],[1.0,1.0,1.0,1.0,1.0,1.0,1.0,1.0]
10746,[1686,2074,5142,5420,8114,8504,8595,8729],[1.0,1.0,1.0,1.0,1.0,1.0,1.0,1.0]
10746,[899,1136,2530,4921,5696,6098,8729,9289],[1.0,1.0,1.0,1.0,1.0,1.0,1.0,1.0]
10746,[551,1113,1255,2530,5069,5086,8280,9874],[1.0,1.0,1.0,1.0,1.0,1.0,1.0,1.0]
10746,[357,5811,5819,5830,8114,9935,10714],[1.0,1.0,1.0,1.0,1.0,1.0,1.0]
10746,[51,747,1550,1634,2588,7802,8114,9935],[1.0,1.0,1.0,1.0,1.0,1.0,1.0,1.0]
10746,[766,2588,5423,5819,5830,8379,9524,9903],[1.0,1.0,1.0,1.0,1.0,1.0,1.0,1.0]
10746,[1634,2530,3523,10466,10508],[1.0,1.0,1.0,1.0,1.0]
10746,[2530,2588,2618,3824,4126,4669,5710,7205],[1.0,1.0,1.0,1.0,1.0,1.0,1.0,1.0]
10746,[1241,1255,1369,2530,3318,3890,4191,5662,8411],[1.0,1.0,1.0,1.0,1.0,1.0,1.0,1.0,1.0]
10746,[902,2588,6033,6170,7079,7593,8688,9744],[1.0,1.0,1.0,1.0,1.0,1.0,1.0,1.0]
10746,[2916,4192,5181,8893,9407,9851],[1.0,1.0,1.0,1.0,1.0,1.0]
10746,[869,1712,5181,9639,10056,10533],[1.0,1.0,1.0,1.0,1.0,1.0]
10746,[822,902,2708,4938,5003,5142,6379,9632],[1.0,1.0,1.0,1.0,1.0,1.0,1.0,1.0]
10746,[3426,3741,4192,7802,8914,9043,9448],[1.0,1.0,1.0,1.0,1.0,1.0,1.0]
10746,[661,896,1627,1662,6485,9448,9805],[1.0,1.0,1.0,1.0,1.0,1.0,1.0]
10746,[365,822,1369,7033,7379,7802,9270,9902,10404],[1.0,1.0,1.0,1.0,1.0,1.0,1.0,1.0,1.0]
10746,[1255,3528,4039,4192,8041,9776,9953],[1.0,1.0,1.0,1.0,1.0,1.0,1.0]
10746,[1291,1390,5431,7518,7926,9298],[1.0,1.0,1.0,1.0,1.0,1.0]
10746,[4405,4654,7323,10135,10257,10617,10621,10627],[1.0,1.0,1.0,1.0,1.0,1.0,1.0,1.0]
10746,[1275,1390,6098,8070,8936,9136,9283],[1.0,1.0,1.0,1.0,1.0,1.0,1.0]
10746,[956,1288,3001,4603,4686,5003,9688,10204],[1.0,1.0,1.0,1.0,1.0,1.0,1.0,1.0]
10746,[1571,2182,3002,3065,4191,7272,8971,10454],[1.0,1.0,1.0,1.0,1.0,1.0,1.0,1.0]
10746,[143,1369,2828,6056,6298,7502,8070],[1.0,1.0,1.0,1.0,1.0,1.0,1.0]
10746,[902,4102,5819,7643,7701,10539],[1.0,1.0,1.0,1.0,1.0,1.0]
10746,[2493,2986,5710,7649,10046],[1.0,1.0,1.0,1.0,1.0]
10746,[870,1411,3965,4951,5710,5819,5830,8630,9277],[1.0,1.0,1.0,1.0,1.0,1.0,1.0,1.0,1.0]
10746,[902,1237,1535,1596,5830,8276,9460,10433],[1.0,1.0,1.0,1.0,1.0,1.0,1.0,1.0]
10746,[1275,2986,4191,6442,9831,9888,10229],[1.0,1.0,1.0,1.0,1.0,1.0,1.0]
10746,[2182,2986,5710,6442,6659,8114],[1.0,1.0,1.0,1.0,1.0,1.0]
10746,[1255,1791,2530,4888,6298,8690,9421],[1.0,1.0,1.0,1.0,1.0,1.0,1.0]
10746,[1255,1791,2530,4768,6626,7653,8674],[1.0,1.0,1.0,1.0,1.0,1.0,1.0]
10746,[3089,3514,4060,4671,5233,5819,8960,10108],[1.0,1.0,1.0,1.0,1.0,1.0,1.0,1.0]
10746,[2769,3912,5641,7520,9000,9653,10056],[1.0,1.0,1.0,1.0,1.0,1.0,1.0]
10746,[1255,1315,4092,4191,4871,5544,5940,8360],[1.0,1.0,1.0,1.0,1.0,1.0,1.0,1.0]
10746,[894,1255,1550,3509,3514,4191,6115,6341,8274],[1.0,1.0,1.0,1.0,1.0,1.0,1.0,1.0,1.0]
10746,[2530,2828,3082,4166,4929,5003,10104],[1.0,1.0,1.0,1.0,1.0,1.0,1.0]
10746,[172,2310,3892,4606,10093,10671],[1.0,1.0,1.0,1.0,1.0,1.0]
10746,[3065,4587,5641,5710,10398],[1.0,1.0,1.0,1.0,1.0]
10746,[343,2030,6145,7338,7520,8398,10621],[1.0,1.0,1.0,1.0,1.0,1.0,1.0]
10746,[1001,3089,5652,6659,9237,10479,10621],[1.0,1.0,1.0,1.0,1.0,1.0,1.0]
10746,[902,3514,3732,4191,4414,7643,7701,9421],[1.0,1.0,1.0,1.0,1.0,1.0,1.0,1.0]
10746,[2472,2986,5997,6119,7843,8347,9270],[1.0,1.0,1.0,1.0,1.0,1.0,1.0]
10746,[2582,2916,3055,3089,7211,7506,9462,10222],[1.0,1.0,1.0,1.0,1.0,1.0,1.0,1.0]
10746,[956,1089,2016,2916,3741,5513,6295,7379],[1.0,1.0,1.0,1.0,1.0,1.0,1.0,1.0]
10746,[1036,2916,4191,4258,4534,5069,5868,8692],[1.0,1.0,1.0,1.0,1.0,1.0,1.0,1.0]
10746,[2582,3808,4258,5992,6371,7909,8114,9364,9528],[1.0,1.0,1.0,1.0,1.0,1.0,1.0,1.0,1.0]
10746,[868,956,3089,5710,7506,8070,10222],[1.0,1.0,1.0,1.0,1.0,1.0,1.0]
10746,[4021,4439,4534,6056,7205,8453,9424,9770,10218],[1.0,1.0,1.0,1.0,1.0,1.0,1.0,1.0,1.0]
10746,[956,1369,1637,2407,4191,5641,5710,5868],[1.0,1.0,1.0,1.0,1.0,1.0,1.0,1.0]
10746,[352,860,1255,4671,6544,7502,7654],[1.0,1.0,1.0,1.0,1.0,1.0,1.0]
10746,[26,860,3732,5710,6229,6544,10419],[1.0,1.0,1.0,1.0,1.0,1.0,1.0]
10746,[822,902,3290,4061,6442,6544,7033,8114],[1.0,1.0,1.0,1.0,1.0,1.0,1.0,1.0]
10746,[463,561,1238,2123,2916,4405,6002,7379],[1.0,1.0,1.0,1.0,1.0,1.0,1.0,1.0]
10746,[822,852,1369,1673,4405,5069,7316],[1.0,1.0,1.0,1.0,1.0,1.0,1.0]
10746,[586,2530,2916,4857,8360,8902],[1.0,1.0,1.0,1.0,1.0,1.0]
10746,[788,956,2455,2530,4857,5181,7338,8902,10222],[1.0,1.0,1.0,1.0,1.0,1.0,1.0,1.0,1.0]
10746,[1673,2327,2530,3944,4405,7140,7316,9365],[1.0,1.0,1.0,1.0,1.0,1.0,1.0,1.0]
10746,[776,852,2530,2916,3433,4217,5710,9283],[1.0,1.0,1.0,1.0,1.0,1.0,1.0,1.0]
10746,[776,1965,2530,5210,7418,7480,8041,10056],[1.0,1.0,1.0,1.0,1.0,1.0,1.0,1.0]
10746,[776,2455,5280,5868,7338,8509,10621],[1.0,1.0,1.0,1.0,1.0,1.0,1.0]
10746,[549,2530,3532,6098,6533,10222],[1.0,1.0,1.0,1.0,1.0,1.0]
10746,[126,766,5003,6098,6172,7338],[1.0,1.0,1.0,1.0,1.0,1.0]
10746,[365,501,956,975,2530,4534,5849,7140,9557],[1.0,1.0,1.0,1.0,1.0,1.0,1.0,1.0,1.0]
10746,[1255,2916,5280,5683,6098,9383,9677,9851],[1.0,1.0,1.0,1.0,1.0,1.0,1.0,1.0]
10746,[1275,1842,2618,4126,5978,6119,8041],[1.0,1.0,1.0,1.0,1.0,1.0,1.0]
10746,[975,2530,2916,4191,4606,5280,7303,10621,10716],[1.0,1.0,1.0,1.0,1.0,1.0,1.0,1.0,1.0]
10746,[3089,3741,5244,5628,10054,10621],[1.0,1.0,1.0,1.0,1.0,1.0]
