10746,[175,4440,6689,8890,9660,9698,10498],[1.0,1.0,1.0,1.0,1.0,1.0,1.0]
10746,[3006,5766,6871,8890,9012,9596,9660,9698,10360],[1.0,1.0,1.0,1.0,1.0,1.0,1.0,1.0,1.0]
10746,[1652,2518,4778,4895,5766,9596,9988,10152,10247],[1.0,1.0,1.0,1.0,1.0,1.0,1.0,1.0,1.0]
10746,[213,2200,3277,5090,5279,9113,9491,9698,9996,10463],[1.0,1.0,1.0,1.0,1.0,1.0,1.0,1.0,1.0,1.0]
10746,[936,1513,3277,5090,5845,8444,9161,9491,10463],[1.0,1.0,1.0,1.0,1.0,1.0,1.0,1.0,1.0]
10746,[936,1513,2075,4953,7506,7990,8773,10067],[1.0,1.0,1.0,1.0,1.0,1.0,1.0,1.0]
10746,[121,476,869,2518,2530,3089,5885,9270,9595],[1.0,1.0,1.0,1.0,1.0,1.0,1.0,1.0,1.0]
10746,[975,1990,2325,4420,4526,5739,7316,9842,10712],[1.0,1.0,1.0,1.0,1.0,1.0,1.0,1.0,1.0]
10746,[896,1099,1222,4576,7338,8305,9270],[1.0,1.0,1.0,1.0,1.0,1.0,1.0]
10746,[403,902,3755,5641,7339,7515,8519,9379,9632],[1.0,1.0,1.0,1.0,1.0,1.0,1.0,1.0,1.0]
10746,[776,822,2916,3799,6841,8305,9270,9632],[1.0,1.0,1.0,1.0,1.0,1.0,1.0,1.0]
10746,[172,1411,2364,2530,5845,7844,9528,10433],[1.0,1.0,1.0,1.0,1.0,1.0,1.0,1.0]
10746,[1920,3257,4881,6033,6213,6271,6335,8114],[1.0,1.0,1.0,1.0,1.0,1.0,1.0,1.0]
10746,[403,776,1099,5641,6049,7339,7423,8582,9008],[1.0,1.0,1.0,1.0,1.0,1.0,1.0,1.0,1.0]
10746,[776,2325,2613,4161,4793,8372,8615,9988],[1.0,1.0,1.0,1.0,1.0,1.0,1.0,1.0]
10746,[896,1255,3946,4405,5181,6253,6750,7211,10621],[1.0,1.0,1.0,1.0,1.0,1.0,1.0,1.0,1.0]
10746,[3257,3695,4576,5142,5143,5548,6915,7003,10433],[1.0,1.0,1.0,1.0,1.0,1.0,1.0,1.0,1.0]
10746,[5050,7388,7502,7952,10479,10508],[1.0,1.0,1.0,1.0,1.0,1.0]
10746,[3018,3343],[1.0,1.0]
