10746,[2748,4440,4649,5373,5820,6522,7937,10360],[1.0,1.0,1.0,1.0,1.0,1.0,1.0,1.0]
10746,[213,936,1749,5373,6522,7979,8323,10054,10463],[1.0,1.0,1.0,1.0,1.0,1.0,1.0,1.0,1.0]
10746,[936,1369,2278,2748,4649,5373,6522,8908],[1.0,1.0,1.0,1.0,1.0,1.0,1.0,1.0]
10746,[1255,2278,3484,4205,5146,5440,5885,6760,8729],[1.0,1.0,1.0,1.0,1.0,1.0,1.0,1.0,1.0]
10746,[365,902,1237,1255,2079,3545,3754,4113,10742],[1.0,1.0,1.0,1.0,1.0,1.0,1.0,1.0,1.0]
10746,[2916,3318,4005,6080,6726,8690,9420,10104],[1.0,1.0,1.0,1.0,1.0,1.0,1.0,1.0]
10746,[711,6056,6371,7010,9903],[1.0,1.0,1.0,1.0,1.0]
10746,[902,956,1099,2206,3829,7390,7628,9851,9882,10082],[1.0,1.0,1.0,1.0,1.0,1.0,1.0,1.0,1.0,1.0]
10746,[2074,6171,9611,9882,9953,10508,10536],[1.0,1.0,1.0,1.0,1.0,1.0,1.0]
10746,[2665,3543,3783,4755,4771,5345,5828,6335],[1.0,1.0,1.0,1.0,1.0,1.0,1.0,1.0]
10746,[1681,1939,6172,6893,7317,7892,8584,9270],[1.0,1.0,1.0,1.0,1.0,1.0,1.0,1.0]
10746,[1098,1255,6335,8114,8595,9407,9702,9882],[1.0,1.0,1.0,1.0,1.0,1.0,1.0,1.0]
10746,[158,365,1098,1706,1944,2346,3537,4550,9882,9883],[1.0,1.0,1.0,1.0,1.0,1.0,1.0,1.0,1.0,1.0]
10746,[2596,4888,4934,7775,8595,9430,10621],[1.0,1.0,1.0,1.0,1.0,1.0,1.0]
10746,[121,2278,2443,2640,4247,7105,8907],[1.0,1.0,1.0,1.0,1.0,1.0,1.0]
10746,[121,1237,2530,4191,5146,5444,5852,8170,8475],[1.0,1.0,1.0,1.0,1.0,1.0,1.0,1.0,1.0]
10746,[1098,2123,2530,6255,8347,8595],[1.0,1.0,1.0,1.0,1.0,1.0]
10746,[2278,2640,4649,5440,5447,5505,8091],[1.0,1.0,1.0,1.0,1.0,1.0,1.0]
10746,[121,2640,4294,7204,7316,7338,7643,8989,10139],[1.0,1.0,1.0,1.0,1.0,1.0,1.0,1.0,1.0]
10746,[121,2278,2530,4336,6784,7376,8475,9912],[1.0,1.0,1.0,1.0,1.0,1.0,1.0,1.0]
10746,[1098,1535,2067,2123,2530,4891,5146],[1.0,1.0,1.0,1.0,1.0,1.0,1.0]
10746,[1225,1237,1706,2278,6301],[1.0,1.0,1.0,1.0,1.0]
10746,[121,2134,2651,4682,4722,5661,8170,8752,10617],[1.0,1.0,1.0,1.0,1.0,1.0,1.0,1.0,1.0]
10746,[1920,2748,4534,5146,5596,5853,6522,7325,8919],[1.0,1.0,1.0,1.0,1.0,1.0,1.0,1.0,1.0]
10746,[5373,5592,5892,6522,8049,9298],[1.0,1.0,1.0,1.0,1.0,1.0]
10746,[165,305,4277,4310,5127,5659,5661,9868,10027,10055],[1.0,1.0,1.0,1.0,1.0,1.0,1.0,1.0,1.0,1.0]
