10746,[3210,3717,4440,7610,8403,8759,10083],[1.0,1.0,1.0,1.0,1.0,1.0,1.0]
10746,[2524,2530,2911,3006,3210,5854,6005,10360],[1.0,1.0,1.0,1.0,1.0,1.0,1.0,1.0]
10746,[213,902,2365,3089,4405,5181,6229,6335,8729,9460],[1.0,1.0,1.0,1.0,1.0,1.0,1.0,1.0,1.0,1.0]
10746,[305,2530,4888,6261,6543,7610,10688],[1.0,1.0,1.0,1.0,1.0,1.0,1.0]
10746,[305,2530,5241,5604,5710,7813,9270,10734],[1.0,1.0,1.0,1.0,1.0,1.0,1.0,1.0]
10746,[172,7105,7699,8032,8343,9270,10688],[1.0,1.0,1.0,1.0,1.0,1.0,1.0]
10746,[705,1177,3535,4401,4755,5343,7079,10734],[1.0,1.0,1.0,1.0,1.0,1.0,1.0,1.0]
10746,[501,2068,2530,5710,6261,7105,7653],[1.0,1.0,1.0,1.0,1.0,1.0,1.0]
10746,[902,1565,1965,2524,2992,5009,5580,9315,10222],[1.0,1.0,1.0,1.0,1.0,1.0,1.0,1.0,1.0]
10746,[517,673,1016,1594,2477,8673,9364,10368],[1.0,1.0,1.0,1.0,1.0,1.0,1.0,1.0]
10746,[2075,2271,2975,3110,3318,4405,7683,8114,10115],[1.0,1.0,1.0,1.0,1.0,1.0,1.0,1.0,1.0]
10746,[4308],[1.0]
