10746,[838,3206,3875,4440,4686,8323,9632,10054],[1.0,1.0,1.0,1.0,1.0,1.0,1.0,1.0]
10746,[121,213,1652,3501,5351,6980,8177,9433,10360,10463],[1.0,1.0,1.0,1.0,1.0,1.0,1.0,1.0,1.0,1.0]
10746,[11,936,2530,3501,5118,7829,8700],[1.0,1.0,1.0,1.0,1.0,1.0,1.0]
10746,[341,769,9714,10093,10433],[1.0,1.0,1.0,1.0,1.0]
10746,[417,1478,1706,5510,5590,6401,6483],[1.0,1.0,1.0,1.0,1.0,1.0,1.0]
10746,[844,1255,1735,2201,5983,8398,8757,9490,10232],[1.0,1.0,1.0,1.0,1.0,1.0,1.0,1.0,1.0]
10746,[417,822,1255,1547,6060,7051],[1.0,1.0,1.0,1.0,1.0,1.0]
10746,[564,747,1706,2722,3596,7813,8178,10082],[1.0,1.0,1.0,1.0,1.0,1.0,1.0,1.0]
10746,[1673,2425,6341,7045,7502,7649,8895,9256],[1.0,1.0,1.0,1.0,1.0,1.0,1.0,1.0]
10746,[463,4405,6002,8630,8941,9813,9851,10621],[1.0,1.0,1.0,1.0,1.0,1.0,1.0,1.0]
10746,[631,902,4092,8729,9420,10161,10468],[1.0,1.0,1.0,1.0,1.0,1.0,1.0]
10746,[1056,1817,1910,2074,2393,5626,5983,6607,8757],[1.0,1.0,1.0,1.0,1.0,1.0,1.0,1.0,1.0]
10746,[3206,10054],[1.0,1.0]
