10746,[1211,1411,2530,2785,4440,5486,8416,9972],[1.0,1.0,1.0,1.0,1.0,1.0,1.0,1.0]
10746,[1853,2049,3450,3608,4853,7481,9491,10360,10731],[1.0,1.0,1.0,1.0,1.0,1.0,1.0,1.0,1.0]
10746,[213,1652,1853,3450,3608,3993,9305,9491,10463],[1.0,1.0,1.0,1.0,1.0,1.0,1.0,1.0,1.0]
10746,[2049,3450,3608,4916,6098,8461,8673,9491,10463,10682],[1.0,1.0,1.0,1.0,1.0,1.0,1.0,1.0,1.0,1.0]
10746,[1358,2049,4865,7481,9054,9345],[1.0,1.0,1.0,1.0,1.0,1.0]
10746,[1965,3089,4420,6536,8114,8416,9118,9289,10173],[1.0,1.0,1.0,1.0,1.0,1.0,1.0,1.0,1.0]
10746,[902,7506,8928,10057],[1.0,1.0,1.0,1.0]
10746,[591,1420,1720,3651,4512,5181,8050,8928,8955],[1.0,1.0,1.0,1.0,1.0,1.0,1.0,1.0,1.0]
10746,[463,2530,3089,3528,4066,5665,7895,8976],[1.0,1.0,1.0,1.0,1.0,1.0,1.0,1.0]
10746,[2310,3089,3528,8114,8239,9632,9749],[1.0,1.0,1.0,1.0,1.0,1.0,1.0]
10746,[2406,3528,5505,6754,6861,7379,7784,10621],[1.0,1.0,1.0,1.0,1.0,1.0,1.0,1.0]
10746,[869,1284,2957,3473,5703,5885,7506,10621,10714],[1.0,1.0,1.0,1.0,1.0,1.0,1.0,1.0,1.0]
10746,[1965,2354,2695,3431,4420,6172,8924],[1.0,1.0,1.0,1.0,1.0,1.0,1.0]
10746,[1255,2530,4587,4881,7316,8690,9625,9632],[1.0,1.0,1.0,1.0,1.0,1.0,1.0,1.0]
10746,[73,2677,2899,2945,2981,4376,4921,6298,6810],[1.0,1.0,1.0,1.0,1.0,1.0,1.0,1.0,1.0]
10746,[3835,4376,5641,5876,7886,9524,9632],[1.0,1.0,1.0,1.0,1.0,1.0,1.0]
10746,[206,869,896,2493,3890,4376,9289,9632],[1.0,1.0,1.0,1.0,1.0,1.0,1.0,1.0]
10746,[2530,4376,4921,6128,6298,6341,7276,9066],[1.0,1.0,1.0,1.0,1.0,1.0,1.0,1.0]
10746,[2916,3082,3442,7199,9289,10714],[1.0,1.0,1.0,1.0,1.0,1.0]
10746,[963,2206,2354,4888,6536,7316,10621,10714],[1.0,1.0,1.0,1.0,1.0,1.0,1.0,1.0]
10746,[58,1099,1617,2992,4650,4795,5575,6229,8114,10621],[1.0,1.0,1.0,1.0,1.0,1.0,1.0,1.0,1.0,1.0]
10746,[567,2618,7117,7768,7955,7994,8637],[1.0,1.0,1.0,1.0,1.0,1.0,1.0]
10746,[944,1673,1830,4121,4268,7959,8040,9270],[1.0,1.0,1.0,1.0,1.0,1.0,1.0,1.0]
10746,[769,1673,3450,3608,4191,4534,8701,9364,9491],[1.0,1.0,1.0,1.0,1.0,1.0,1.0,1.0,1.0]
10746,[1242,1673,2455,2771,4929,5142,5641,6824],[1.0,1.0,1.0,1.0,1.0,1.0,1.0,1.0]
10746,[1673,3110,5505,5710,7039,8114,10139,10419],[1.0,1.0,1.0,1.0,1.0,1.0,1.0,1.0]
10746,[1921,2928,4121,4268,4807,5628,5665,9270,10028],[1.0,1.0,1.0,1.0,1.0,1.0,1.0,1.0,1.0]
10746,[122,2484,5181,6341,7898,8416,9602],[1.0,1.0,1.0,1.0,1.0,1.0,1.0]
