10746,[838,3206,4385,4440,7999,10113,10154],[1.0,1.0,1.0,1.0,1.0,1.0,1.0]
10746,[3006,3875,5644,9632,10113,10154,10360],[1.0,1.0,1.0,1.0,1.0,1.0,1.0]
10746,[213,1449,2753,2813,5435,6005,8571,8873,9920,10463],[1.0,1.0,1.0,1.0,1.0,1.0,1.0,1.0,1.0,1.0]
10746,[936,1449,2813,3516,5435,8159,8571,9829,9920],[1.0,1.0,1.0,1.0,1.0,1.0,1.0,1.0,1.0]
10746,[1683,2201,5710,7045,8070,9988],[1.0,1.0,1.0,1.0,1.0,1.0]
10746,[752,3535,3896,5262,5641,5821,8114,8693,9628],[1.0,1.0,1.0,1.0,1.0,1.0,1.0,1.0,1.0]
10746,[3155,4534,8490,8605,9270,9379,10115,10222],[1.0,1.0,1.0,1.0,1.0,1.0,1.0,1.0]
10746,[869,1673,1920,3741,5983,6471,8032,9379,9863],[1.0,1.0,1.0,1.0,1.0,1.0,1.0,1.0,1.0]
10746,[214,3206,4611,4690,5215,5710,5821,7052,9696],[1.0,1.0,1.0,1.0,1.0,1.0,1.0,1.0,1.0]
10746,[14,3713,4191,6172,7394,9395],[1.0,1.0,1.0,1.0,1.0,1.0]
10746,[126,1094,1673,3110,3795,4857,7379,7468,9433,10621],[1.0,1.0,1.0,1.0,1.0,1.0,1.0,1.0,1.0,1.0]
10746,[2728,3442,3713,6754,9437,9632,10338,10621],[1.0,1.0,1.0,1.0,1.0,1.0,1.0,1.0]
10746,[561,956,1529,4525,7502,8476,8558,9289,9851],[1.0,1.0,1.0,1.0,1.0,1.0,1.0,1.0,1.0]
10746,[2728,3713,5262,9494,9831,9871,10232,10313],[1.0,1.0,1.0,1.0,1.0,1.0,1.0,1.0]
10746,[380,1000,1244,3651,4305,8114,8476,9831],[1.0,1.0,1.0,1.0,1.0,1.0,1.0,1.0]
10746,[1255,1673,2728,3713,5710,6788,8231,8476],[1.0,1.0,1.0,1.0,1.0,1.0,1.0,1.0]
10746,[126,171,1255,4682,5262,6754,6788,6845,9632],[1.0,1.0,1.0,1.0,1.0,1.0,1.0,1.0,1.0]
10746,[126,3206,4051,5626,8114,8917,9494,10232,10621],[1.0,1.0,1.0,1.0,1.0,1.0,1.0,1.0,1.0]
10746,[1255,2074,2920,3265,3359,4244,5604,5834],[1.0,1.0,1.0,1.0,1.0,1.0,1.0,1.0]
10746,[463,4405,6043,7502,8476,9851,9988,10082,10621],[1.0,1.0,1.0,1.0,1.0,1.0,1.0,1.0,1.0]
10746,[362,1255,1706,2557,3713,7813,9851,9988,10082],[1.0,1.0,1.0,1.0,1.0,1.0,1.0,1.0,1.0]
10746,[379,869,1718,2351,5181,5820,5985,7941,8476,9273],[1.0,1.0,1.0,1.0,1.0,1.0,1.0,1.0,1.0,1.0]
10746,[372,766,3250,9632,10232,10621],[1.0,1.0,1.0,1.0,1.0,1.0]
10746,[463,2455,3586,4405,8476,8694,9494,9632,9988],[1.0,1.0,1.0,1.0,1.0,1.0,1.0,1.0,1.0]
10746,[3250,6574,8917,9494,9831,10232],[1.0,1.0,1.0,1.0,1.0,1.0]
10746,[896,1099,2040,2509,2920,3890,4870,4885,7820],[1.0,1.0,1.0,1.0,1.0,1.0,1.0,1.0,1.0]
10746,[1225,2240,3339,8476,9494,10232,10621],[1.0,1.0,1.0,1.0,1.0,1.0,1.0]
10746,[1076,1529,2201,6471,6754,7114,7771,9968],[1.0,1.0,1.0,1.0,1.0,1.0,1.0,1.0]
10746,[4642,5205,5639,6335,9270,9289,9988],[1.0,1.0,1.0,1.0,1.0,1.0,1.0]
10746,[463,1535,3732,4642,7946,8114,9270,9289],[1.0,1.0,1.0,1.0,1.0,1.0,1.0,1.0]
10746,[2123,2201,2418,2916,4405,4534,5885,9289,9988],[1.0,1.0,1.0,1.0,1.0,1.0,1.0,1.0,1.0]
10746,[2123,2325,7390,9030,9298,9748],[1.0,1.0,1.0,1.0,1.0,1.0]
10746,[463,501,567,2201,3055,9056,9977,9988],[1.0,1.0,1.0,1.0,1.0,1.0,1.0,1.0]
10746,[144,991,2088,3206,3545,3850,7230,9505],[1.0,1.0,1.0,1.0,1.0,1.0,1.0,1.0]
10746,[1538,4332,4385,6549,7999,9030,10113,10154],[1.0,1.0,1.0,1.0,1.0,1.0,1.0,1.0]
10746,[273,1187,3894],[1.0,1.0,1.0]
