10746,[654,2233,3096,4440,5187,8022,9491,9920],[1.0,1.0,1.0,1.0,1.0,1.0,1.0,1.0]
10746,[213,936,1238,2233,7416,7427,8323,10054,10360,10463],[1.0,1.0,1.0,1.0,1.0,1.0,1.0,1.0,1.0,1.0]
10746,[14,1238,3590,4021,5426,7317,8114,8558],[1.0,1.0,1.0,1.0,1.0,1.0,1.0,1.0]
10746,[1073,2411,2455,3590,3998,4259,4576,6080,6442,9292],[1.0,1.0,1.0,1.0,1.0,1.0,1.0,1.0,1.0,1.0]
10746,[838,1073,3050,4154,4223,4576,10419],[1.0,1.0,1.0,1.0,1.0,1.0,1.0]
10746,[1073,1948,3327,6271,7207,9364,10621],[1.0,1.0,1.0,1.0,1.0,1.0,1.0]
10746,[1073,1275,1299,2799,4589,6080,9528],[1.0,1.0,1.0,1.0,1.0,1.0,1.0]
10746,[806,956,1310,3669,4405,6442,10061,10621],[1.0,1.0,1.0,1.0,1.0,1.0,1.0,1.0]
10746,[356,4247,6442,6590,7803,8558,9768],[1.0,1.0,1.0,1.0,1.0,1.0,1.0]
10746,[806,868,1310,4424,4716,7205,8073,8114,9768],[1.0,1.0,1.0,1.0,1.0,1.0,1.0,1.0,1.0]
10746,[1255,4332,4576,6442,9431,9768,10206,10536],[1.0,1.0,1.0,1.0,1.0,1.0,1.0,1.0]
10746,[888,3698,4961,5142,8041,9289,10536,10573],[1.0,1.0,1.0,1.0,1.0,1.0,1.0,1.0]
10746,[806,1275,1310,2123,2596,3998,5464,7384,9768],[1.0,1.0,1.0,1.0,1.0,1.0,1.0,1.0,1.0]
10746,[4424,6124,6442,7645,8114,9768],[1.0,1.0,1.0,1.0,1.0,1.0]
10746,[838,956,1310,2916,3993,4205,7793,8558,10090,10419],[1.0,1.0,1.0,1.0,1.0,1.0,1.0,1.0,1.0,1.0]
10746,[501,2618,4961,5050,6335,6442,7890,7923,9851],[1.0,1.0,1.0,1.0,1.0,1.0,1.0,1.0,1.0]
10746,[1535,2079,3677,4432,6128,6335,7419,9431],[1.0,1.0,1.0,1.0,1.0,1.0,1.0,1.0]
10746,[356,1255,1418,3993,4673,6442,6590,7419],[1.0,1.0,1.0,1.0,1.0,1.0,1.0,1.0]
10746,[125,1310,1381,4066,4332,5931,6442,9447,10536,10648],[1.0,1.0,1.0,1.0,1.0,1.0,1.0,1.0,1.0,1.0]
10746,[125,1376,6098,6169,7316,8114,8842,10139],[1.0,1.0,1.0,1.0,1.0,1.0,1.0,1.0]
10746,[4332,4857,5173,6341,7308,8714,9851],[1.0,1.0,1.0,1.0,1.0,1.0,1.0]
10746,[654,1255,1381,2114,4525,10222,10621],[1.0,1.0,1.0,1.0,1.0,1.0,1.0]
10746,[806,838,1310,1458,2443,5711,6371,7211,8343],[1.0,1.0,1.0,1.0,1.0,1.0,1.0,1.0,1.0]
10746,[654,3442,4108,6342,7813,8673,9273,10054,10108],[1.0,1.0,1.0,1.0,1.0,1.0,1.0,1.0,1.0]
10746,[838,2225,3442,3972,4277,6368,7649,8321,8584],[1.0,1.0,1.0,1.0,1.0,1.0,1.0,1.0,1.0]
10746,[838,1310,5146,6442,7211,7428,9273,10222,10371],[1.0,1.0,1.0,1.0,1.0,1.0,1.0,1.0,1.0]
10746,[2233,3096,5187,5511,7416,8673,8891,9920],[1.0,1.0,1.0,1.0,1.0,1.0,1.0,1.0]
10746,[1706,5511,7857,9491],[1.0,1.0,1.0,1.0]
