10746,[158,1944,2346,3537,4440,4534,4550,7813,10445],[1.0,1.0,1.0,1.0,1.0,1.0,1.0,1.0,1.0]
10746,[213,463,1162,6598,7074,7544,8109,9972,10360],[1.0,1.0,1.0,1.0,1.0,1.0,1.0,1.0,1.0]
10746,[1317,2651,3006,3027,4954,5868,7478,9117,9130],[1.0,1.0,1.0,1.0,1.0,1.0,1.0,1.0,1.0]
10746,[304,936,1175,1317,2260,2953,3422,6457,9130,9972],[1.0,1.0,1.0,1.0,1.0,1.0,1.0,1.0,1.0,1.0]
10746,[463,1302,1903,2596,3198,3835,6549,6564],[1.0,1.0,1.0,1.0,1.0,1.0,1.0,1.0]
10746,[2618,3892,5580,5820,7495,9214,10082],[1.0,1.0,1.0,1.0,1.0,1.0,1.0]
10746,[1903,2618,4868,6042,7574,9049,9364,9632],[1.0,1.0,1.0,1.0,1.0,1.0,1.0,1.0]
10746,[567,902,1099,1411,1706,6985,7223,9049],[1.0,1.0,1.0,1.0,1.0,1.0,1.0,1.0]
10746,[1302,1903,4066,4217,6229,6341,6394,8004],[1.0,1.0,1.0,1.0,1.0,1.0,1.0,1.0]
10746,[1302,1903,2828,4217,5564,6257,8021,9407,9460,10682],[1.0,1.0,1.0,1.0,1.0,1.0,1.0,1.0,1.0,1.0]
10746,[143,2708,5628,5911,6547,7191,9903],[1.0,1.0,1.0,1.0,1.0,1.0,1.0]
10746,[66,822,1252,2596,6457,8114,9262],[1.0,1.0,1.0,1.0,1.0,1.0,1.0]
10746,[1302,1903,3741,6347,7649,8595,9049],[1.0,1.0,1.0,1.0,1.0,1.0,1.0]
10746,[3661,4534,5580,6347,7502,9324,9364,10401],[1.0,1.0,1.0,1.0,1.0,1.0,1.0,1.0]
10746,[212,342,769,2325,5575,6819,8684,10745],[1.0,1.0,1.0,1.0,1.0,1.0,1.0,1.0]
