10746,[189,2455,4440,4444,4638,5228,6626,6634],[1.0,1.0,1.0,1.0,1.0,1.0,1.0,1.0]
10746,[189,654,806,1310,1652,2924,9654,9656,9710,10360],[1.0,1.0,1.0,1.0,1.0,1.0,1.0,1.0,1.0,1.0]
10746,[189,213,851,2518,3428,4778,5228,10152,10463],[1.0,1.0,1.0,1.0,1.0,1.0,1.0,1.0,1.0]
10746,[936,5760,8577,9007,10408,10463,10594],[1.0,1.0,1.0,1.0,1.0,1.0,1.0]
10746,[851,936,3428,4405,7117,8416,9000,9537,10463],[1.0,1.0,1.0,1.0,1.0,1.0,1.0,1.0,1.0]
10746,[654,1902,2398,6229,8114,8582,10465],[1.0,1.0,1.0,1.0,1.0,1.0,1.0]
10746,[1005,2260,4506,4891,5308,6012,6172,7807],[1.0,1.0,1.0,1.0,1.0,1.0,1.0,1.0]
10746,[2206,2425,2708,5308,9841,10465,10539],[1.0,1.0,1.0,1.0,1.0,1.0,1.0]
10746,[142,4384,4405,4573,5696,5801,8595,9710,10465],[1.0,1.0,1.0,1.0,1.0,1.0,1.0,1.0,1.0]
10746,[1631,1930,8729,9056,9337,10438],[1.0,1.0,1.0,1.0,1.0,1.0]
10746,[14,1255,2752,3732,4816,5350,5795,7737,10010,10222],[1.0,1.0,1.0,1.0,1.0,1.0,1.0,1.0,1.0,1.0]
10746,[588,852,1182,1706,3144,7436,7698,9289],[1.0,1.0,1.0,1.0,1.0,1.0,1.0,1.0]
10746,[896,1459,1930,3050,5224,5942,6985,10082],[1.0,1.0,1.0,1.0,1.0,1.0,1.0,1.0]
10746,[701,1875,2333,3878,4405,9685,9694],[1.0,1.0,1.0,1.0,1.0,1.0,1.0]
10746,[1255,2079,3216,4534,4934,5954,9338],[1.0,1.0,1.0,1.0,1.0,1.0,1.0]
10746,[1920,2455,3340,3741,7045,7123,8177,8622],[1.0,1.0,1.0,1.0,1.0,1.0,1.0,1.0]
10746,[869,2492,2627,3070,4405,6952,8114],[1.0,1.0,1.0,1.0,1.0,1.0,1.0]
10746,[3003,4119,6610,8587,9337,10137],[1.0,1.0,1.0,1.0,1.0,1.0]
10746,[1295,3110,3741,4525,7316,9298,9463],[1.0,1.0,1.0,1.0,1.0,1.0,1.0]
10746,[694,1255,1776,3805,5714,6842,7782,8258,9289,9632],[1.0,1.0,1.0,1.0,1.0,1.0,1.0,1.0,1.0,1.0]
10746,[1295,2596,2728,3835,5308,6229,6335,7218,9632,10492],[1.0,1.0,1.0,1.0,1.0,1.0,1.0,1.0,1.0,1.0]
10746,[372,1920,2425,2455,3340,6580,8177,10268],[1.0,1.0,1.0,1.0,1.0,1.0,1.0,1.0]
10746,[1295,3514,4934,5308,8642,9379,9778],[1.0,1.0,1.0,1.0,1.0,1.0,1.0]
10746,[701,786,1967,4934,5345,6156,8114],[1.0,1.0,1.0,1.0,1.0,1.0,1.0]
10746,[747,860,1255,3741,5328,6194,6915,7449,8280,10433],[1.0,1.0,1.0,1.0,1.0,1.0,1.0,1.0,1.0,1.0]
10746,[1295,3639,4825,7237,8249,8842,9661],[1.0,1.0,1.0,1.0,1.0,1.0,1.0]
10746,[747,1967,2194,2618,2623,5780,7634,9433,9676],[1.0,1.0,1.0,1.0,1.0,1.0,1.0,1.0,1.0]
10746,[1967,2407,2530,3639,5789,6156,8842,9273],[1.0,1.0,1.0,1.0,1.0,1.0,1.0,1.0]
10746,[107,2788,7850,9081,9109,10353],[1.0,1.0,1.0,1.0,1.0,1.0]
10746,[51,73,902,3097,4149,9325,10353],[1.0,1.0,1.0,1.0,1.0,1.0,1.0]
10746,[758,1929,1967,7218,8619,10206],[1.0,1.0,1.0,1.0,1.0,1.0]
10746,[3199,4142,4372,4801,6193,7390,8005,9067],[1.0,1.0,1.0,1.0,1.0,1.0,1.0,1.0]
10746,[172,2916,4825,6815,8412,9270,10617],[1.0,1.0,1.0,1.0,1.0,1.0,1.0]
10746,[168,4461,7316,7669,7813,8770,9270,9719],[1.0,1.0,1.0,1.0,1.0,1.0,1.0,1.0]
10746,[172,1284,3110,4809,4825,6807,9270],[1.0,1.0,1.0,1.0,1.0,1.0,1.0]
