10746,[3139,4440,6777,7813,8295,10032,10270],[1.0,1.0,1.0,1.0,1.0,1.0,1.0]
10746,[463,1652,4534,7074,8460,9972,10360,10411,10445],[1.0,1.0,1.0,1.0,1.0,1.0,1.0,1.0,1.0]
10746,[213,2013,5201,8751,8779,9491],[1.0,1.0,1.0,1.0,1.0,1.0]
10746,[242,936,3139,4954,6557,6777,6890,10032,10463],[1.0,1.0,1.0,1.0,1.0,1.0,1.0,1.0,1.0]
10746,[936,3139,3198,8295,9270,10032,10270,10621],[1.0,1.0,1.0,1.0,1.0,1.0,1.0,1.0]
10746,[121,747,1299,2447,3509,5146,7917,9270],[1.0,1.0,1.0,1.0,1.0,1.0,1.0,1.0]
10746,[121,2067,2530,3018,3965,6335,8475,8729],[1.0,1.0,1.0,1.0,1.0,1.0,1.0,1.0]
10746,[896,1237,1535,2618,4611,6335,8595,8979,9083],[1.0,1.0,1.0,1.0,1.0,1.0,1.0,1.0,1.0]
10746,[747,1099,2447,3018,3965,7506,10068],[1.0,1.0,1.0,1.0,1.0,1.0,1.0]
10746,[1535,2067,5946,6172,6301,8582,10621],[1.0,1.0,1.0,1.0,1.0,1.0,1.0]
10746,[251,1965,3442,4191,4405,5320,6985,7506],[1.0,1.0,1.0,1.0,1.0,1.0,1.0,1.0]
10746,[677,902,1657,4561,6299,7502,10082,10621,10694],[1.0,1.0,1.0,1.0,1.0,1.0,1.0,1.0,1.0]
10746,[2013,2266,5201,6557,8751,8779,9290,9491,9851],[1.0,1.0,1.0,1.0,1.0,1.0,1.0,1.0,1.0]
10746,[4996,5809,6754,7114,7379,8116,9663,9851],[1.0,1.0,1.0,1.0,1.0,1.0,1.0,1.0]
10746,[365,1375,3139,4080,4335,8610,9222,10692],[1.0,1.0,1.0,1.0,1.0,1.0,1.0,1.0]
10746,[1652,2047,4953,5668,6820,7063,7341,8460,10411],[1.0,1.0,1.0,1.0,1.0,1.0,1.0,1.0,1.0]
10746,[1255,3139,4755,6777,8295,9222,9989,10032],[1.0,1.0,1.0,1.0,1.0,1.0,1.0,1.0]
10746,[433,435,2009,3601,5123,7205],[1.0,1.0,1.0,1.0,1.0,1.0]
