10746,[1310,2200,3277,4440,5090,5845,9491,9996],[1.0,1.0,1.0,1.0,1.0,1.0,1.0,1.0]
10746,[213,2200,2518,3277,4686,4778,5820,7937,10152,10360],[1.0,1.0,1.0,1.0,1.0,1.0,1.0,1.0,1.0,1.0]
10746,[1175,1317,2953,3277,3422,3770,9130,9491,9996,10463],[1.0,1.0,1.0,1.0,1.0,1.0,1.0,1.0,1.0,1.0]
10746,[936,1317,2200,3277,5090,5279,9113,9491,10463,10658],[1.0,1.0,1.0,1.0,1.0,1.0,1.0,1.0,1.0,1.0]
10746,[936,3277,3426,5090,5845,8729,9270,9491,9996,10263],[1.0,1.0,1.0,1.0,1.0,1.0,1.0,1.0,1.0,1.0]
10746,[22,112,357,2123,2986],[1.0,1.0,1.0,1.0,1.0]
10746,[1669,2799,3513,3528,3620,4494,5181,8282,9632],[1.0,1.0,1.0,1.0,1.0,1.0,1.0,1.0,1.0]
10746,[350,2799,7583,8282,9270,9851,10289],[1.0,1.0,1.0,1.0,1.0,1.0,1.0]
10746,[2671,3433,3513,5367,9555,9596,9851],[1.0,1.0,1.0,1.0,1.0,1.0,1.0]
10746,[1054,4396,5349,6626,8662,9596,9831],[1.0,1.0,1.0,1.0,1.0,1.0,1.0]
10746,[22,35,2708,3257,3513,3620,6229,10433],[1.0,1.0,1.0,1.0,1.0,1.0,1.0,1.0]
10746,[966,1095,1548,1846,4859,9366,9665,10203],[1.0,1.0,1.0,1.0,1.0,1.0,1.0,1.0]
10746,[3106,4349,4552,5150,6462,9572,10082],[1.0,1.0,1.0,1.0,1.0,1.0,1.0]
10746,[747,844,3513,5564,7583],[1.0,1.0,1.0,1.0,1.0]
10746,[199,365,493,855,3713,4349,7583,9364],[1.0,1.0,1.0,1.0,1.0,1.0,1.0,1.0]
10746,[501,1153,2140,2490,4611,6401,8976],[1.0,1.0,1.0,1.0,1.0,1.0,1.0]
10746,[1324,2916,5185,6394,6894,7363,7458],[1.0,1.0,1.0,1.0,1.0,1.0,1.0]
10746,[1073,1846,3513,4349,4553,5211,5645,9076,9239],[1.0,1.0,1.0,1.0,1.0,1.0,1.0,1.0,1.0]
10746,[705,2493,5079,6461,6580,7591,8209,10714],[1.0,1.0,1.0,1.0,1.0,1.0,1.0,1.0]
10746,[2114,2123,4149,4804,6123,7502,9953,10536],[1.0,1.0,1.0,1.0,1.0,1.0,1.0,1.0]
10746,[22,2799,3334,3944,8114],[1.0,1.0,1.0,1.0,1.0]
10746,[1706,3513,3514,3620,4145,5211],[1.0,1.0,1.0,1.0,1.0,1.0]
10746,[860,1054,1255,4534,9557,9851,10621,10734],[1.0,1.0,1.0,1.0,1.0,1.0,1.0,1.0]
10746,[51,1335,2427,2789,2799,3741,9851],[1.0,1.0,1.0,1.0,1.0,1.0,1.0]
10746,[1096,2123,4089,6177,6958,8414,9060],[1.0,1.0,1.0,1.0,1.0,1.0,1.0]
10746,[1317,2530,2649,3290,4387,5205,5684,8114,9270,10621],[1.0,1.0,1.0,1.0,1.0,1.0,1.0,1.0,1.0,1.0]
10746,[1175,2206,2518,2627,2953,3422,6335,7923,9270],[1.0,1.0,1.0,1.0,1.0,1.0,1.0,1.0,1.0]
10746,[51,2477,2799,4534,5349,6167,6426,9270],[1.0,1.0,1.0,1.0,1.0,1.0,1.0,1.0]
10746,[463,2799,3528,3545,5845],[1.0,1.0,1.0,1.0,1.0]
