10746,[4411,4616,4778,5300,6502,6997,8867,9491,10569],[1.0,1.0,1.0,1.0,1.0,1.0,1.0,1.0,1.0]
10746,[39,1237,2610,3844,4440,6753,8635],[1.0,1.0,1.0,1.0,1.0,1.0,1.0]
10746,[3244,3844,5201,5373,6131,6753,8751,8779,10201],[1.0,1.0,1.0,1.0,1.0,1.0,1.0,1.0,1.0]
10746,[2518,4055,4778,5017,5975,7463,9491,9865,10152,10360],[1.0,1.0,1.0,1.0,1.0,1.0,1.0,1.0,1.0,1.0]
10746,[213,242,2013,3844,5201,6557,8751,8779,9491],[1.0,1.0,1.0,1.0,1.0,1.0,1.0,1.0,1.0]
10746,[936,2477,3426,3532,3586,4994,8630],[1.0,1.0,1.0,1.0,1.0,1.0,1.0]
10746,[28,2123,2411,2455,6775,7363,7981,10419],[1.0,1.0,1.0,1.0,1.0,1.0,1.0,1.0]
10746,[2618,2708,4191,4197,4217,4576,5008,9523],[1.0,1.0,1.0,1.0,1.0,1.0,1.0,1.0]
10746,[126,291,822,2916,4422,7423,8595,8976,10602],[1.0,1.0,1.0,1.0,1.0,1.0,1.0,1.0,1.0]
10746,[2521,3633,4405,5320,7718,8842],[1.0,1.0,1.0,1.0,1.0,1.0]
10746,[2507,4217,4576,5641,8196,10433,10617],[1.0,1.0,1.0,1.0,1.0,1.0,1.0]
10746,[2052,5885,6244,6341,7079,8582,9903,9999],[1.0,1.0,1.0,1.0,1.0,1.0,1.0,1.0]
10746,[2421,3402,3732,4893,5628,5928,7649,8941,9461],[1.0,1.0,1.0,1.0,1.0,1.0,1.0,1.0,1.0]
10746,[4801,6753],[1.0,1.0]
