10746,[578,1417,4440,4686,6407,6667,7417,7797],[1.0,1.0,1.0,1.0,1.0,1.0,1.0,1.0]
10746,[121,213,1652,3993,4621,4778,5208,7463,9433,10360],[1.0,1.0,1.0,1.0,1.0,1.0,1.0,1.0,1.0,1.0]
10746,[1175,1417,2518,2953,3422,7417,7797,10152,10463],[1.0,1.0,1.0,1.0,1.0,1.0,1.0,1.0,1.0]
10746,[936,1317,3277,5279,9113,9130,9491,10463,10658],[1.0,1.0,1.0,1.0,1.0,1.0,1.0,1.0,1.0]
10746,[936,2200,3277,5090,5845,8656,9491,9996,10463],[1.0,1.0,1.0,1.0,1.0,1.0,1.0,1.0,1.0]
10746,[837,936,1175,1317,2953,3422,6530,9130,10658],[1.0,1.0,1.0,1.0,1.0,1.0,1.0,1.0,1.0]
10746,[635,896,3997,4405,4526,9942],[1.0,1.0,1.0,1.0,1.0,1.0]
10746,[5885,6255,7340,8881,8961,9062,10050,10222,10621],[1.0,1.0,1.0,1.0,1.0,1.0,1.0,1.0,1.0]
10746,[121,991,2618,3113,6212,9062,9477,10222],[1.0,1.0,1.0,1.0,1.0,1.0,1.0,1.0]
10746,[2077,2240,5284,5343,6533,9977,10145],[1.0,1.0,1.0,1.0,1.0,1.0,1.0]
10746,[193,2916,3532,4640,8070,8170,10232,10617],[1.0,1.0,1.0,1.0,1.0,1.0,1.0,1.0]
10746,[747,902,2074,2874,3850,4649,10682],[1.0,1.0,1.0,1.0,1.0,1.0,1.0]
10746,[121,902,1826,7067,7340,8729,10381,10621],[1.0,1.0,1.0,1.0,1.0,1.0,1.0,1.0]
10746,[896,933,991,4632,4868,5098,9519],[1.0,1.0,1.0,1.0,1.0,1.0,1.0]
10746,[1255,1416,1706,2916,8114,9431,9851,10056],[1.0,1.0,1.0,1.0,1.0,1.0,1.0,1.0]
10746,[896,2185,4258,4669,4868,5098,8582,9298,10327],[1.0,1.0,1.0,1.0,1.0,1.0,1.0,1.0,1.0]
10746,[121,896,4669,4868,5098,5564,6017,6417,6603],[1.0,1.0,1.0,1.0,1.0,1.0,1.0,1.0,1.0]
10746,[121,822,896,4868,5098,6547,7334,7506,10617],[1.0,1.0,1.0,1.0,1.0,1.0,1.0,1.0,1.0]
10746,[991,1791,2530,2916,5146,6229,6295,7379,8716,10327],[1.0,1.0,1.0,1.0,1.0,1.0,1.0,1.0,1.0,1.0]
10746,[121,1113,3442,3669,4405,7653,9298],[1.0,1.0,1.0,1.0,1.0,1.0,1.0]
10746,[463,1113,1255,1385,4686,5885,6212,6255,9062],[1.0,1.0,1.0,1.0,1.0,1.0,1.0,1.0,1.0]
10746,[822,1113,1706,3532,5990,6229,9062,10595],[1.0,1.0,1.0,1.0,1.0,1.0,1.0,1.0]
10746,[121,1113,2455,3532,4534,4686,5604,5776,10419],[1.0,1.0,1.0,1.0,1.0,1.0,1.0,1.0,1.0]
10746,[896,1238,4611,4686,4868,5098,5990,6574],[1.0,1.0,1.0,1.0,1.0,1.0,1.0,1.0]
10746,[2455,2916,4202,4344,4534,4686,5031,6603,10139],[1.0,1.0,1.0,1.0,1.0,1.0,1.0,1.0,1.0]
10746,[896,3783,4534,4649,5098,5894,6170],[1.0,1.0,1.0,1.0,1.0,1.0,1.0]
10746,[121,1113,1417,4686,6407,6667,7019,7417,7797],[1.0,1.0,1.0,1.0,1.0,1.0,1.0,1.0,1.0]
10746,[623,902,3013,6080,7332,8675,10433],[1.0,1.0,1.0,1.0,1.0,1.0,1.0]
10746,[597,2530,4440,5125,6341,7112,8311,9364,10508],[1.0,1.0,1.0,1.0,1.0,1.0,1.0,1.0,1.0]
10746,[159,623,687,902,3013,6080,7332,10433],[1.0,1.0,1.0,1.0,1.0,1.0,1.0,1.0]
10746,[597,2530,4440,5125,6341,7112,8675,9364,10508],[1.0,1.0,1.0,1.0,1.0,1.0,1.0,1.0,1.0]
10746,[159,687,8311],[1.0,1.0,1.0]
