10746,[2348,4440,4582,5516,7367,7582,7997,8070],[1.0,1.0,1.0,1.0,1.0,1.0,1.0,1.0]
10746,[213,577,2864,7687,7818,8051,10360,10463],[1.0,1.0,1.0,1.0,1.0,1.0,1.0,1.0]
10746,[577,936,2864,6653,8829,9371,10696],[1.0,1.0,1.0,1.0,1.0,1.0,1.0]
10746,[1478,2864,4440,5516,8051,8070,8829,9371,9693,10696],[1.0,1.0,1.0,1.0,1.0,1.0,1.0,1.0,1.0,1.0]
10746,[567,1750,2651,3176,4405,5885,6335,10068],[1.0,1.0,1.0,1.0,1.0,1.0,1.0,1.0]
10746,[4405,5516,5655,6335,8051,8070,9129,9675],[1.0,1.0,1.0,1.0,1.0,1.0,1.0,1.0]
10746,[74,3391,3528,4364,4405,4944,8114,8166],[1.0,1.0,1.0,1.0,1.0,1.0,1.0,1.0]
10746,[1673,5294,5885,6503,8051,8070,8895,9814],[1.0,1.0,1.0,1.0,1.0,1.0,1.0,1.0]
10746,[1913,2582,3795,4405,6341,7055,8224,8729,10742],[1.0,1.0,1.0,1.0,1.0,1.0,1.0,1.0,1.0]
10746,[686,902,2182,5485,6910,9424,9949,10296],[1.0,1.0,1.0,1.0,1.0,1.0,1.0,1.0]
10746,[902,1076,2916,4191,4784,5061,9420,9968],[1.0,1.0,1.0,1.0,1.0,1.0,1.0,1.0]
10746,[2140,2792,4142,4154,4405,6292,7243,8642,8969,9568],[1.0,1.0,1.0,1.0,1.0,1.0,1.0,1.0,1.0,1.0]
10746,[272,577,2864,6653,6738,8192,8829,9067,9371,10696],[1.0,1.0,1.0,1.0,1.0,1.0,1.0,1.0,1.0,1.0]
10746,[863,2308,2475,3096,6229,6335,8070,10100],[1.0,1.0,1.0,1.0,1.0,1.0,1.0,1.0]
10746,[1673,2582,3795,8051,8913,9076,9337,9632],[1.0,1.0,1.0,1.0,1.0,1.0,1.0,1.0]
10746,[812,2562,4191,4650,5890,7525,8059,8166],[1.0,1.0,1.0,1.0,1.0,1.0,1.0,1.0]
10746,[3176,4189,4268,4286,4582,4891,6255,7997,9639],[1.0,1.0,1.0,1.0,1.0,1.0,1.0,1.0,1.0]
