10746,[1237,2505,2727,3798,4440,4814,6463,8900],[1.0,1.0,1.0,1.0,1.0,1.0,1.0,1.0]
10746,[213,772,936,4444,4814,6463,6634,8900],[1.0,1.0,1.0,1.0,1.0,1.0,1.0,1.0]
10746,[837,936,1284,2505,3798,4444,5653,10157],[1.0,1.0,1.0,1.0,1.0,1.0,1.0,1.0]
10746,[66,143,4609,6229,6782,7039,8082],[1.0,1.0,1.0,1.0,1.0,1.0,1.0]
10746,[1237,1867,2455,2618,4929,10419,10682],[1.0,1.0,1.0,1.0,1.0,1.0,1.0]
10746,[121,2256,4217,4258,4405,6341,7734,8122,9172],[1.0,1.0,1.0,1.0,1.0,1.0,1.0,1.0,1.0]
10746,[372,896,1237,2618,4258,4834,7502,7653],[1.0,1.0,1.0,1.0,1.0,1.0,1.0,1.0]
10746,[567,1299,1830,2708,6046,8122,9111,9270,9903],[1.0,1.0,1.0,1.0,1.0,1.0,1.0,1.0,1.0]
10746,[26,4217,4405,4825,8584,9172,9270,9281],[1.0,1.0,1.0,1.0,1.0,1.0,1.0,1.0]
10746,[121,245,705,1299,1673,8170,8842],[1.0,1.0,1.0,1.0,1.0,1.0,1.0]
10746,[365,372,1044,4149,4931,6893,8584,8960,9270,9478],[1.0,1.0,1.0,1.0,1.0,1.0,1.0,1.0,1.0,1.0]
10746,[666,2769,4217,7506,7946,8114,8576,10139],[1.0,1.0,1.0,1.0,1.0,1.0,1.0,1.0]
10746,[1284,2530,2852,6167,7317,7898,8690,10714],[1.0,1.0,1.0,1.0,1.0,1.0,1.0,1.0]
10746,[2628,4191,5390,6167,8600,10641,10714],[1.0,1.0,1.0,1.0,1.0,1.0,1.0]
10746,[1099,8476,8729,8762,9270,9301],[1.0,1.0,1.0,1.0,1.0,1.0]
10746,[709,959,2505,5390,6257,8114,8584,9758],[1.0,1.0,1.0,1.0,1.0,1.0,1.0,1.0]
10746,[2070,6389,6553,7205,8610,8729,9270,9460],[1.0,1.0,1.0,1.0,1.0,1.0,1.0,1.0]
10746,[1920,2916,4258,4549,5111,6553,8584],[1.0,1.0,1.0,1.0,1.0,1.0,1.0]
10746,[902,3545,3681,4935,7079,7384,7390,8595,10536],[1.0,1.0,1.0,1.0,1.0,1.0,1.0,1.0,1.0]
10746,[645,1284,1706,3290,4534,7968,8743,9270,9595,9851],[1.0,1.0,1.0,1.0,1.0,1.0,1.0,1.0,1.0,1.0]
10746,[1284,3290,3371,5777,10139],[1.0,1.0,1.0,1.0,1.0]
10746,[137,3545,4149,4405,5391,5641,8584,9379],[1.0,1.0,1.0,1.0,1.0,1.0,1.0,1.0]
10746,[13,1706,6341,6454,7813,8941,9724,10438],[1.0,1.0,1.0,1.0,1.0,1.0,1.0,1.0]
10746,[635,705,2238,4649,4755,5885,6385,6389,8610],[1.0,1.0,1.0,1.0,1.0,1.0,1.0,1.0,1.0]
10746,[1284,1387,2455,2505,5628,6530,7187,10511],[1.0,1.0,1.0,1.0,1.0,1.0,1.0,1.0]
10746,[1284,1387,2505,2828,5783,6335,9270],[1.0,1.0,1.0,1.0,1.0,1.0,1.0]
10746,[902,1466,2455,2505,3798,4120,4259,6047,6494,7519],[1.0,1.0,1.0,1.0,1.0,1.0,1.0,1.0,1.0,1.0]
10746,[2455,4191,4576,4618,5628,7796,8002,10419,10518],[1.0,1.0,1.0,1.0,1.0,1.0,1.0,1.0,1.0]
10746,[2093,10220,10489],[1.0,1.0,1.0]
