10746,[39,3844,4440,6131,6753,8635,10201],[1.0,1.0,1.0,1.0,1.0,1.0,1.0]
10746,[213,1237,2518,4055,4778,5017,7463,9865,10152,10360],[1.0,1.0,1.0,1.0,1.0,1.0,1.0,1.0,1.0,1.0]
10746,[1657,1818,3105,3502,3844,6862,8540,9282],[1.0,1.0,1.0,1.0,1.0,1.0,1.0,1.0]
10746,[936,1323,3892,4865,7390,8904,9407],[1.0,1.0,1.0,1.0,1.0,1.0,1.0]
10746,[92,463,496,2162,2916,5641,10222,10433],[1.0,1.0,1.0,1.0,1.0,1.0,1.0,1.0]
10746,[92,2162,2916,5006,5205,7768,9237,10433],[1.0,1.0,1.0,1.0,1.0,1.0,1.0,1.0]
10746,[1535,2922,3318,5328,5873,6574,9632,9880],[1.0,1.0,1.0,1.0,1.0,1.0,1.0,1.0]
10746,[758,1255,1299,1953,4332,5873,8509,9632,10433],[1.0,1.0,1.0,1.0,1.0,1.0,1.0,1.0,1.0]
10746,[92,1299,3835,4921,5604,6819,8114],[1.0,1.0,1.0,1.0,1.0,1.0,1.0]
10746,[2455,3340,4239,4393,4858,7461,7502,10621],[1.0,1.0,1.0,1.0,1.0,1.0,1.0,1.0]
10746,[365,2381,2759,3340,4239,4888,5537,8630,9270],[1.0,1.0,1.0,1.0,1.0,1.0,1.0,1.0,1.0]
10746,[2162,3340,4349,5328,6365,8281,9270,10433],[1.0,1.0,1.0,1.0,1.0,1.0,1.0,1.0]
10746,[217,496,1815,2162,2407,6341,9273,10222],[1.0,1.0,1.0,1.0,1.0,1.0,1.0,1.0]
10746,[55,1948,2162,3339,4275,7317,7502],[1.0,1.0,1.0,1.0,1.0,1.0,1.0]
10746,[556,2711,3340,3426,4934,7079,8041,8114],[1.0,1.0,1.0,1.0,1.0,1.0,1.0,1.0]
10746,[4077,4534,5102,5557,6229,7205,7718,9618],[1.0,1.0,1.0,1.0,1.0,1.0,1.0,1.0]
10746,[357,2381,3340,4520,4534,5142,7502,9595],[1.0,1.0,1.0,1.0,1.0,1.0,1.0,1.0]
10746,[2260,2916,3669,5142,7552,8280,8307],[1.0,1.0,1.0,1.0,1.0,1.0,1.0]
10746,[348,365,2260,3813,4534,5038,9237,9306],[1.0,1.0,1.0,1.0,1.0,1.0,1.0,1.0]
10746,[1795,3611,4933,5181,8898,9912],[1.0,1.0,1.0,1.0,1.0,1.0]
10746,[26,4426,5713,5859,9912,10397,10419],[1.0,1.0,1.0,1.0,1.0,1.0,1.0]
10746,[448,902,1865,3070,6530,6843,7045,8005,8810],[1.0,1.0,1.0,1.0,1.0,1.0,1.0,1.0,1.0]
10746,[956,1451,1459,2799,5181,7265,7316,7643],[1.0,1.0,1.0,1.0,1.0,1.0,1.0,1.0]
10746,[844,869,2305,3914,4191,7207,7768,9834],[1.0,1.0,1.0,1.0,1.0,1.0,1.0,1.0]
10746,[956,2916,5210,7207,9185,10554],[1.0,1.0,1.0,1.0,1.0,1.0]
10746,[3070,4349,6167,7207,8904,9185,10188],[1.0,1.0,1.0,1.0,1.0,1.0,1.0]
10746,[161,1865,2022,4077,4805,10222,10350],[1.0,1.0,1.0,1.0,1.0,1.0,1.0]
10746,[1255,1865,2916,6335,7207,8025,8121,9298],[1.0,1.0,1.0,1.0,1.0,1.0,1.0,1.0]
10746,[869,1535,1991,3515,6298,6607,9185,9888],[1.0,1.0,1.0,1.0,1.0,1.0,1.0,1.0]
10746,[902,3965,4191,4211,4334,6394,6590,6847,6952],[1.0,1.0,1.0,1.0,1.0,1.0,1.0,1.0,1.0]
10746,[896,1706,3914,5280,5376,5641,9851],[1.0,1.0,1.0,1.0,1.0,1.0,1.0]
10746,[1619,1865,2733,4520,6167,6819,9270,10662],[1.0,1.0,1.0,1.0,1.0,1.0,1.0,1.0]
10746,[822,3669,4448,7205,7663,8114,8729,10508],[1.0,1.0,1.0,1.0,1.0,1.0,1.0,1.0]
10746,[92,2162,2543,3340,3994,4606,6098,9103],[1.0,1.0,1.0,1.0,1.0,1.0,1.0,1.0]
10746,[297,2162,4349,4606,5113,7768,8475,9611,9625],[1.0,1.0,1.0,1.0,1.0,1.0,1.0,1.0,1.0]
10746,[92,758,4202,5006,5328,7421,8509,8904,9379],[1.0,1.0,1.0,1.0,1.0,1.0,1.0,1.0,1.0]
10746,[1023,2318,2733,3340,5207,6811,7455,7502],[1.0,1.0,1.0,1.0,1.0,1.0,1.0,1.0]
10746,[822,1706,1965,2543,3340,4332,5127,6371,6457],[1.0,1.0,1.0,1.0,1.0,1.0,1.0,1.0,1.0]
10746,[4520,6753,6819,9460],[1.0,1.0,1.0,1.0]
