10746,[1237,3695,4440,4750,6753,8635,9632,10187],[1.0,1.0,1.0,1.0,1.0,1.0,1.0,1.0]
10746,[213,1652,2661,3669,3889,4681,4778,7536,8956,10360],[1.0,1.0,1.0,1.0,1.0,1.0,1.0,1.0,1.0,1.0]
10746,[1193,2518,3844,5358,6753,10152,10187,10463],[1.0,1.0,1.0,1.0,1.0,1.0,1.0,1.0]
10746,[39,902,936,3844,6131,6753,7635,10201],[1.0,1.0,1.0,1.0,1.0,1.0,1.0,1.0]
10746,[1099,1256,3121,4552,6205,6630,7127,7649,8041],[1.0,1.0,1.0,1.0,1.0,1.0,1.0,1.0,1.0]
10746,[3535,4066,4327,5641,7649,8308,10335],[1.0,1.0,1.0,1.0,1.0,1.0,1.0]
10746,[1275,4294,5368,6229,7887,8580,9818,10275],[1.0,1.0,1.0,1.0,1.0,1.0,1.0,1.0]
10746,[1005,1099,1706,3110,3257,3515,3695,8842,9270,9708],[1.0,1.0,1.0,1.0,1.0,1.0,1.0,1.0,1.0,1.0]
10746,[1005,1706,3340,3941,4605,4961,8997,10082],[1.0,1.0,1.0,1.0,1.0,1.0,1.0,1.0]
10746,[1222,4205,4327,4961,5368,8769],[1.0,1.0,1.0,1.0,1.0,1.0]
10746,[637,3275,3695,5592,7791,9289,9708,10082,10139],[1.0,1.0,1.0,1.0,1.0,1.0,1.0,1.0,1.0]
10746,[777,1099,3545,3732,8114,9289,10335],[1.0,1.0,1.0,1.0,1.0,1.0,1.0]
10746,[777,2310,3695,4801,6630,7791,9708],[1.0,1.0,1.0,1.0,1.0,1.0,1.0]
10746,[2123,3695,3941,4671,7218,8748],[1.0,1.0,1.0,1.0,1.0,1.0]
10746,[51,1113,1979,3097,4691,4801,5102,5142,10203],[1.0,1.0,1.0,1.0,1.0,1.0,1.0,1.0,1.0]
10746,[1303,1443,4205,5075,5110,6442,6693,8416,9185,9377],[1.0,1.0,1.0,1.0,1.0,1.0,1.0,1.0,1.0,1.0]
10746,[4707],[1.0]
