10746,[50,73,389,3836,4440,6398,6753],[1.0,1.0,1.0,1.0,1.0,1.0,1.0]
10746,[39,213,590,3844,5358,6753,10360,10370,10463],[1.0,1.0,1.0,1.0,1.0,1.0,1.0,1.0,1.0]
10746,[936,3844,6131,6753,7749,10201],[1.0,1.0,1.0,1.0,1.0,1.0]
10746,[1255,1535,3627,5506,8445,9171,9379],[1.0,1.0,1.0,1.0,1.0,1.0,1.0]
10746,[2238,3836,4405,6097,6547,6753,9171,10532,10566],[1.0,1.0,1.0,1.0,1.0,1.0,1.0,1.0,1.0]
10746,[51,896,1535,5328,5506,6080,7334,7749,10625],[1.0,1.0,1.0,1.0,1.0,1.0,1.0,1.0,1.0]
10746,[1117,2238,2518,2906,4179,5069,6229,9270,9420],[1.0,1.0,1.0,1.0,1.0,1.0,1.0,1.0,1.0]
10746,[389,727,902,1682,3192,5544,5991,6753,9972],[1.0,1.0,1.0,1.0,1.0,1.0,1.0,1.0,1.0]
10746,[241,1304,1934,2186,3125,4017,6398,6702,8416,8510],[1.0,1.0,1.0,1.0,1.0,1.0,1.0,1.0,1.0,1.0]
10746,[50,73,1538,2186,6939,9727,10128],[1.0,1.0,1.0,1.0,1.0,1.0,1.0]
10746,[50,342,473,1975,4017,7390,7857,8630,8729],[1.0,1.0,1.0,1.0,1.0,1.0,1.0,1.0,1.0]
10746,[26,446,1933,2530,4930,6617,10381,10714],[1.0,1.0,1.0,1.0,1.0,1.0,1.0,1.0]
10746,[1284,2261,4191,7202,8497,9491,10421],[1.0,1.0,1.0,1.0,1.0,1.0,1.0]
10746,[1170,1293],[1.0,1.0]
