10746,[463,4440,4534,4750,6753,7813,10187,10445],[1.0,1.0,1.0,1.0,1.0,1.0,1.0,1.0]
10746,[213,1652,2661,3669,4681,4778,7074,9972,10360],[1.0,1.0,1.0,1.0,1.0,1.0,1.0,1.0,1.0]
10746,[1175,1193,1317,2518,2953,3422,10152,10187,10463],[1.0,1.0,1.0,1.0,1.0,1.0,1.0,1.0,1.0]
10746,[463,936,1317,1903,2596,3835,6549,9130,10658],[1.0,1.0,1.0,1.0,1.0,1.0,1.0,1.0,1.0]
10746,[1302,3198,3892,5580,5820,6564],[1.0,1.0,1.0,1.0,1.0,1.0]
10746,[1903,2618,4868,7495,9214,9364,9632,10082],[1.0,1.0,1.0,1.0,1.0,1.0,1.0,1.0]
10746,[567,1099,1706,2596,2618,6042,7223,7574,9049,9262],[1.0,1.0,1.0,1.0,1.0,1.0,1.0,1.0,1.0,1.0]
10746,[1302,1903,3741,6347,7649,8595,9049],[1.0,1.0,1.0,1.0,1.0,1.0,1.0]
10746,[3661,4534,5580,6347,7502,9324,9364,10401],[1.0,1.0,1.0,1.0,1.0,1.0,1.0,1.0]
10746,[769,2596,3590,4102,5128,6457,8684],[1.0,1.0,1.0,1.0,1.0,1.0,1.0]
10746,[198,1098,4332,4707,6457,9972],[1.0,1.0,1.0,1.0,1.0,1.0]
10746,[1099,1706,2493,4766,5031,9524],[1.0,1.0,1.0,1.0,1.0,1.0]
10746,[902,2407,4344,6047,8729,9247,9407,9524,10103],[1.0,1.0,1.0,1.0,1.0,1.0,1.0,1.0,1.0]
10746,[251,1093,3321,3651,4287,4947,5142,9270,10068],[1.0,1.0,1.0,1.0,1.0,1.0,1.0,1.0,1.0]
10746,[14,1406,1903,4514,6357,6395,7653],[1.0,1.0,1.0,1.0,1.0,1.0,1.0]
10746,[3890,4534,4787,5604,6442,8416,9564,9611,10419],[1.0,1.0,1.0,1.0,1.0,1.0,1.0,1.0,1.0]
10746,[4934,6098,6985,9273],[1.0,1.0,1.0,1.0]
