10746,[242,548,1310,3006,3474,4440,5355,9025,9491],[1.0,1.0,1.0,1.0,1.0,1.0,1.0,1.0,1.0]
10746,[209,2518,2827,4778,7776,7800,9491,9945,10152,10360],[1.0,1.0,1.0,1.0,1.0,1.0,1.0,1.0,1.0,1.0]
10746,[213,1114,2651,3474,5581,7478,9582,9693],[1.0,1.0,1.0,1.0,1.0,1.0,1.0,1.0]
10746,[548,2233,3096,5187,7800,9491,10463],[1.0,1.0,1.0,1.0,1.0,1.0,1.0]
10746,[548,936,7800,9491,9582,9920,10463],[1.0,1.0,1.0,1.0,1.0,1.0,1.0]
10746,[567,902,936,2919,5485,8810,9582,10381],[1.0,1.0,1.0,1.0,1.0,1.0,1.0,1.0]
10746,[74,1953,4611,5402,7081,7305,9851,10139],[1.0,1.0,1.0,1.0,1.0,1.0,1.0,1.0]
10746,[1255,3758,6395,6647,7926,9536,9762,10621],[1.0,1.0,1.0,1.0,1.0,1.0,1.0,1.0]
10746,[3145,3890,4100,6379,7334,7824,8729,9611,10627],[1.0,1.0,1.0,1.0,1.0,1.0,1.0,1.0,1.0]
10746,[501,1535,1783,4837,5260,5345,7746,8736,9025,10556],[1.0,1.0,1.0,1.0,1.0,1.0,1.0,1.0,1.0,1.0]
10746,[2316,3268,3592,7844,9733,9973,10068],[1.0,1.0,1.0,1.0,1.0,1.0,1.0]
10746,[1359,1700,3586,7379,8075,9270,10617],[1.0,1.0,1.0,1.0,1.0,1.0,1.0]
10746,[356,2455,2576,6172,6229,6500,9724,10391,10419],[1.0,1.0,1.0,1.0,1.0,1.0,1.0,1.0,1.0]
10746,[1700,2344,2425,2472,5698,5763,10586],[1.0,1.0,1.0,1.0,1.0,1.0,1.0]
10746,[252,1255,1615,3018,4961,5793],[1.0,1.0,1.0,1.0,1.0,1.0]
10746,[902,1783,3011,4525,7305,8276,9420,10573],[1.0,1.0,1.0,1.0,1.0,1.0,1.0,1.0]
10746,[2627,3545,7669,7671,8145,8278,9270,9379,9534],[1.0,1.0,1.0,1.0,1.0,1.0,1.0,1.0,1.0]
10746,[2335,3676,5580,6172,6229,10082,10391],[1.0,1.0,1.0,1.0,1.0,1.0,1.0]
10746,[252,1706,1993,2720,5213,6042,7843,8917,9270],[1.0,1.0,1.0,1.0,1.0,1.0,1.0,1.0,1.0]
10746,[447,1255,4268,7784,9400],[1.0,1.0,1.0,1.0,1.0]
10746,[11,1783,4405,6299,6341,7305,8415,8700,9671],[1.0,1.0,1.0,1.0,1.0,1.0,1.0,1.0,1.0]
10746,[245,1700,1951,2708,3545,6172,6341,9758],[1.0,1.0,1.0,1.0,1.0,1.0,1.0,1.0]
10746,[252,1706,2799,3950,4191,4603,6341],[1.0,1.0,1.0,1.0,1.0,1.0,1.0]
10746,[252,1706,2335,2720,5213,6229,6335],[1.0,1.0,1.0,1.0,1.0,1.0,1.0]
10746,[1706,2335,2627,5580,6002,6603,7105,9582,10222],[1.0,1.0,1.0,1.0,1.0,1.0,1.0,1.0,1.0]
10746,[372,902,1700,2919,4405,6047,7649,10068],[1.0,1.0,1.0,1.0,1.0,1.0,1.0,1.0]
10746,[1134,2014,2335,3592,4534,5580,6536,8162],[1.0,1.0,1.0,1.0,1.0,1.0,1.0,1.0]
10746,[838,2455,3018,4405,5181,6673,9172,9270],[1.0,1.0,1.0,1.0,1.0,1.0,1.0,1.0]
10746,[252,4405,5639,6341,7502,7966,8582,9270,9724],[1.0,1.0,1.0,1.0,1.0,1.0,1.0,1.0,1.0]
10746,[1237,4191,5592,7502],[1.0,1.0,1.0,1.0]
