10746,[2036,3093,3824,4440,4561,6220,7488,10360],[1.0,1.0,1.0,1.0,1.0,1.0,1.0,1.0]
10746,[213,813,1344,4329,4778,4895,6968,7356,7547],[1.0,1.0,1.0,1.0,1.0,1.0,1.0,1.0,1.0]
10746,[208,2518,3006,3093,4299,6153,6220,9491,10152],[1.0,1.0,1.0,1.0,1.0,1.0,1.0,1.0,1.0]
10746,[15,121,578,2651,3824,4299,4561,6385,6646],[1.0,1.0,1.0,1.0,1.0,1.0,1.0,1.0,1.0]
10746,[365,501,2774,3064,6818,7213,8041,9005],[1.0,1.0,1.0,1.0,1.0,1.0,1.0,1.0]
10746,[13,902,1071,1237,1706,2455,3662,5142,6229,10419],[1.0,1.0,1.0,1.0,1.0,1.0,1.0,1.0,1.0,1.0]
10746,[772,1237,3148,3426,4191,4525,4807,5628,7610],[1.0,1.0,1.0,1.0,1.0,1.0,1.0,1.0,1.0]
10746,[869,2901,3741,4191,5539,5661,8476,8635,9632],[1.0,1.0,1.0,1.0,1.0,1.0,1.0,1.0,1.0]
10746,[1299,2980,2995,4649,6335,9555,10068,10139,10438],[1.0,1.0,1.0,1.0,1.0,1.0,1.0,1.0,1.0]
10746,[896,975,2524,2916,4191,6132,6394,7006,8064,9687],[1.0,1.0,1.0,1.0,1.0,1.0,1.0,1.0,1.0,1.0]
10746,[766,3216,4954,5991,6680,7097,9460,9632],[1.0,1.0,1.0,1.0,1.0,1.0,1.0,1.0]
10746,[2494,8280,8483,9290,9298,9377,10139,10433],[1.0,1.0,1.0,1.0,1.0,1.0,1.0,1.0]
10746,[3144,3834,5163,6859,7506,9851,10438,10745],[1.0,1.0,1.0,1.0,1.0,1.0,1.0,1.0]
10746,[1149,1191,5723,6335,6819,10068,10621,10745],[1.0,1.0,1.0,1.0,1.0,1.0,1.0,1.0]
10746,[1324,3426,4671,5599,6991,7847,7945,9632,10088],[1.0,1.0,1.0,1.0,1.0,1.0,1.0,1.0,1.0]
10746,[1529,3950,4145,7577,9460,9607,9632,10433,10633],[1.0,1.0,1.0,1.0,1.0,1.0,1.0,1.0,1.0]
10746,[2916,4048,6130,8169,8836,9632,10627],[1.0,1.0,1.0,1.0,1.0,1.0,1.0]
10746,[2211,2418,2455,3523,3546,4576,5592,6185],[1.0,1.0,1.0,1.0,1.0,1.0,1.0,1.0]
10746,[1350,2211,4405,7593,9056,9290,9621,9632,10024],[1.0,1.0,1.0,1.0,1.0,1.0,1.0,1.0,1.0]
10746,[902,1299,1534,3442,3835,5628,7975,8595,9632],[1.0,1.0,1.0,1.0,1.0,1.0,1.0,1.0,1.0]
10746,[1350,3549,4405,7898,8040,9273,9621,10621],[1.0,1.0,1.0,1.0,1.0,1.0,1.0,1.0]
10746,[126,1976,3545,3912,6080,8041,9281,10401],[1.0,1.0,1.0,1.0,1.0,1.0,1.0,1.0]
10746,[2472,4217,4534,6626,7502,8398,8582,8925,10536],[1.0,1.0,1.0,1.0,1.0,1.0,1.0,1.0,1.0]
10746,[3192,3545,4515,6606,7224,7843,9465],[1.0,1.0,1.0,1.0,1.0,1.0,1.0]
10746,[499,902,2366,4191,6819,7839,9625],[1.0,1.0,1.0,1.0,1.0,1.0,1.0]
10746,[2126,4191,4217,4373,4534,6580,7033,10398],[1.0,1.0,1.0,1.0,1.0,1.0,1.0,1.0]
10746,[1639,1727,2126,3732,4366,5127,5214,5215],[1.0,1.0,1.0,1.0,1.0,1.0,1.0,1.0]
10746,[843,2492,5207,5860,6395,7917,9270,10303],[1.0,1.0,1.0,1.0,1.0,1.0,1.0,1.0]
10746,[837,1411,4479,7325,8476,9270,10565],[1.0,1.0,1.0,1.0,1.0,1.0,1.0]
10746,[884,1817,3530,4191,4534,5911,10536,10670],[1.0,1.0,1.0,1.0,1.0,1.0,1.0,1.0]
10746,[884,1005,1275,5911,6080,6985,7419,9404,10494,10536],[1.0,1.0,1.0,1.0,1.0,1.0,1.0,1.0,1.0,1.0]
10746,[204,813,1344,4895,5293,5982,6968,7488,7547],[1.0,1.0,1.0,1.0,1.0,1.0,1.0,1.0,1.0]
10746,[4534,4549,5564,6335,9298,10621,10670,10734],[1.0,1.0,1.0,1.0,1.0,1.0,1.0,1.0]
10746,[35,2708],[1.0,1.0]
