10746,[242,1237,2013,4440,5201,8635,8751,8779,9491],[1.0,1.0,1.0,1.0,1.0,1.0,1.0,1.0,1.0]
10746,[213,1456,1714,2632,3112,6557,7416,10360,10463],[1.0,1.0,1.0,1.0,1.0,1.0,1.0,1.0,1.0]
10746,[936,2632,5279,8042,9113,9763,10325,10463],[1.0,1.0,1.0,1.0,1.0,1.0,1.0,1.0]
10746,[936,2200,3277,5090,5845,9491,9996],[1.0,1.0,1.0,1.0,1.0,1.0,1.0]
10746,[55,463,758,1099,2074,2916,4191,6872,8509],[1.0,1.0,1.0,1.0,1.0,1.0,1.0,1.0,1.0]
10746,[58,1275,3651,3741,5328,7084,7516,7518],[1.0,1.0,1.0,1.0,1.0,1.0,1.0,1.0]
10746,[822,2162,2237,2916,5109,6167,6584,8497,10350],[1.0,1.0,1.0,1.0,1.0,1.0,1.0,1.0,1.0]
10746,[463,822,860,1099,3426,3515,7079,10617],[1.0,1.0,1.0,1.0,1.0,1.0,1.0,1.0]
10746,[2493,2916,3543,6193,6229,7516,8554,8574,10694],[1.0,1.0,1.0,1.0,1.0,1.0,1.0,1.0,1.0]
10746,[55,2074,2916,3651,6494,8931,10419,10671],[1.0,1.0,1.0,1.0,1.0,1.0,1.0,1.0]
10746,[2366,3433,3532,6193,7317,9325,9604],[1.0,1.0,1.0,1.0,1.0,1.0,1.0]
10746,[1099,1791,2089,2366,2493,3433,3950,4217],[1.0,1.0,1.0,1.0,1.0,1.0,1.0,1.0]
10746,[1700,3741,4217,7654,9049,9815,10068,10222],[1.0,1.0,1.0,1.0,1.0,1.0,1.0,1.0]
10746,[4349,6341,7105,7649,8475,8911,8965],[1.0,1.0,1.0,1.0,1.0,1.0,1.0]
10746,[822,2618,3818,3965,7423,9767],[1.0,1.0,1.0,1.0,1.0,1.0]
10746,[245,1365,2239,2618,3192,3808,4223,6395],[1.0,1.0,1.0,1.0,1.0,1.0,1.0,1.0]
10746,[902,4146,4611,6169,6872,7010,8421,8475,10139],[1.0,1.0,1.0,1.0,1.0,1.0,1.0,1.0,1.0]
10746,[1238,2916,7390,9167,9420,9816,10222],[1.0,1.0,1.0,1.0,1.0,1.0,1.0]
10746,[1534,2799,3249,3545,3669,4393,4801,9831],[1.0,1.0,1.0,1.0,1.0,1.0,1.0,1.0]
10746,[822,2425,3249,4217,5210,6872,7107,8537],[1.0,1.0,1.0,1.0,1.0,1.0,1.0,1.0]
10746,[884,1255,5949,6597,7506,8919,9912,10082,10320],[1.0,1.0,1.0,1.0,1.0,1.0,1.0,1.0,1.0]
10746,[122,1099,3993,4420,5146,6335],[1.0,1.0,1.0,1.0,1.0,1.0]
10746,[172,1706,2596,4576,5639,8114,8610,10617],[1.0,1.0,1.0,1.0,1.0,1.0,1.0,1.0]
10746,[4374,6035,8406,8554,8941,9989,10694],[1.0,1.0,1.0,1.0,1.0,1.0,1.0]
10746,[2013,2266,5201,6557,8751,8779,9290,9491,9851],[1.0,1.0,1.0,1.0,1.0,1.0,1.0,1.0,1.0]
10746,[4996,5809,6754,7114,7379,8116,9663,9851],[1.0,1.0,1.0,1.0,1.0,1.0,1.0,1.0]
10746,[365,10692],[1.0,1.0]
