10746,[242,1237,2337,3006,3474,4440,5355,9491],[1.0,1.0,1.0,1.0,1.0,1.0,1.0,1.0]
10746,[209,1818,2518,2827,4778,6862,9945,10152,10360],[1.0,1.0,1.0,1.0,1.0,1.0,1.0,1.0,1.0]
10746,[213,2155,2651,2905,3474,5581,6862,7776,9693],[1.0,1.0,1.0,1.0,1.0,1.0,1.0,1.0,1.0]
10746,[688,1818,5016,5336,9491,9905,10463],[1.0,1.0,1.0,1.0,1.0,1.0,1.0]
10746,[581,936,2781,4217,4387,6530,9298,9460,10139],[1.0,1.0,1.0,1.0,1.0,1.0,1.0,1.0,1.0]
10746,[902,1706,2455,3514,4649,7381,8690,9748,10621],[1.0,1.0,1.0,1.0,1.0,1.0,1.0,1.0,1.0]
10746,[3318,3447,4191,4710,5592,5641,5820,10419],[1.0,1.0,1.0,1.0,1.0,1.0,1.0,1.0]
10746,[447,838,1255,5311,5662,5886,7944,9748,10536],[1.0,1.0,1.0,1.0,1.0,1.0,1.0,1.0,1.0]
10746,[1237,1517,1706,2335,2788,4669,9632],[1.0,1.0,1.0,1.0,1.0,1.0,1.0]
10746,[252,2291,4405,4525,4603,6515,8040,8690,10185],[1.0,1.0,1.0,1.0,1.0,1.0,1.0,1.0,1.0]
10746,[1195,2916,3835,4416,7944,7996,10617],[1.0,1.0,1.0,1.0,1.0,1.0,1.0]
10746,[209,372,1542,4080,5784,9596,9851,10680],[1.0,1.0,1.0,1.0,1.0,1.0,1.0,1.0]
10746,[556,838,1237,2455,5328,5639,6229,7868,10419],[1.0,1.0,1.0,1.0,1.0,1.0,1.0,1.0,1.0]
10746,[463,3768,4230,5820,6229,6789,8280,9851,10093],[1.0,1.0,1.0,1.0,1.0,1.0,1.0,1.0,1.0]
10746,[679,844,956,2530,5181,9298,9882,10093],[1.0,1.0,1.0,1.0,1.0,1.0,1.0,1.0]
10746,[2689,4191,5911,6093,7944,7996,8582,8977],[1.0,1.0,1.0,1.0,1.0,1.0,1.0,1.0]
10746,[3741,3819,5946,7654,9531,10536],[1.0,1.0,1.0,1.0,1.0,1.0]
