10746,[548,2588,4440,4534,7800,9491,9582,10044],[1.0,1.0,1.0,1.0,1.0,1.0,1.0,1.0]
10746,[39,548,1317,1932,6753,7800,9491,9582,10360],[1.0,1.0,1.0,1.0,1.0,1.0,1.0,1.0,1.0]
10746,[213,539,3277,3436,5030,5279,5726,7800,9113,10463],[1.0,1.0,1.0,1.0,1.0,1.0,1.0,1.0,1.0,1.0]
10746,[936,2200,3277,5090,5845,9491,9996,10463],[1.0,1.0,1.0,1.0,1.0,1.0,1.0,1.0]
10746,[851,936,1586,3277,4590,5279,9113,9697,10463],[1.0,1.0,1.0,1.0,1.0,1.0,1.0,1.0,1.0]
10746,[936,1364,2200,3277,5090,5845,9491,9996],[1.0,1.0,1.0,1.0,1.0,1.0,1.0,1.0]
10746,[14,902,4217,5845,6382,9290,9632,10325,10621],[1.0,1.0,1.0,1.0,1.0,1.0,1.0,1.0,1.0]
10746,[608,2588,4066,7363,8917,9270,9298,9430],[1.0,1.0,1.0,1.0,1.0,1.0,1.0,1.0]
10746,[2300,4772,6886,7117,7733,8041,9298,10325],[1.0,1.0,1.0,1.0,1.0,1.0,1.0,1.0]
10746,[391,2993,3181,3442,7182,9702],[1.0,1.0,1.0,1.0,1.0,1.0]
10746,[470,1097,3442,5601,5644,7382,9087,9851,10528],[1.0,1.0,1.0,1.0,1.0,1.0,1.0,1.0,1.0]
10746,[3547,5351,5644,6901,7382,9632,10528],[1.0,1.0,1.0,1.0,1.0,1.0,1.0]
10746,[391,4217,4251,7325,8114,9632,10528],[1.0,1.0,1.0,1.0,1.0,1.0,1.0]
10746,[190,3415,4246,4939,7530,8450,8582,10445],[1.0,1.0,1.0,1.0,1.0,1.0,1.0,1.0]
10746,[1622,2618,3734,4217,4914,5983,6057,8073],[1.0,1.0,1.0,1.0,1.0,1.0,1.0,1.0]
10746,[1222,2193,2481,4191,4405,7182,7218,10621],[1.0,1.0,1.0,1.0,1.0,1.0,1.0,1.0]
10746,[544,2079,2916,4842,5028,7094,7345,9465,10042],[1.0,1.0,1.0,1.0,1.0,1.0,1.0,1.0,1.0]
10746,[2430,3257,5218,7218,7382,8114,8155,9102,9831,10528],[1.0,1.0,1.0,1.0,1.0,1.0,1.0,1.0,1.0,1.0]
10746,[372,4251,5351,7325,7334,8041,9851],[1.0,1.0,1.0,1.0,1.0,1.0,1.0]
10746,[2079,3624,4251,6341,7325,10433,10607],[1.0,1.0,1.0,1.0,1.0,1.0,1.0]
10746,[3089,4217,4494,8114,8642,9298,10433],[1.0,1.0,1.0,1.0,1.0,1.0,1.0]
10746,[1364,3426,5420,6229,6383,6582,7382,8917,10528],[1.0,1.0,1.0,1.0,1.0,1.0,1.0,1.0,1.0]
10746,[1255,6167,6172,8159,9776,10508,10602],[1.0,1.0,1.0,1.0,1.0,1.0,1.0]
10746,[544,1054,1673,4191,4494,5845,6168,9328],[1.0,1.0,1.0,1.0,1.0,1.0,1.0,1.0]
10746,[112,2114,3592,5351,6018,7382,8630,10433],[1.0,1.0,1.0,1.0,1.0,1.0,1.0,1.0]
10746,[896,1255,2123,2627,3426,4757,6886,7032,8365,9407],[1.0,1.0,1.0,1.0,1.0,1.0,1.0,1.0,1.0,1.0]
10746,[273,4378,4486,6582,7382,7506,8630,9289,10528],[1.0,1.0,1.0,1.0,1.0,1.0,1.0,1.0,1.0]
10746,[342,2339,4246,7857,7923,8169,9270,10015,10115],[1.0,1.0,1.0,1.0,1.0,1.0,1.0,1.0,1.0]
10746,[2518,2639,6518,8729,9598,10323],[1.0,1.0,1.0,1.0,1.0,1.0]
10746,[548,929,1275,1733,4589,7800,8177,9491,9582],[1.0,1.0,1.0,1.0,1.0,1.0,1.0,1.0,1.0]
