10746,[2200,2531,3277,4440,5090,5845,9491,9996],[1.0,1.0,1.0,1.0,1.0,1.0,1.0,1.0]
10746,[213,2200,2518,3277,4778,4809,5820,7937,10152,10360],[1.0,1.0,1.0,1.0,1.0,1.0,1.0,1.0,1.0,1.0]
10746,[39,3277,3844,5358,6753,9491,9996,10463],[1.0,1.0,1.0,1.0,1.0,1.0,1.0,1.0]
10746,[936,2200,3277,5090,6131,6753,9491,9996,10201],[1.0,1.0,1.0,1.0,1.0,1.0,1.0,1.0,1.0]
10746,[372,936,1948,3502,5090,5351,5592,5845,10082],[1.0,1.0,1.0,1.0,1.0,1.0,1.0,1.0,1.0]
10746,[902,4217,4632,5351,5592,8114,9290,9871,10082],[1.0,1.0,1.0,1.0,1.0,1.0,1.0,1.0,1.0]
10746,[2916,6492,7316,7379,8729,9528,10381],[1.0,1.0,1.0,1.0,1.0,1.0,1.0]
10746,[544,1055,2916,4114,7382,7826,9632,10203,10528],[1.0,1.0,1.0,1.0,1.0,1.0,1.0,1.0,1.0]
10746,[381,822,956,3075,5641,7182,9632,9841],[1.0,1.0,1.0,1.0,1.0,1.0,1.0,1.0]
10746,[2588,3603,4430,4671,5351,8698,9648,10082],[1.0,1.0,1.0,1.0,1.0,1.0,1.0,1.0]
10746,[372,1438,6335,7419,9292,9298,10139],[1.0,1.0,1.0,1.0,1.0,1.0,1.0]
10746,[561,871,5592,5692,7105,9851,10419],[1.0,1.0,1.0,1.0,1.0,1.0,1.0]
10746,[372,561,871,1626,6229,6341,6394],[1.0,1.0,1.0,1.0,1.0,1.0,1.0]
10746,[372,1255,4611,5592,6229,6335,10139],[1.0,1.0,1.0,1.0,1.0,1.0,1.0]
10746,[3718,5845,8263,8878,9851,10068,10621],[1.0,1.0,1.0,1.0,1.0,1.0,1.0]
