10746,[3280,4263,4440,6220,7019,9013,10267,10560],[1.0,1.0,1.0,1.0,1.0,1.0,1.0,1.0]
10746,[1316,1344,2651,3006,5868,7031,7478,9769,10360],[1.0,1.0,1.0,1.0,1.0,1.0,1.0,1.0,1.0]
10746,[213,936,1316,4263,5017,5918,7019,7031,8494],[1.0,1.0,1.0,1.0,1.0,1.0,1.0,1.0,1.0]
10746,[936,2455,3545,4084,4512,9030,9420,10111],[1.0,1.0,1.0,1.0,1.0,1.0,1.0,1.0]
10746,[1275,1916,2901,5564,6335,8595,10621],[1.0,1.0,1.0,1.0,1.0,1.0,1.0]
10746,[747,2139,3532,3669,3850,8729,9595],[1.0,1.0,1.0,1.0,1.0,1.0,1.0]
10746,[282,878,3257,6229,8161,8475,8582,9090],[1.0,1.0,1.0,1.0,1.0,1.0,1.0,1.0]
10746,[2029,2140,2582,2799,2957,5096,5181,9030,9632],[1.0,1.0,1.0,1.0,1.0,1.0,1.0,1.0,1.0]
10746,[878,2493,2916,8475,9632],[1.0,1.0,1.0,1.0,1.0]
10746,[567,696,3426,4268,5946,6172,7223],[1.0,1.0,1.0,1.0,1.0,1.0,1.0]
10746,[1791,3715,4332,5537,8114,8610,8673,9030,9070],[1.0,1.0,1.0,1.0,1.0,1.0,1.0,1.0,1.0]
10746,[51,747,2185,3515,7877,9632],[1.0,1.0,1.0,1.0,1.0,1.0]
10746,[1637,1673,4268,5003,5988,7502],[1.0,1.0,1.0,1.0,1.0,1.0]
10746,[549,2957,3332,4888,6167,9270,10621],[1.0,1.0,1.0,1.0,1.0,1.0,1.0]
10746,[975,1036,4891,5918,9270,9831,10122],[1.0,1.0,1.0,1.0,1.0,1.0,1.0]
10746,[2799,3314,5067,8917,9851],[1.0,1.0,1.0,1.0,1.0]
10746,[378,578,758,2493,2916,4263,5552,6810,7518],[1.0,1.0,1.0,1.0,1.0,1.0,1.0,1.0,1.0]
