10746,[838,1284,3370,4440,7998,8083,8614,9433],[1.0,1.0,1.0,1.0,1.0,1.0,1.0,1.0]
10746,[1284,3006,3370,4686,6212,7998,8083,9433,9632],[1.0,1.0,1.0,1.0,1.0,1.0,1.0,1.0,1.0]
10746,[213,2272,2876,7101,10463],[1.0,1.0,1.0,1.0,1.0]
10746,[121,936,1005,1665,2493,4534,5564,6002,7381],[1.0,1.0,1.0,1.0,1.0,1.0,1.0,1.0,1.0]
10746,[1665,2493,2916,4028,4534,5628,6309,8041,10536],[1.0,1.0,1.0,1.0,1.0,1.0,1.0,1.0,1.0]
10746,[838,1697,3340,4947,6409,8924,10716],[1.0,1.0,1.0,1.0,1.0,1.0,1.0]
10746,[838,4534,5146,5628,8041,8497,8836,9262],[1.0,1.0,1.0,1.0,1.0,1.0,1.0,1.0]
10746,[682,838,2493,4405,4611,5628],[1.0,1.0,1.0,1.0,1.0,1.0]
10746,[463,1992,1996,2493,5465,8280,9254,9575],[1.0,1.0,1.0,1.0,1.0,1.0,1.0,1.0]
10746,[2455,2493,4611,5465,5628,6047,8793,10419],[1.0,1.0,1.0,1.0,1.0,1.0,1.0,1.0]
10746,[1706,3340,5564,9460,9528,10132],[1.0,1.0,1.0,1.0,1.0,1.0]
10746,[463,2196,3216,5728,7070,8595,9528],[1.0,1.0,1.0,1.0,1.0,1.0,1.0]
10746,[121,1005,1665,1716,2425,2602,3545,4534,8595],[1.0,1.0,1.0,1.0,1.0,1.0,1.0,1.0,1.0]
10746,[956,6273,6335,8558,8595,8630,8680,9298,9528],[1.0,1.0,1.0,1.0,1.0,1.0,1.0,1.0,1.0]
10746,[838,1255,2368,4118,4395,6519,8236,9350],[1.0,1.0,1.0,1.0,1.0,1.0,1.0,1.0]
10746,[3327,4640,4801,6810,6869,10167],[1.0,1.0,1.0,1.0,1.0,1.0]
10746,[2182,5134,5628,5885,7502,9973],[1.0,1.0,1.0,1.0,1.0,1.0]
10746,[1785,1979,5593,6485,8162,8729,9611],[1.0,1.0,1.0,1.0,1.0,1.0,1.0]
10746,[404,1231,1910,2530,2551,4191],[1.0,1.0,1.0,1.0,1.0,1.0]
10746,[3211,3661,3944,4934,6307,7977,8162,10367,10621],[1.0,1.0,1.0,1.0,1.0,1.0,1.0,1.0,1.0]
10746,[4888,5397,7033,7552,8584,8836],[1.0,1.0,1.0,1.0,1.0,1.0]
10746,[1255,2123,3509,4149,6047,8584,8595,9289,10222],[1.0,1.0,1.0,1.0,1.0,1.0,1.0,1.0,1.0]
10746,[1284,7998],[1.0,1.0]
