10746,[394,2834,4237,4440,5710,5731,9491,10360],[1.0,1.0,1.0,1.0,1.0,1.0,1.0,1.0]
10746,[213,241,2518,4778,4895,5731,6133,9491,10152,10463],[1.0,1.0,1.0,1.0,1.0,1.0,1.0,1.0,1.0,1.0]
10746,[90,3016,6957,9000,10187,10463],[1.0,1.0,1.0,1.0,1.0,1.0]
10746,[936,1478,2493,3741,4750,6753,10187],[1.0,1.0,1.0,1.0,1.0,1.0,1.0]
10746,[245,417,3741,5710,6341,6603,7240,9211],[1.0,1.0,1.0,1.0,1.0,1.0,1.0,1.0]
10746,[121,902,956,2123,2530,4888,5142,5717,8558,10531],[1.0,1.0,1.0,1.0,1.0,1.0,1.0,1.0,1.0,1.0]
10746,[2493,5181,5407,6229,9273,10203,10222],[1.0,1.0,1.0,1.0,1.0,1.0,1.0]
10746,[2131,2325,2916,3318,4526,5759,7050,7272,8068,9956],[1.0,1.0,1.0,1.0,1.0,1.0,1.0,1.0,1.0,1.0]
10746,[121,394,956,2834,3538,4336,5731,6819,9491,10536],[1.0,1.0,1.0,1.0,1.0,1.0,1.0,1.0,1.0,1.0]
10746,[1535,3890,5731,7857,7972,8622,8727,9273],[1.0,1.0,1.0,1.0,1.0,1.0,1.0,1.0]
10746,[811,2596,2916,4534,8673,10629],[1.0,1.0,1.0,1.0,1.0,1.0]
