10746,[1965,2493,2916,4440,4695,8104],[1.0,1.0,1.0,1.0,1.0,1.0]
10746,[213,5808,6167,6290,7409,9135,9851,10360,10463],[1.0,1.0,1.0,1.0,1.0,1.0,1.0,1.0,1.0]
10746,[209,936,989,1478,4981,9270,9491],[1.0,1.0,1.0,1.0,1.0,1.0,1.0]
10746,[753,1535,2518,5895,7266,8068,8701,10733],[1.0,1.0,1.0,1.0,1.0,1.0,1.0,1.0]
10746,[3191,4205,4440,4649,8042,8904,9355,9632,10325],[1.0,1.0,1.0,1.0,1.0,1.0,1.0,1.0,1.0]
10746,[3089,5181,6446,9270,9595,9632,10463],[1.0,1.0,1.0,1.0,1.0,1.0,1.0]
10746,[769,1028,4405,5661,6035,9558,10445],[1.0,1.0,1.0,1.0,1.0,1.0,1.0]
10746,[1233,2518,3433,4292,4332,8068,8196,10263],[1.0,1.0,1.0,1.0,1.0,1.0,1.0,1.0]
10746,[1028,2518,3110,3997,4603,6938,7366,10082],[1.0,1.0,1.0,1.0,1.0,1.0,1.0,1.0]
10746,[105,4409,5947,8592,8903,10687],[1.0,1.0,1.0,1.0,1.0,1.0]
10746,[878,4937,5523,5862,6349,7287,8815],[1.0,1.0,1.0,1.0,1.0,1.0,1.0]
10746,[189,978,4137,4544,4595,6725,10413,10421],[1.0,1.0,1.0,1.0,1.0,1.0,1.0,1.0]
10746,[1284,1585,3295,4864,6634,7722,9491,10421],[1.0,1.0,1.0,1.0,1.0,1.0,1.0,1.0]
10746,[2247,3295,3464,3582,7262,8120,9406],[1.0,1.0,1.0,1.0,1.0,1.0,1.0]
10746,[661,1965,3144,3442,4534,9111,9273,10222,10609],[1.0,1.0,1.0,1.0,1.0,1.0,1.0,1.0,1.0]
10746,[205,2587,6114,6229,7962,8306,8903,9111,9789],[1.0,1.0,1.0,1.0,1.0,1.0,1.0,1.0,1.0]
10746,[60,1284,2518,2530,5661,6385,8411,9632,9935],[1.0,1.0,1.0,1.0,1.0,1.0,1.0,1.0,1.0]
10746,[1900,2206,4027,6341,7646,8073,8511,9273],[1.0,1.0,1.0,1.0,1.0,1.0,1.0,1.0]
10746,[126,1054,1275,2618,4442,9270,9424,9611,9794],[1.0,1.0,1.0,1.0,1.0,1.0,1.0,1.0,1.0]
10746,[1903,4090,5928,6341,6841,7923,8398,8584,9364,9611],[1.0,1.0,1.0,1.0,1.0,1.0,1.0,1.0,1.0,1.0]
10746,[561,2305,2493,4534,5592,6047,9379],[1.0,1.0,1.0,1.0,1.0,1.0,1.0]
