10746,[39,3844,4440,6131,6457,6753,10201],[1.0,1.0,1.0,1.0,1.0,1.0,1.0]
10746,[213,1237,4055,5017,7463,8635,9632,9865,9972,10360],[1.0,1.0,1.0,1.0,1.0,1.0,1.0,1.0,1.0,1.0]
10746,[2200,2518,3277,3844,4778,5090,5975,9996,10152],[1.0,1.0,1.0,1.0,1.0,1.0,1.0,1.0,1.0]
10746,[936,1094,4113,4688,5090,5845,9491,10621,10671],[1.0,1.0,1.0,1.0,1.0,1.0,1.0,1.0,1.0]
10746,[1155,2916,4374,5304,7877,9523,9972,10621],[1.0,1.0,1.0,1.0,1.0,1.0,1.0,1.0]
10746,[411,608,4374,4428,8041],[1.0,1.0,1.0,1.0,1.0]
10746,[172,463,747,2123,3862,4534,10621],[1.0,1.0,1.0,1.0,1.0,1.0,1.0]
10746,[411,1066,1411,4486,8041,9909,10539],[1.0,1.0,1.0,1.0,1.0,1.0,1.0]
10746,[3089,5641,6080,6819,8991,10621],[1.0,1.0,1.0,1.0,1.0,1.0]
10746,[1548,1706,2771,3192,4031,4534,6170],[1.0,1.0,1.0,1.0,1.0,1.0,1.0]
10746,[4031,4498,7890,7933,7993,8842,9298],[1.0,1.0,1.0,1.0,1.0,1.0,1.0]
10746,[556,4031,6277,6457,8114,9555,9841,9851,10139],[1.0,1.0,1.0,1.0,1.0,1.0,1.0,1.0,1.0]
10746,[411,822,896,1535,2123,3862,5978,8041,8486,10508],[1.0,1.0,1.0,1.0,1.0,1.0,1.0,1.0,1.0,1.0]
10746,[172,747,2623,2916,3390,4205,6580],[1.0,1.0,1.0,1.0,1.0,1.0,1.0]
10746,[1516,2492,4031,5544,5580,6167,7364,8842],[1.0,1.0,1.0,1.0,1.0,1.0,1.0,1.0]
10746,[411,736,6371,8041,9534,9632],[1.0,1.0,1.0,1.0,1.0,1.0]
10746,[1361,3528,4475,5641,8073,9270,9278],[1.0,1.0,1.0,1.0,1.0,1.0,1.0]
10746,[869,2627,3592,6690,7384,8633,9298],[1.0,1.0,1.0,1.0,1.0,1.0,1.0]
10746,[172,411,3390,5978,7204,7643,8041,10621],[1.0,1.0,1.0,1.0,1.0,1.0,1.0,1.0]
10746,[747,1155,1411,2623,2769,6053,6371,10280],[1.0,1.0,1.0,1.0,1.0,1.0,1.0,1.0]
10746,[4820,5737,6098,6341,6754,6819],[1.0,1.0,1.0,1.0,1.0,1.0]
10746,[411,3343,4520,5181,6270,7022,8005,8041,9972],[1.0,1.0,1.0,1.0,1.0,1.0,1.0,1.0,1.0]
10746,[1706,2074,4405,5320,8249,9523,10281],[1.0,1.0,1.0,1.0,1.0,1.0,1.0]
10746,[1411,3835,5320,6128,7122,7923,8630,8991,9270,10056],[1.0,1.0,1.0,1.0,1.0,1.0,1.0,1.0,1.0,1.0]
10746,[3224,4405,5181,9465,9632,9896,9972],[1.0,1.0,1.0,1.0,1.0,1.0,1.0]
10746,[172,411,747,2623,3390,3862,4534,8041],[1.0,1.0,1.0,1.0,1.0,1.0,1.0,1.0]
10746,[2627,3343,4405,5641,9632,9972,10582,10621],[1.0,1.0,1.0,1.0,1.0,1.0,1.0,1.0]
10746,[822,1099,1817,3442,4102,4784,5181,6457,7288,9910],[1.0,1.0,1.0,1.0,1.0,1.0,1.0,1.0,1.0,1.0]
10746,[3380,4921,6753,9972],[1.0,1.0,1.0,1.0]
