10746,[1513,3824,4440,4561,4953,7990,8773,10067],[1.0,1.0,1.0,1.0,1.0,1.0,1.0,1.0]
10746,[1513,2289,2518,3900,4778,10067,10152,10360],[1.0,1.0,1.0,1.0,1.0,1.0,1.0,1.0]
10746,[213,1129,2024,2202,4682,5357,7153,7339,8859,9491],[1.0,1.0,1.0,1.0,1.0,1.0,1.0,1.0,1.0,1.0]
10746,[242,2013,2651,5201,6557,7478,8751,8779,9000,9491],[1.0,1.0,1.0,1.0,1.0,1.0,1.0,1.0,1.0,1.0]
10746,[2036,3093,6220,7488,9290,10463],[1.0,1.0,1.0,1.0,1.0,1.0]
10746,[936,1149,1191,3144,5723,6819,10438,10745],[1.0,1.0,1.0,1.0,1.0,1.0,1.0,1.0]
10746,[1145,1149,6335,10068,10621,10745],[1.0,1.0,1.0,1.0,1.0,1.0]
10746,[372,1308,1588,3693,3741,4015,4896,8269,8642],[1.0,1.0,1.0,1.0,1.0,1.0,1.0,1.0,1.0]
10746,[365,1005,2123,2211,5556,9460,9560,10621],[1.0,1.0,1.0,1.0,1.0,1.0,1.0,1.0]
10746,[637,1275,4191,4202,4649,8347,10716],[1.0,1.0,1.0,1.0,1.0,1.0,1.0]
10746,[4953,5752,5899],[1.0,1.0,1.0]
