10746,[2200,3277,4440,5090,5845,6626,9491,9996],[1.0,1.0,1.0,1.0,1.0,1.0,1.0,1.0]
10746,[213,654,806,1310,2455,3277,4778,5820,7937,10360],[1.0,1.0,1.0,1.0,1.0,1.0,1.0,1.0,1.0,1.0]
10746,[2200,2518,3277,3501,5118,9491,9996,10152,10463],[1.0,1.0,1.0,1.0,1.0,1.0,1.0,1.0,1.0]
10746,[11,936,2965,3277,3501,5279,7829,8700,9113],[1.0,1.0,1.0,1.0,1.0,1.0,1.0,1.0,1.0]
10746,[936,2200,3277,5090,5845,9491,9996,10617],[1.0,1.0,1.0,1.0,1.0,1.0,1.0,1.0]
10746,[860,1910,5001,6335,6813,9643,9665,10068],[1.0,1.0,1.0,1.0,1.0,1.0,1.0,1.0]
10746,[758,2609,4171,6813,8114,8554],[1.0,1.0,1.0,1.0,1.0,1.0]
10746,[1299,1310,2812,8280,8917,9232],[1.0,1.0,1.0,1.0,1.0,1.0]
10746,[350,758,1255,6813,8394,9232,9632,9787,10433],[1.0,1.0,1.0,1.0,1.0,1.0,1.0,1.0,1.0]
10746,[654,2407,3945,5294,6342,9273,9632],[1.0,1.0,1.0,1.0,1.0,1.0,1.0]
10746,[650,1411,2596,3538,4016,5006,6229,7516],[1.0,1.0,1.0,1.0,1.0,1.0,1.0,1.0]
10746,[463,860,2518,6335,8114,8554,10068],[1.0,1.0,1.0,1.0,1.0,1.0,1.0]
10746,[3592,4158,4171,7649,9338,9903],[1.0,1.0,1.0,1.0,1.0,1.0]
10746,[1673,2114,3426,3515,3754,5067,8056,9147],[1.0,1.0,1.0,1.0,1.0,1.0,1.0,1.0]
10746,[2333,2518,6047,6335,6341,7502,7606,9851],[1.0,1.0,1.0,1.0,1.0,1.0,1.0,1.0]
10746,[1255,1310,2407,6342,8280,8586,8615,10222],[1.0,1.0,1.0,1.0,1.0,1.0,1.0,1.0]
10746,[654,5845],[1.0,1.0]
