10746,[11,3501,4440,5118,7506,7829,8700,9973],[1.0,1.0,1.0,1.0,1.0,1.0,1.0,1.0]
10746,[1310,1652,2493,3501,4961,9025,9632,10091,10360],[1.0,1.0,1.0,1.0,1.0,1.0,1.0,1.0,1.0]
10746,[213,936,1304,2417,3979,6385,7543],[1.0,1.0,1.0,1.0,1.0,1.0,1.0]
10746,[11,143,936,3501,5118,5985,7829,8700],[1.0,1.0,1.0,1.0,1.0,1.0,1.0,1.0]
10746,[55,1706,2123,3532,3545,6246,6295,8032],[1.0,1.0,1.0,1.0,1.0,1.0,1.0,1.0]
10746,[215,896,2182,3070,3698,4405,7359,7926,9534],[1.0,1.0,1.0,1.0,1.0,1.0,1.0,1.0,1.0]
10746,[3094,4557,4961,7187,7504,9762,10530,10617,10627],[1.0,1.0,1.0,1.0,1.0,1.0,1.0,1.0,1.0]
10746,[172,2493,4557,5642,7843,8221,10362,10595],[1.0,1.0,1.0,1.0,1.0,1.0,1.0,1.0]
10746,[11,806,3545,4332,4589,4611,4848,6229,10702],[1.0,1.0,1.0,1.0,1.0,1.0,1.0,1.0,1.0]
10746,[1548,3082,3097,3876,4991,6115,6246,6624,6937,9298],[1.0,1.0,1.0,1.0,1.0,1.0,1.0,1.0,1.0,1.0]
10746,[1073,2916,6585,7419,8615,9831,10056],[1.0,1.0,1.0,1.0,1.0,1.0,1.0]
10746,[491,902,1948,2182,2861,5003,5992,6937,9270,10424],[1.0,1.0,1.0,1.0,1.0,1.0,1.0,1.0,1.0,1.0]
10746,[458,1621,2114,3698,6500,6900,7843,9903,10082],[1.0,1.0,1.0,1.0,1.0,1.0,1.0,1.0,1.0]
10746,[1099,1255,1616,2596,4007,4332,7273,7504,10508],[1.0,1.0,1.0,1.0,1.0,1.0,1.0,1.0,1.0]
10746,[727,1766,3275,3698,3945,4405,5991,8810,10457],[1.0,1.0,1.0,1.0,1.0,1.0,1.0,1.0,1.0]
10746,[51,5885,6205,6500,9069,10149,10362],[1.0,1.0,1.0,1.0,1.0,1.0,1.0]
10746,[6280,6456,6881,6901,8070,9420,10716],[1.0,1.0,1.0,1.0,1.0,1.0,1.0]
10746,[126,1673,4121,6336,7019,10052,10159],[1.0,1.0,1.0,1.0,1.0,1.0,1.0]
10746,[2618,3088,3206,4683,5641,6280,7784,8070],[1.0,1.0,1.0,1.0,1.0,1.0,1.0,1.0]
10746,[51,4191,6167,6500,8186,10362,10557],[1.0,1.0,1.0,1.0,1.0,1.0,1.0]
10746,[40,806,1535,2493,2596,2618,4534,7757,9733,10139],[1.0,1.0,1.0,1.0,1.0,1.0,1.0,1.0,1.0,1.0]
10746,[51,1535,1965,3826,5651,7757,8582,9851],[1.0,1.0,1.0,1.0,1.0,1.0,1.0,1.0]
10746,[51,458,2182,3698,5181,6500,10362,10557],[1.0,1.0,1.0,1.0,1.0,1.0,1.0,1.0]
10746,[1535,2123,2576,2976,7757,9379,10362],[1.0,1.0,1.0,1.0,1.0,1.0,1.0]
10746,[1099,4611,6500,7503,7548,9534,9831,10362],[1.0,1.0,1.0,1.0,1.0,1.0,1.0,1.0]
10746,[1099,2191,3545,3711,6500,9237,9298,10362],[1.0,1.0,1.0,1.0,1.0,1.0,1.0,1.0]
10746,[51,1548,1965,2182,6295,6500,7621,10362],[1.0,1.0,1.0,1.0,1.0,1.0,1.0,1.0]
10746,[810,3455,3532,4217,4344,6167,6246,7390],[1.0,1.0,1.0,1.0,1.0,1.0,1.0,1.0]
10746,[458,2976,3698,4557,4611,6500,9379],[1.0,1.0,1.0,1.0,1.0,1.0,1.0]
10746,[3698,8372,9831,10362],[1.0,1.0,1.0,1.0]
10746,[966,3890,4344,4557,5880,5885,9262,9541,10206],[1.0,1.0,1.0,1.0,1.0,1.0,1.0,1.0,1.0]
10746,[458,2976,3698,4534,6952,9262,9379],[1.0,1.0,1.0,1.0,1.0,1.0,1.0]
10746,[458,806,966,3698,3890,4534,4557,8372],[1.0,1.0,1.0,1.0,1.0,1.0,1.0,1.0]
10746,[458,705,896,2976,3698,4393,7898,9008,9379],[1.0,1.0,1.0,1.0,1.0,1.0,1.0,1.0,1.0]
10746,[806,1965,2182,3545,4557,4611,6246,9595],[1.0,1.0,1.0,1.0,1.0,1.0,1.0,1.0]
10746,[51,902,2826,3850,6246,6500,9365,10362],[1.0,1.0,1.0,1.0,1.0,1.0,1.0,1.0]
10746,[956,3651,3876,5181,6500,7643,10362],[1.0,1.0,1.0,1.0,1.0,1.0,1.0]
10746,[126,337,365,2455,3586,7504,10139,10419],[1.0,1.0,1.0,1.0,1.0,1.0,1.0,1.0]
10746,[143,6456,7045,8070,9270,10159],[1.0,1.0,1.0,1.0,1.0,1.0]
10746,[769,2976,3592,4191,4534,6500,8582,9449],[1.0,1.0,1.0,1.0,1.0,1.0,1.0,1.0]
10746,[769,2916,2976,3755,5048,6341,7033,10362],[1.0,1.0,1.0,1.0,1.0,1.0,1.0,1.0]
10746,[331,956,1681,1726,5301,7504,9904],[1.0,1.0,1.0,1.0,1.0,1.0,1.0]
10746,[3340,3532,3741,3856,7926,8411,9270,9449,10621],[1.0,1.0,1.0,1.0,1.0,1.0,1.0,1.0,1.0]
10746,[458,4534,4557,5564,6500],[1.0,1.0,1.0,1.0,1.0]
10746,[3698,3755,4534,8080,8582,9851,10362],[1.0,1.0,1.0,1.0,1.0,1.0,1.0]
10746,[458,1160,1299,3545,3698,4557,5181,10716],[1.0,1.0,1.0,1.0,1.0,1.0,1.0,1.0]
10746,[1588,2888,3252,3741,4611,6074,6937,7926,10574,10627],[1.0,1.0,1.0,1.0,1.0,1.0,1.0,1.0,1.0,1.0]
10746,[501,588,1144,2656,4066,6937,10714],[1.0,1.0,1.0,1.0,1.0,1.0,1.0]
10746,[579,838,1535,4961,5546,6519,8105],[1.0,1.0,1.0,1.0,1.0,1.0,1.0]
10746,[1073,1817,4224,4754,5181,5713,10024,10222],[1.0,1.0,1.0,1.0,1.0,1.0,1.0,1.0]
10746,[74,838,902,1995,3251,5885,6080,6903,10024],[1.0,1.0,1.0,1.0,1.0,1.0,1.0,1.0,1.0]
10746,[902,1310,4944,8105,8898,9277],[1.0,1.0,1.0,1.0,1.0,1.0]
10746,[838,1310,2182,6938,7412,8105,9277,10734],[1.0,1.0,1.0,1.0,1.0,1.0,1.0,1.0]
10746,[1054,1310,1378,3733,7238,9337,9632,10433,10627],[1.0,1.0,1.0,1.0,1.0,1.0,1.0,1.0,1.0]
10746,[869,896,966,1310,1378,6135,6493,7423],[1.0,1.0,1.0,1.0,1.0,1.0,1.0,1.0]
10746,[893,1201,8073,8554,8558,8672,9690],[1.0,1.0,1.0,1.0,1.0,1.0,1.0]
10746,[1072,5363,7218,7975,8105,8898,10627],[1.0,1.0,1.0,1.0,1.0,1.0,1.0]
10746,[846,902,1965,4188,6381,8372,10206,10424,10627],[1.0,1.0,1.0,1.0,1.0,1.0,1.0,1.0,1.0]
10746,[1799,3800,4216,9420,9831],[1.0,1.0,1.0,1.0,1.0]
10746,[307,1706,4405,7379,8558,9270,10289,10716],[1.0,1.0,1.0,1.0,1.0,1.0,1.0,1.0]
10746,[838,4405,5428,7501,8114,8280,8842,9595,10362],[1.0,1.0,1.0,1.0,1.0,1.0,1.0,1.0,1.0]
10746,[838,1005,4954,5838,7205,8755,9270,10362],[1.0,1.0,1.0,1.0,1.0,1.0,1.0,1.0]
10746,[838,1673,4879,7501,7944,8159,10222,10536],[1.0,1.0,1.0,1.0,1.0,1.0,1.0,1.0]
10746,[121,838,4258,4489,6385,7205,7944,10536,10621],[1.0,1.0,1.0,1.0,1.0,1.0,1.0,1.0,1.0]
10746,[1613,2840,3528,6341,7079,8398,9298,9632],[1.0,1.0,1.0,1.0,1.0,1.0,1.0,1.0]
10746,[1324,4066,4145,4229,4611,5235,10409],[1.0,1.0,1.0,1.0,1.0,1.0,1.0]
10746,[501,956,1299,3141,4524,6334,8114,9851],[1.0,1.0,1.0,1.0,1.0,1.0,1.0,1.0]
10746,[51,3070,7388,7572,7926,8672,9040,9511,10627],[1.0,1.0,1.0,1.0,1.0,1.0,1.0,1.0,1.0]
10746,[956,2148,2530,5746,8558,9270,10627,10716],[1.0,1.0,1.0,1.0,1.0,1.0,1.0,1.0]
10746,[51,3509,3965,4405,6229,6295,8558,10327,10716],[1.0,1.0,1.0,1.0,1.0,1.0,1.0,1.0,1.0]
10746,[245,956,1670,3592,7826,9270,10419,10520],[1.0,1.0,1.0,1.0,1.0,1.0,1.0,1.0]
10746,[838,1073,2241,3741,4534,6500,9831,10362],[1.0,1.0,1.0,1.0,1.0,1.0,1.0,1.0]
10746,[356,3017,3783,4534,5440,7926,8729,9831],[1.0,1.0,1.0,1.0,1.0,1.0,1.0,1.0]
10746,[463,501,902,3075,7889,8351,9438,10627],[1.0,1.0,1.0,1.0,1.0,1.0,1.0,1.0]
10746,[2465,2493,5229,5946,6877,7238,9632,10433],[1.0,1.0,1.0,1.0,1.0,1.0,1.0,1.0]
10746,[1310,2916,3783,5173,6135,6176,8114,8582,9632,10042],[1.0,1.0,1.0,1.0,1.0,1.0,1.0,1.0,1.0,1.0]
10746,[838,1499,5110,5988,6172,7063,9328,9502],[1.0,1.0,1.0,1.0,1.0,1.0,1.0,1.0]
10746,[1255,2185,5994,6956,8904,9337,10433],[1.0,1.0,1.0,1.0,1.0,1.0,1.0]
10746,[589,3545,6517,9110,9337,9451,9841],[1.0,1.0,1.0,1.0,1.0,1.0,1.0]
10746,[1633,2278,2417,3669,4099,4606,7390,7402,9632],[1.0,1.0,1.0,1.0,1.0,1.0,1.0,1.0,1.0]
10746,[662,3018,3741,3965,4405,5820,9270],[1.0,1.0,1.0,1.0,1.0,1.0,1.0]
10746,[11,3501,5118,7829,8558,8700],[1.0,1.0,1.0,1.0,1.0,1.0]
