10746,[189,1674,3551,4191,4440,4561,7176,7201],[1.0,1.0,1.0,1.0,1.0,1.0,1.0,1.0]
10746,[189,213,1652,2518,2924,4778,7176,10152,10360],[1.0,1.0,1.0,1.0,1.0,1.0,1.0,1.0,1.0]
10746,[265,728,4069,7367,7582,9654,10463],[1.0,1.0,1.0,1.0,1.0,1.0,1.0]
10746,[728,936,1249,1550,4069,7367,7582,7687],[1.0,1.0,1.0,1.0,1.0,1.0,1.0,1.0]
10746,[1838,4649,6341,6385,7687,7818,8672,9831],[1.0,1.0,1.0,1.0,1.0,1.0,1.0,1.0]
10746,[163,567,728,1511,1731,2238,2578,6385,7818,8904],[1.0,1.0,1.0,1.0,1.0,1.0,1.0,1.0,1.0,1.0]
10746,[172,365,463,2074,2916,4042,7074],[1.0,1.0,1.0,1.0,1.0,1.0,1.0]
10746,[1673,5236,6138,6257,6522,7914,8070,8729],[1.0,1.0,1.0,1.0,1.0,1.0,1.0,1.0]
10746,[372,936,1613,3216,4258,6394,8070,8114],[1.0,1.0,1.0,1.0,1.0,1.0,1.0,1.0]
10746,[5324,7074,7494,7826,7922,8073,8941,9448,9632],[1.0,1.0,1.0,1.0,1.0,1.0,1.0,1.0,1.0]
10746,[1100,2618,3820,5215,5633,6368,7521,9538],[1.0,1.0,1.0,1.0,1.0,1.0,1.0,1.0]
10746,[202,729,2114,2305,3918,7494,7922,9538,10433,10456],[1.0,1.0,1.0,1.0,1.0,1.0,1.0,1.0,1.0,1.0]
10746,[501,590,1785,3286,5181,5456,5491,8321],[1.0,1.0,1.0,1.0,1.0,1.0,1.0,1.0]
10746,[878,4405,7183,7218,8070,8401,8524,9632],[1.0,1.0,1.0,1.0,1.0,1.0,1.0,1.0]
10746,[51,2530,3651,6335,8114,8595,10068,10422],[1.0,1.0,1.0,1.0,1.0,1.0,1.0,1.0]
10746,[1298,1706,5341,6035,8280,10320,10621],[1.0,1.0,1.0,1.0,1.0,1.0,1.0]
10746,[51,463,1291,1298,8070,9624],[1.0,1.0,1.0,1.0,1.0,1.0]
10746,[769,878,946,3732,4244,5236,7751,9632],[1.0,1.0,1.0,1.0,1.0,1.0,1.0,1.0]
10746,[1052,1299,2828,3545,3592,9290,9632,10086,10433],[1.0,1.0,1.0,1.0,1.0,1.0,1.0,1.0,1.0]
10746,[1192,3592,4191,4405,6464,8114,8476,9030,9273,9632],[1.0,1.0,1.0,1.0,1.0,1.0,1.0,1.0,1.0,1.0]
10746,[878,3110,3192,3216,3592,3651,4066,5626,9070],[1.0,1.0,1.0,1.0,1.0,1.0,1.0,1.0,1.0]
10746,[1535,4642,5205,5604,8114,8673,9273,10082],[1.0,1.0,1.0,1.0,1.0,1.0,1.0,1.0]
10746,[637,956,3471,4084,5328,7769,8642,9274,9383],[1.0,1.0,1.0,1.0,1.0,1.0,1.0,1.0,1.0]
10746,[646,1255,2079,2906,3089,4355,7379,8216,10508],[1.0,1.0,1.0,1.0,1.0,1.0,1.0,1.0,1.0]
10746,[26,445,2363,3089,5885,8734,9538,9675],[1.0,1.0,1.0,1.0,1.0,1.0,1.0,1.0]
10746,[501,1015,4191,4389,5236,7506,8114,8875,10203],[1.0,1.0,1.0,1.0,1.0,1.0,1.0,1.0,1.0]
10746,[589,896,1099,1662,3651,6711,8580,10397,10433],[1.0,1.0,1.0,1.0,1.0,1.0,1.0,1.0,1.0]
10746,[589,896,3651,3659,5736,6318,10381],[1.0,1.0,1.0,1.0,1.0,1.0,1.0]
10746,[589,896,3651,5820,6024,6689,6904,7390],[1.0,1.0,1.0,1.0,1.0,1.0,1.0,1.0]
10746,[2627,3089,4217,4389,5236,5962,5978,7070,9632,10621],[1.0,1.0,1.0,1.0,1.0,1.0,1.0,1.0,1.0,1.0]
10746,[860,1910,2438,3651,4217,8673,9695],[1.0,1.0,1.0,1.0,1.0,1.0,1.0]
10746,[14,206,1841,3327,3563,3727,5328,8476,9632,10433],[1.0,1.0,1.0,1.0,1.0,1.0,1.0,1.0,1.0,1.0]
10746,[2530,3368,4217,5580,6701,8114,8595,8917,9023,10433],[1.0,1.0,1.0,1.0,1.0,1.0,1.0,1.0,1.0,1.0]
10746,[1099,2455,3036,3602,3859,5328,7914,9409,9632,10419],[1.0,1.0,1.0,1.0,1.0,1.0,1.0,1.0,1.0,1.0]
10746,[705,946,2771,3036,3602,4355,7075,9632,10433],[1.0,1.0,1.0,1.0,1.0,1.0,1.0,1.0,1.0]
10746,[102,946,1440,2114,2182,7649,7843],[1.0,1.0,1.0,1.0,1.0,1.0,1.0]
10746,[2919,3563,3859,4217,4640,7019,7502,7751,10433],[1.0,1.0,1.0,1.0,1.0,1.0,1.0,1.0,1.0]
10746,[14,172,1534,5142,5236,6603,6754,7914,9262],[1.0,1.0,1.0,1.0,1.0,1.0,1.0,1.0,1.0]
10746,[1621,2114,2973,6257,6394,8960,10433,10656],[1.0,1.0,1.0,1.0,1.0,1.0,1.0,1.0]
10746,[729,956,4191,4294,5592,5705,6044,6645,8008],[1.0,1.0,1.0,1.0,1.0,1.0,1.0,1.0,1.0]
10746,[4060,5289,5532,5850,9213,9273,10228],[1.0,1.0,1.0,1.0,1.0,1.0,1.0]
10746,[597,869,1255,5001,5513,5710,6335,6341],[1.0,1.0,1.0,1.0,1.0,1.0,1.0,1.0]
10746,[2493,3651,6335,6645,8008,8176,10082,10539],[1.0,1.0,1.0,1.0,1.0,1.0,1.0,1.0]
10746,[729,956,1086,5102,5532,7966,9544,10433],[1.0,1.0,1.0,1.0,1.0,1.0,1.0,1.0]
10746,[2016],[1.0]
