10746,[1211,2245,2530,3093,4440,6003,6220,8790],[1.0,1.0,1.0,1.0,1.0,1.0,1.0,1.0]
10746,[813,1411,4895,6005,6763,7547,7757,9972,9988,10360],[1.0,1.0,1.0,1.0,1.0,1.0,1.0,1.0,1.0,1.0]
10746,[213,1853,2518,3093,3450,3608,4329,4778,9491,10152],[1.0,1.0,1.0,1.0,1.0,1.0,1.0,1.0,1.0,1.0]
10746,[1853,3006,3450,3608,6220,9305,9491],[1.0,1.0,1.0,1.0,1.0,1.0,1.0]
10746,[902,936,3290,3450,4102,5815,8114,9491,10182],[1.0,1.0,1.0,1.0,1.0,1.0,1.0,1.0,1.0]
10746,[55,3357,4240,5564,6603,8928],[1.0,1.0,1.0,1.0,1.0,1.0]
10746,[55,463,1099,4405,5142,5582,10093,10621],[1.0,1.0,1.0,1.0,1.0,1.0,1.0,1.0]
10746,[4559,6458,7422,7738,7823,8888,10603],[1.0,1.0,1.0,1.0,1.0,1.0,1.0]
10746,[447,463,956,1099,1376,2530,9851,10141],[1.0,1.0,1.0,1.0,1.0,1.0,1.0,1.0]
10746,[1376,2530,5378,6573,8114,9523],[1.0,1.0,1.0,1.0,1.0,1.0]
10746,[463,6053,6080,8084,8344,9632],[1.0,1.0,1.0,1.0,1.0,1.0]
10746,[175,2530,4868,8114,9289,9448,9523,10203],[1.0,1.0,1.0,1.0,1.0,1.0,1.0,1.0]
10746,[463,956,2521,4268,9512,9831,10139],[1.0,1.0,1.0,1.0,1.0,1.0,1.0]
10746,[172,5592,5683,6492,6573,9523,10433,10621],[1.0,1.0,1.0,1.0,1.0,1.0,1.0,1.0]
10746,[896,1376,2521,2530,3677,9523,10621],[1.0,1.0,1.0,1.0,1.0,1.0,1.0]
10746,[844,2530,4202,8630,9364,9523,10068],[1.0,1.0,1.0,1.0,1.0,1.0,1.0]
10746,[1099,1255,1603,2366,2492,6401,7084,7288],[1.0,1.0,1.0,1.0,1.0,1.0,1.0,1.0]
10746,[1255,3426,4058,4685,5710,6047,8411,8476,9365],[1.0,1.0,1.0,1.0,1.0,1.0,1.0,1.0,1.0]
10746,[175,1099,3528,4190,7030,7202,9002,10522],[1.0,1.0,1.0,1.0,1.0,1.0,1.0,1.0]
10746,[2498,2530,2708,2874,4424,5683,6603,8714,9625],[1.0,1.0,1.0,1.0,1.0,1.0,1.0,1.0,1.0]
10746,[537,806,902,2079,2530,2945,9289,9625,10617],[1.0,1.0,1.0,1.0,1.0,1.0,1.0,1.0,1.0]
10746,[2354,2916,4921,7276,7423,9095,10139],[1.0,1.0,1.0,1.0,1.0,1.0,1.0]
10746,[1255,4526,5181,6053,6289,7098,8343,9002,10543],[1.0,1.0,1.0,1.0,1.0,1.0,1.0,1.0,1.0]
10746,[1965,2354,2695,4420,6172,8924,10398],[1.0,1.0,1.0,1.0,1.0,1.0,1.0]
10746,[1255,2530,4587,4881,7316,8690,9625,9632],[1.0,1.0,1.0,1.0,1.0,1.0,1.0,1.0]
10746,[73,2677,2899,2945,2981,4376,4921,6298,6810],[1.0,1.0,1.0,1.0,1.0,1.0,1.0,1.0,1.0]
10746,[2530,4376,6341,7276,9066,9289,9524],[1.0,1.0,1.0,1.0,1.0,1.0,1.0]
10746,[194,3426,4217,4376,4921,5538,5876,6128,6298,7316],[1.0,1.0,1.0,1.0,1.0,1.0,1.0,1.0,1.0,1.0]
10746,[2799,3824,4787,8041,8476,8904,9851],[1.0,1.0,1.0,1.0,1.0,1.0,1.0]
10746,[2771,3862,7316,8141,8251,9524,9598],[1.0,1.0,1.0,1.0,1.0,1.0,1.0]
10746,[2079,2455,2708,3592,4217,7813,9851,10082],[1.0,1.0,1.0,1.0,1.0,1.0,1.0,1.0]
10746,[914,1910,2751,8114,9289,9524],[1.0,1.0,1.0,1.0,1.0,1.0]
10746,[1047,1255,2620,3592,4258,4405,7188,10621],[1.0,1.0,1.0,1.0,1.0,1.0,1.0,1.0]
10746,[1517,2530,3545,6952,8114,9270,10572],[1.0,1.0,1.0,1.0,1.0,1.0,1.0]
10746,[55,1706,1735,4217,4772,5142,7316,9289,9851],[1.0,1.0,1.0,1.0,1.0,1.0,1.0,1.0,1.0]
10746,[2333,3035,3106,3651,7502,9298,9831],[1.0,1.0,1.0,1.0,1.0,1.0,1.0]
10746,[991,1965,2240,2518,7916,8556,9379,9595,9851],[1.0,1.0,1.0,1.0,1.0,1.0,1.0,1.0,1.0]
10746,[1284,5893,7117,8790,10068],[1.0,1.0,1.0,1.0,1.0]
10746,[447,1830,2335,2455,2840,3093,4891,6220,9045],[1.0,1.0,1.0,1.0,1.0,1.0,1.0,1.0,1.0]
10746,[1337,2306,2335,6035,10419],[1.0,1.0,1.0,1.0,1.0]
