10746,[3253,4440,4895,5731,5773,6717,9491,10360],[1.0,1.0,1.0,1.0,1.0,1.0,1.0,1.0]
10746,[213,1285,2518,4778,5731,5820,7416,7937,9491,10152],[1.0,1.0,1.0,1.0,1.0,1.0,1.0,1.0,1.0,1.0]
10746,[87,141,501,3257,3347,4755,8875,9187],[1.0,1.0,1.0,1.0,1.0,1.0,1.0,1.0]
10746,[588,667,1723,4440,5773,6851,7519,9108,9491],[1.0,1.0,1.0,1.0,1.0,1.0,1.0,1.0,1.0]
10746,[417,1610,1644,2244,2984,5723,6233,6371,9108],[1.0,1.0,1.0,1.0,1.0,1.0,1.0,1.0,1.0]
10746,[1644,2443,3946,4755,5428,5773,6714,8457,9632],[1.0,1.0,1.0,1.0,1.0,1.0,1.0,1.0,1.0]
10746,[667,864,1723,2472,4803,5432,5773,7519,8398,8460],[1.0,1.0,1.0,1.0,1.0,1.0,1.0,1.0,1.0,1.0]
10746,[1211,4552,5739,6714,7273,8105,10374],[1.0,1.0,1.0,1.0,1.0,1.0,1.0]
10746,[1984,2618,4707,7423,7563,8460,9482,9676],[1.0,1.0,1.0,1.0,1.0,1.0,1.0,1.0]
10746,[1028,3352,5232,8119,8144,8398],[1.0,1.0,1.0,1.0,1.0,1.0]
10746,[14,667,2244,2443,3843,4595,6167,6290,8398],[1.0,1.0,1.0,1.0,1.0,1.0,1.0,1.0,1.0]
10746,[1569,3180,6574,7938,8903,10716],[1.0,1.0,1.0,1.0,1.0,1.0]
10746,[3488,5548,5773,7938,8393,8398,10003],[1.0,1.0,1.0,1.0,1.0,1.0,1.0]
10746,[904,2618,4149,4217,8421,9886,10124,10374,10745],[1.0,1.0,1.0,1.0,1.0,1.0,1.0,1.0,1.0]
10746,[198,417,2728,3698,5069,9851,10419],[1.0,1.0,1.0,1.0,1.0,1.0,1.0]
10746,[2087,2289,2618,4868,5537,6547,9482,9991],[1.0,1.0,1.0,1.0,1.0,1.0,1.0,1.0]
10746,[457,2031,5424,5773,7919,7938,8187,9863],[1.0,1.0,1.0,1.0,1.0,1.0,1.0,1.0]
10746,[1706,2886,4202,6392,8491,8808,10155,10680],[1.0,1.0,1.0,1.0,1.0,1.0,1.0,1.0]
10746,[1706,2087,5142,5181,6381,6444,9482,10539],[1.0,1.0,1.0,1.0,1.0,1.0,1.0,1.0]
10746,[2089,3180,4424,5773,7938,8398,8715,9863],[1.0,1.0,1.0,1.0,1.0,1.0,1.0,1.0]
10746,[571,3585,3651,3697,6117,8197,8457,9290,10508],[1.0,1.0,1.0,1.0,1.0,1.0,1.0,1.0,1.0]
10746,[1941,2089,7033,7405,8398,9649,10374,10745],[1.0,1.0,1.0,1.0,1.0,1.0,1.0,1.0]
10746,[591,2823,2958,3697,3826,4217,4332,7237,7959],[1.0,1.0,1.0,1.0,1.0,1.0,1.0,1.0,1.0]
10746,[1640,2618,2989,4348,7097,8056,10539],[1.0,1.0,1.0,1.0,1.0,1.0,1.0]
10746,[857,956,1712,2360,4497,4948,6762,8805,10384],[1.0,1.0,1.0,1.0,1.0,1.0,1.0,1.0,1.0]
10746,[956,2288,2823,6371,9292,9863,10300],[1.0,1.0,1.0,1.0,1.0,1.0,1.0]
10746,[457,1077,1182,2679,2989,4948,5346,7097],[1.0,1.0,1.0,1.0,1.0,1.0,1.0,1.0]
10746,[3585,3697,4603,6371,8197,9290,10250],[1.0,1.0,1.0,1.0,1.0,1.0,1.0]
10746,[2618,4102,4252,5548,6714,7210,8800],[1.0,1.0,1.0,1.0,1.0,1.0,1.0]
10746,[793,1521,1822,5773,6341,6714,7097,7341,9558,10115],[1.0,1.0,1.0,1.0,1.0,1.0,1.0,1.0,1.0,1.0]
10746,[2244,2901,4080,4624,6005,6928,7013,9863],[1.0,1.0,1.0,1.0,1.0,1.0,1.0,1.0]
10746,[1482,1806,3697,3732,3768,5773,7819,8197,10115],[1.0,1.0,1.0,1.0,1.0,1.0,1.0,1.0,1.0]
10746,[1640,2618,3355,5773,7162,7341,7532,9377,10539],[1.0,1.0,1.0,1.0,1.0,1.0,1.0,1.0,1.0]
10746,[844,3182,4225,5478,5548,6341,6833,7252,9377],[1.0,1.0,1.0,1.0,1.0,1.0,1.0,1.0,1.0]
10746,[830,2510,4252,4438,5548,6341,8351,8775],[1.0,1.0,1.0,1.0,1.0,1.0,1.0,1.0]
10746,[3697,3965,4210,6172,7162,8456,8893,9118,9886],[1.0,1.0,1.0,1.0,1.0,1.0,1.0,1.0,1.0]
10746,[2618,4344,4633,6213,6810,7923,7941,10539],[1.0,1.0,1.0,1.0,1.0,1.0,1.0,1.0]
10746,[310,3697,3768,4332,5773,6341,6601,7097,8936,10617],[1.0,1.0,1.0,1.0,1.0,1.0,1.0,1.0,1.0,1.0]
10746,[3643,4332,4516,4755,6714,7033,7819,9186,9853,10508],[1.0,1.0,1.0,1.0,1.0,1.0,1.0,1.0,1.0,1.0]
10746,[793,830,5773,6341,6714,8934],[1.0,1.0,1.0,1.0,1.0,1.0]
10746,[66,1134,2908,4225,5885,6714,7123,7341,8398],[1.0,1.0,1.0,1.0,1.0,1.0,1.0,1.0,1.0]
10746,[2901,3755,4080,6005,6172,6714,7819,8398],[1.0,1.0,1.0,1.0,1.0,1.0,1.0,1.0]
10746,[178,297,643,3257,8398,8729,9377,10680],[1.0,1.0,1.0,1.0,1.0,1.0,1.0,1.0]
10746,[297,2901,5793,6005,6172,6215,6714,9419,9871],[1.0,1.0,1.0,1.0,1.0,1.0,1.0,1.0,1.0]
10746,[869,2989,3985,4148,5453,6290,7097],[1.0,1.0,1.0,1.0,1.0,1.0,1.0]
10746,[417,4252,4918,5548,6341,7648],[1.0,1.0,1.0,1.0,1.0,1.0]
10746,[1775,2491,2576,2984,3155,5453,6341,9108,9424,10139],[1.0,1.0,1.0,1.0,1.0,1.0,1.0,1.0,1.0,1.0]
10746,[997,4516,4803,4968,5773,5917,7390,8173],[1.0,1.0,1.0,1.0,1.0,1.0,1.0,1.0]
10746,[1644,1806,4277,5604,8041,8398,8904],[1.0,1.0,1.0,1.0,1.0,1.0,1.0]
10746,[417,1377,4045,4552,4968,6780,7375],[1.0,1.0,1.0,1.0,1.0,1.0,1.0]
10746,[417,2984,3155,3826,4552,5773,5868,9108],[1.0,1.0,1.0,1.0,1.0,1.0,1.0,1.0]
10746,[2569,4634,5232,5773,5973,8398,10137,10185,10222],[1.0,1.0,1.0,1.0,1.0,1.0,1.0,1.0,1.0]
10746,[667,1723,2209,2854,5773,7743,8904,9632],[1.0,1.0,1.0,1.0,1.0,1.0,1.0,1.0]
10746,[205,1377,3669,4534,6551,8118,9135,9479,9502],[1.0,1.0,1.0,1.0,1.0,1.0,1.0,1.0,1.0]
10746,[864,1538,3257,4149,4534,5773,6257,8126,8582,8668],[1.0,1.0,1.0,1.0,1.0,1.0,1.0,1.0,1.0,1.0]
10746,[3545,4235,4258,4858,5773,6117,6833,7191,7308,8139],[1.0,1.0,1.0,1.0,1.0,1.0,1.0,1.0,1.0,1.0]
10746,[1255,1285,5232,5581,5731,6371,6717,7800,8212,9491],[1.0,1.0,1.0,1.0,1.0,1.0,1.0,1.0,1.0,1.0]
10746,[2834,5731,6717,7334,7693,8595,9491],[1.0,1.0,1.0,1.0,1.0,1.0,1.0]
10746,[1222,4439,5450,5513,10382],[1.0,1.0,1.0,1.0,1.0]
