10746,[242,838,2013,4440,5201,6557,8751,8779,9491],[1.0,1.0,1.0,1.0,1.0,1.0,1.0,1.0,1.0]
10746,[213,1456,1714,3206,3875,7416,9632,10360,10463],[1.0,1.0,1.0,1.0,1.0,1.0,1.0,1.0,1.0]
10746,[1449,2813,5435,8571,9829,9920],[1.0,1.0,1.0,1.0,1.0,1.0]
10746,[896,936,1099,2240,2509,3890,4885,9920,10621],[1.0,1.0,1.0,1.0,1.0,1.0,1.0,1.0,1.0]
10746,[1225,3339,6167,7351,7771,8476,9494,10232],[1.0,1.0,1.0,1.0,1.0,1.0,1.0,1.0]
10746,[896,3651,7110,9465,9494,9816,10312,10621],[1.0,1.0,1.0,1.0,1.0,1.0,1.0,1.0]
10746,[14,956,1222,1712,2016,7436,9847,10115],[1.0,1.0,1.0,1.0,1.0,1.0,1.0,1.0]
10746,[61,2016,2455,3257,3586,4440,4534,7334,10419],[1.0,1.0,1.0,1.0,1.0,1.0,1.0,1.0,1.0]
10746,[1099,2013,2916,5201,6557,7898,8751,8779,9491,10694],[1.0,1.0,1.0,1.0,1.0,1.0,1.0,1.0,1.0,1.0]
10746,[2266,4996,7114,7379,8116,9290,9851],[1.0,1.0,1.0,1.0,1.0,1.0,1.0]
10746,[365,5809,6754,9663,10692],[1.0,1.0,1.0,1.0,1.0]
