10746,[514,1284,2261,4440,9491,9632,9972,10421],[1.0,1.0,1.0,1.0,1.0,1.0,1.0,1.0]
10746,[213,2518,2582,4589,4778,7303,7416,7633,10152,10360],[1.0,1.0,1.0,1.0,1.0,1.0,1.0,1.0,1.0,1.0]
10746,[633,1535,2261,2311,4374,4699,6238,9491,10222],[1.0,1.0,1.0,1.0,1.0,1.0,1.0,1.0,1.0]
10746,[121,1847,2278,2303,6335,6385,8729,9088],[1.0,1.0,1.0,1.0,1.0,1.0,1.0,1.0]
10746,[1920,1977,2916,4405,6335,6394,7645,9148,9903],[1.0,1.0,1.0,1.0,1.0,1.0,1.0,1.0,1.0]
10746,[902,3532,3944,5710,8554,9799],[1.0,1.0,1.0,1.0,1.0,1.0]
10746,[1099,1203,1475,1571,2022,8398,9328,9632,10621],[1.0,1.0,1.0,1.0,1.0,1.0,1.0,1.0,1.0]
10746,[2305,2916,3965,5628,5939,7423,7699,7941],[1.0,1.0,1.0,1.0,1.0,1.0,1.0,1.0]
10746,[40,956,3532,6470,7699,7898],[1.0,1.0,1.0,1.0,1.0,1.0]
10746,[4660,5086,5258,7800,9491,10463],[1.0,1.0,1.0,1.0,1.0,1.0]
10746,[936,1284,2261,2311,9491,10421,10463],[1.0,1.0,1.0,1.0,1.0,1.0,1.0]
10746,[342,936,1298,1965,5710,5830,10582],[1.0,1.0,1.0,1.0,1.0,1.0,1.0]
10746,[1177,1965,3327,3514,3651,5343,10621],[1.0,1.0,1.0,1.0,1.0,1.0,1.0]
10746,[2524,2986,4414,7421,8114,10135,10293],[1.0,1.0,1.0,1.0,1.0,1.0,1.0]
10746,[2579,2920,3205,3813,5830,7325,7931,10115],[1.0,1.0,1.0,1.0,1.0,1.0,1.0,1.0]
10746,[1411,1657,2443,2992,5710,6343,8554],[1.0,1.0,1.0,1.0,1.0,1.0,1.0]
10746,[769,1233,2920,7325,8924,10203,10419,10645],[1.0,1.0,1.0,1.0,1.0,1.0,1.0,1.0]
10746,[1365,2455,5983,6036,6341,6624,7236,7923,8398,9289],[1.0,1.0,1.0,1.0,1.0,1.0,1.0,1.0,1.0,1.0]
10746,[896,1075,1255,2455,2557,4707,5710,8114],[1.0,1.0,1.0,1.0,1.0,1.0,1.0,1.0]
10746,[896,1222,1299,2992,4066,4671,7744,8041,10617],[1.0,1.0,1.0,1.0,1.0,1.0,1.0,1.0,1.0]
10746,[1557,1836,4035,4217,6415,7744,8589,9085,10539],[1.0,1.0,1.0,1.0,1.0,1.0,1.0,1.0,1.0]
10746,[14,1836,3426,3438,4035,6172,6419,7079],[1.0,1.0,1.0,1.0,1.0,1.0,1.0,1.0]
10746,[1275,1557,2372,2992,5628,9569,9729,10189],[1.0,1.0,1.0,1.0,1.0,1.0,1.0,1.0]
10746,[1222,3829,5710,5830,8114,8554,8586,9972,10539],[1.0,1.0,1.0,1.0,1.0,1.0,1.0,1.0,1.0]
10746,[1571,2799,4599,4682,6639,7116,9632,10621],[1.0,1.0,1.0,1.0,1.0,1.0,1.0,1.0]
10746,[506,2022,5564,7572,8398,9298,9334],[1.0,1.0,1.0,1.0,1.0,1.0,1.0]
10746,[181,539,1703,1848,3528,4035,6419,10082],[1.0,1.0,1.0,1.0,1.0,1.0,1.0,1.0]
10746,[1557,2022,2372,2493,2618,3426,7079,9851,10438],[1.0,1.0,1.0,1.0,1.0,1.0,1.0,1.0,1.0]
10746,[3426,3523,4035,6952,8476,9799],[1.0,1.0,1.0,1.0,1.0,1.0]
10746,[390,1054,4191,4244,4344,5710,7079,7941,8747],[1.0,1.0,1.0,1.0,1.0,1.0,1.0,1.0,1.0]
10746,[1054,2582,5576,6229,6335,8056,9836,9871],[1.0,1.0,1.0,1.0,1.0,1.0,1.0,1.0]
10746,[561,956,2618,3086,4604,7699,9569,10419],[1.0,1.0,1.0,1.0,1.0,1.0,1.0,1.0]
10746,[1054,2251,5710,5928,6229,6335,8729,10068],[1.0,1.0,1.0,1.0,1.0,1.0,1.0,1.0]
10746,[26,777,2618,3086,4604,5942,9925,10419],[1.0,1.0,1.0,1.0,1.0,1.0,1.0,1.0]
10746,[1305,2920,3965,6547,7407,9745,10595,10645],[1.0,1.0,1.0,1.0,1.0,1.0,1.0,1.0]
10746,[1054,1411,2247,2596,6229,6335,7116,7205,8114],[1.0,1.0,1.0,1.0,1.0,1.0,1.0,1.0,1.0]
10746,[441,870,1054,1284,2986,3528,10353,10539],[1.0,1.0,1.0,1.0,1.0,1.0,1.0,1.0]
10746,[2261,4589,6850,7303,7416,9491,10139,10421],[1.0,1.0,1.0,1.0,1.0,1.0,1.0,1.0]
10746,[2792,4534,5415,7057,7857,9851],[1.0,1.0,1.0,1.0,1.0,1.0]
