10746,[2451,3083,4440,4591,6224,6264,9491,9747],[1.0,1.0,1.0,1.0,1.0,1.0,1.0,1.0]
10746,[121,548,3414,4663,6385,7416,7506,9632,10360,10536],[1.0,1.0,1.0,1.0,1.0,1.0,1.0,1.0,1.0,1.0]
10746,[213,2518,4591,4778,5486,6264,7873,9491,10152,10463],[1.0,1.0,1.0,1.0,1.0,1.0,1.0,1.0,1.0,1.0]
10746,[936,1187,2785,4853,5486,8416,10680],[1.0,1.0,1.0,1.0,1.0,1.0,1.0]
10746,[2418,2891,3135,3741,5142,6224,7548,7944,8041,9244],[1.0,1.0,1.0,1.0,1.0,1.0,1.0,1.0,1.0,1.0]
10746,[1966,3783,4804,5142,6341,6810,7804,8109,9851],[1.0,1.0,1.0,1.0,1.0,1.0,1.0,1.0,1.0]
10746,[1098,1367,2455,3495,6385,7544,8582,10139,10419,10680],[1.0,1.0,1.0,1.0,1.0,1.0,1.0,1.0,1.0,1.0]
10746,[3547,3839,4722,5181,5886,6385,8908,9632,10680],[1.0,1.0,1.0,1.0,1.0,1.0,1.0,1.0,1.0]
10746,[121,3651,4205,4571,5569,7033,8109,8533],[1.0,1.0,1.0,1.0,1.0,1.0,1.0,1.0]
10746,[1187,6100,7339,7804,8398,8775,9401],[1.0,1.0,1.0,1.0,1.0,1.0,1.0]
10746,[262,3741,4332,6244,7379,7390,8109,8488,9407,9595],[1.0,1.0,1.0,1.0,1.0,1.0,1.0,1.0,1.0,1.0]
10746,[1153,2418,6303,7580,7732,8904,10536],[1.0,1.0,1.0,1.0,1.0,1.0,1.0]
10746,[766,1130,1237,2079,2596,4687,5207,7565,9379],[1.0,1.0,1.0,1.0,1.0,1.0,1.0,1.0,1.0]
10746,[902,1383,1576,2305,3070,4332,6167,8362],[1.0,1.0,1.0,1.0,1.0,1.0,1.0,1.0]
10746,[902,3111,5354,5677,7277,7339,8688],[1.0,1.0,1.0,1.0,1.0,1.0,1.0]
10746,[2226,2455,4154,5999,6452,9364,9465,10405,10682],[1.0,1.0,1.0,1.0,1.0,1.0,1.0,1.0,1.0]
10746,[126,536,1706,4958,6341,9181,9342,9465],[1.0,1.0,1.0,1.0,1.0,1.0,1.0,1.0]
10746,[567,1731,2633,3147,6257,6385,7502,9379,10621],[1.0,1.0,1.0,1.0,1.0,1.0,1.0,1.0,1.0]
10746,[869,1706,3257,3535,3618,6291,6341,9595],[1.0,1.0,1.0,1.0,1.0,1.0,1.0,1.0]
10746,[126,956,4268,8041,8671,9172,9364,9460,9595,10682],[1.0,1.0,1.0,1.0,1.0,1.0,1.0,1.0,1.0,1.0]
10746,[55,602,4150,4205,6819],[1.0,1.0,1.0,1.0,1.0]
10746,[3192,3426,3486,5207,8114,9851],[1.0,1.0,1.0,1.0,1.0,1.0]
10746,[680,1476,1510,2708,4191,4249,7646,8114,8169],[1.0,1.0,1.0,1.0,1.0,1.0,1.0,1.0,1.0]
10746,[358,1099,3468,5205,5793,9056,9174],[1.0,1.0,1.0,1.0,1.0,1.0,1.0]
10746,[2451,3083,5035,5820,6597,9747,9919,10473,10616],[1.0,1.0,1.0,1.0,1.0,1.0,1.0,1.0,1.0]
10746,[6671,10587],[1.0,1.0]
