10746,[242,2827,3280,3474,4440,5355,9491,10360,10560],[1.0,1.0,1.0,1.0,1.0,1.0,1.0,1.0,1.0]
10746,[209,1316,2518,3006,4778,5514,7776,9945,10152],[1.0,1.0,1.0,1.0,1.0,1.0,1.0,1.0,1.0]
10746,[213,2651,3474,3792,5581,6366,7478,9693,10521],[1.0,1.0,1.0,1.0,1.0,1.0,1.0,1.0,1.0]
10746,[1316,4750,5514,6753,10187,10463],[1.0,1.0,1.0,1.0,1.0,1.0]
10746,[936,1316,3792,5514,6366,10463],[1.0,1.0,1.0,1.0,1.0,1.0]
10746,[307,747,936,1326,2530,4743,4934,10738],[1.0,1.0,1.0,1.0,1.0,1.0,1.0,1.0]
10746,[307,747,1855,2182,5578,7942,9270],[1.0,1.0,1.0,1.0,1.0,1.0,1.0]
10746,[172,747,1855,2182,7942],[1.0,1.0,1.0,1.0,1.0]
10746,[942,2781,2917,3669,9298,9675,10651],[1.0,1.0,1.0,1.0,1.0,1.0,1.0]
10746,[838,1783],[1.0,1.0]
