10746,[172,1652,4440,4825,6980,8177,8323,10054,10360],[1.0,1.0,1.0,1.0,1.0,1.0,1.0,1.0,1.0]
10746,[213,1316,5351,5918,6380,7031,10463],[1.0,1.0,1.0,1.0,1.0,1.0,1.0]
10746,[936,4405,5049,5918,6394,8494,10621],[1.0,1.0,1.0,1.0,1.0,1.0,1.0]
10746,[1558,2916,2919,4405,5049,5320,5641,5648,7056],[1.0,1.0,1.0,1.0,1.0,1.0,1.0,1.0,1.0]
10746,[873,2123,2576,4378,5648,6918,7502,8114],[1.0,1.0,1.0,1.0,1.0,1.0,1.0,1.0]
10746,[463,3651,4205,4217,4771,7056,9653],[1.0,1.0,1.0,1.0,1.0,1.0,1.0]
10746,[501,1255,2314,3250,3509,3713,4516,7725],[1.0,1.0,1.0,1.0,1.0,1.0,1.0,1.0]
10746,[55,3669,4520,5788,7105,7515,9953],[1.0,1.0,1.0,1.0,1.0,1.0,1.0]
10746,[1240,1622,2916,4534,5939,6109,6756,7552],[1.0,1.0,1.0,1.0,1.0,1.0,1.0,1.0]
10746,[1298,3265,4191,4676,8114,9379,9639],[1.0,1.0,1.0,1.0,1.0,1.0,1.0]
10746,[1298,1622,2251,3730,5191,8041,10621],[1.0,1.0,1.0,1.0,1.0,1.0,1.0]
10746,[1058,6017,6416,7506,7877,8524,9145,9523,9988,10203],[1.0,1.0,1.0,1.0,1.0,1.0,1.0,1.0,1.0,1.0]
10746,[2088,3256,4092,5499,5944,8801,9145,9639],[1.0,1.0,1.0,1.0,1.0,1.0,1.0,1.0]
10746,[191,1622,2088,8558,8761,9145,9639,9882],[1.0,1.0,1.0,1.0,1.0,1.0,1.0,1.0]
10746,[515,1291,2618,4116,5662,7961,8114,9364,10536],[1.0,1.0,1.0,1.0,1.0,1.0,1.0,1.0,1.0]
10746,[106,4768,5694,7643,8558,9183,10364],[1.0,1.0,1.0,1.0,1.0,1.0,1.0]
10746,[1190,1626,3850,6341,7593,8224],[1.0,1.0,1.0,1.0,1.0,1.0]
10746,[3725,3783,8005,8041,8280,8893,9076,9871,10536],[1.0,1.0,1.0,1.0,1.0,1.0,1.0,1.0,1.0]
10746,[1808,2747,4520,5069,7802,9639],[1.0,1.0,1.0,1.0,1.0,1.0]
10746,[1255,5127,5662,5828,8740,9057],[1.0,1.0,1.0,1.0,1.0,1.0]
10746,[956,1275,1791,1910,2916,4081,4534],[1.0,1.0,1.0,1.0,1.0,1.0,1.0]
10746,[2493,4042,4611,5626,5928,7205,7802,8789],[1.0,1.0,1.0,1.0,1.0,1.0,1.0,1.0]
10746,[2128,2678,3669,4534,5992,6673,6795],[1.0,1.0,1.0,1.0,1.0,1.0,1.0]
10746,[896,3783,4534,5711,6117,6371],[1.0,1.0,1.0,1.0,1.0,1.0]
10746,[3783,4355,4534,4934,5003,5711,9254,9888],[1.0,1.0,1.0,1.0,1.0,1.0,1.0,1.0]
10746,[896,1673,3651,4534,6074,7469,8701,8895],[1.0,1.0,1.0,1.0,1.0,1.0,1.0,1.0]
10746,[896,4405,4534,5198,6074,7013,7469,10054,10621],[1.0,1.0,1.0,1.0,1.0,1.0,1.0,1.0,1.0]
