10746,[513,654,2455,3864,4440,6626,10326],[1.0,1.0,1.0,1.0,1.0,1.0,1.0]
10746,[213,806,1310,1652,3261,4955,5477,5622,10360,10463],[1.0,1.0,1.0,1.0,1.0,1.0,1.0,1.0,1.0,1.0]
10746,[442,513,936,3864,5477,5733,10326],[1.0,1.0,1.0,1.0,1.0,1.0,1.0]
10746,[3415,4225,5553,8716,9000,9632,9665,10082,10621],[1.0,1.0,1.0,1.0,1.0,1.0,1.0,1.0,1.0]
10746,[464,4303,4632,5553,9494,9632,9884],[1.0,1.0,1.0,1.0,1.0,1.0,1.0]
10746,[13,372,2455,3391,7288,7379,7941,9494],[1.0,1.0,1.0,1.0,1.0,1.0,1.0,1.0]
10746,[3415,5634,7506,7877,9091,9152,9632,9884],[1.0,1.0,1.0,1.0,1.0,1.0,1.0,1.0]
10746,[549,1931,3586,7733,8114,10068,10222],[1.0,1.0,1.0,1.0,1.0,1.0,1.0]
10746,[348,1340,2812,4812,5634,6042,6047,7105],[1.0,1.0,1.0,1.0,1.0,1.0,1.0,1.0]
10746,[322,1255,2119,2283,3886,4683,7306],[1.0,1.0,1.0,1.0,1.0,1.0,1.0]
10746,[1634,3111,5568,8114,8673,9270],[1.0,1.0,1.0,1.0,1.0,1.0]
10746,[1557,4393,6761,7165,8159],[1.0,1.0,1.0,1.0,1.0]
10746,[2425,4393,5205,5404,5604,6341,8114,9213,9438],[1.0,1.0,1.0,1.0,1.0,1.0,1.0,1.0,1.0]
10746,[3415,4042,5328,5641,7363,8622,8673,10056],[1.0,1.0,1.0,1.0,1.0,1.0,1.0,1.0]
10746,[131,902,1041,1060,2711,5985,9438,9632],[1.0,1.0,1.0,1.0,1.0,1.0,1.0,1.0]
10746,[1310,2913,4225,5737,7166,10025,10433],[1.0,1.0,1.0,1.0,1.0,1.0,1.0]
10746,[4042,7171,7842,8660,8673,9494,9884],[1.0,1.0,1.0,1.0,1.0,1.0,1.0]
10746,[1291,2530,7166,7171,7480,9494,10602],[1.0,1.0,1.0,1.0,1.0,1.0,1.0]
10746,[66,356,1310,2182,2738,4159,5737,6609,7166],[1.0,1.0,1.0,1.0,1.0,1.0,1.0,1.0,1.0]
10746,[252,902,1310,3592,3651,6093,8554,9049],[1.0,1.0,1.0,1.0,1.0,1.0,1.0,1.0]
10746,[902,3669,3829,5543,8114,8554,10391],[1.0,1.0,1.0,1.0,1.0,1.0,1.0]
10746,[838,902,3651,4405,5079,5181,5739,6093,7084],[1.0,1.0,1.0,1.0,1.0,1.0,1.0,1.0,1.0]
10746,[1310,4516,8114,8576,8729],[1.0,1.0,1.0,1.0,1.0]
10746,[1005,1588,1706,3515,3997,4217,7339,9831,10381],[1.0,1.0,1.0,1.0,1.0,1.0,1.0,1.0,1.0]
10746,[4362,4516,5119,5634,8041,8398,9494],[1.0,1.0,1.0,1.0,1.0,1.0,1.0]
10746,[348,4362,5119,7079,9528,10508,10645],[1.0,1.0,1.0,1.0,1.0,1.0,1.0]
10746,[2206,3036,3651,4042,4344,4414,8398,9494,10645],[1.0,1.0,1.0,1.0,1.0,1.0,1.0,1.0,1.0]
10746,[1315,4217,5197,5207,5737,6149,8424,9872],[1.0,1.0,1.0,1.0,1.0,1.0,1.0,1.0]
10746,[2079,2708,3864,4405,5543],[1.0,1.0,1.0,1.0,1.0]
