10746,[2200,3277,4440,5090,5845,9491,9972,9996],[1.0,1.0,1.0,1.0,1.0,1.0,1.0,1.0]
10746,[213,1237,2200,2518,3277,4778,8635,9632,10152,10360],[1.0,1.0,1.0,1.0,1.0,1.0,1.0,1.0,1.0,1.0]
10746,[39,3277,3844,5358,6753,9491,9996,10463],[1.0,1.0,1.0,1.0,1.0,1.0,1.0,1.0]
10746,[936,2200,3277,5090,6131,6753,9491,9996,10201],[1.0,1.0,1.0,1.0,1.0,1.0,1.0,1.0,1.0]
10746,[936,5090,5564,5845,6819,10508],[1.0,1.0,1.0,1.0,1.0,1.0]
10746,[2916,3651,4868,5592,6229,6547,8638,9298],[1.0,1.0,1.0,1.0,1.0,1.0,1.0,1.0]
10746,[529,896,1376,4534,6547,8638,9953,10508],[1.0,1.0,1.0,1.0,1.0,1.0,1.0,1.0]
10746,[299,2162,2182,8638,9289,10082,10422],[1.0,1.0,1.0,1.0,1.0,1.0,1.0]
10746,[902,1099,1437,4405,6047,6547,6603,10507],[1.0,1.0,1.0,1.0,1.0,1.0,1.0,1.0]
10746,[758,4868,5142,5345,9328,9972],[1.0,1.0,1.0,1.0,1.0,1.0]
10746,[902,4716,4921,4970,8114,9289,10281,10419],[1.0,1.0,1.0,1.0,1.0,1.0,1.0,1.0]
10746,[285,1150,3545,4217,5142],[1.0,1.0,1.0,1.0,1.0]
10746,[2493,4405,4534,5197,5320,6547,8216,9328,10336],[1.0,1.0,1.0,1.0,1.0,1.0,1.0,1.0,1.0]
10746,[956,2909,3426,7191,7310,9796,10336],[1.0,1.0,1.0,1.0,1.0,1.0,1.0]
10746,[143,4921,7421,9379,9808,9831],[1.0,1.0,1.0,1.0,1.0,1.0]
10746,[953,1067,2126,3102,3556,5564,6819,7421,8041],[1.0,1.0,1.0,1.0,1.0,1.0,1.0,1.0,1.0]
10746,[896,953,1266,2878,5885,7502,9424,10253],[1.0,1.0,1.0,1.0,1.0,1.0,1.0,1.0]
10746,[712,844,956,1948,3433,5304,7379,8991,9831],[1.0,1.0,1.0,1.0,1.0,1.0,1.0,1.0,1.0]
10746,[956,4854,6098,6335,8114,9851],[1.0,1.0,1.0,1.0,1.0,1.0]
10746,[3651,4114,6471,7649,7877,8114,9292],[1.0,1.0,1.0,1.0,1.0,1.0,1.0]
10746,[463,4868,6819,7515,8002,9972],[1.0,1.0,1.0,1.0,1.0,1.0]
10746,[902,4066,4611,5197,5207,5304,5564,6229,9298,9555],[1.0,1.0,1.0,1.0,1.0,1.0,1.0,1.0,1.0,1.0]
10746,[285,1150,3545,4217,5142],[1.0,1.0,1.0,1.0,1.0]
10746,[172,902,2518,4405,4534,5320,8216,9328],[1.0,1.0,1.0,1.0,1.0,1.0,1.0,1.0]
10746,[350,5845],[1.0,1.0]
