10746,[2245,3093,4440,4686,6003,6220,8790,9433],[1.0,1.0,1.0,1.0,1.0,1.0,1.0,1.0]
10746,[121,813,4329,4895,6005,6763,7547,7757,9988,10360],[1.0,1.0,1.0,1.0,1.0,1.0,1.0,1.0,1.0,1.0]
10746,[213,2272,2518,2876,3006,3093,4778,6220,10152],[1.0,1.0,1.0,1.0,1.0,1.0,1.0,1.0,1.0]
10746,[936,2272,2455,2876,7101,7381,9701],[1.0,1.0,1.0,1.0,1.0,1.0,1.0]
10746,[121,902,3862,4804,5109,6002,10208,10419],[1.0,1.0,1.0,1.0,1.0,1.0,1.0,1.0]
10746,[991,1237,3192,4552,5109,6053,9701,9903],[1.0,1.0,1.0,1.0,1.0,1.0,1.0,1.0]
10746,[515,646,3192,4534,4649,7117,9748,9903],[1.0,1.0,1.0,1.0,1.0,1.0,1.0,1.0]
10746,[218,991,1996,4686,7605,8114,8310],[1.0,1.0,1.0,1.0,1.0,1.0,1.0]
10746,[1054,1099,2640,3592,3661,6603,7259,9298,9534,9595],[1.0,1.0,1.0,1.0,1.0,1.0,1.0,1.0,1.0,1.0]
10746,[646,991,3192,3731,4534,5150,6229,7182,8878,9433],[1.0,1.0,1.0,1.0,1.0,1.0,1.0,1.0,1.0,1.0]
10746,[646,1099,2182,2455,2771,3779,7074,8114],[1.0,1.0,1.0,1.0,1.0,1.0,1.0,1.0]
10746,[515,896,3545,6673,8935,9273,9556,9748,10401,10716],[1.0,1.0,1.0,1.0,1.0,1.0,1.0,1.0,1.0,1.0]
10746,[3592,4294,6940,7112,8701,8935,9270,10734],[1.0,1.0,1.0,1.0,1.0,1.0,1.0,1.0]
10746,[1237,2596,3698,6720,7923,8935,9270,10617],[1.0,1.0,1.0,1.0,1.0,1.0,1.0,1.0]
10746,[1255,2618,6033,7381,8790,9748,10068],[1.0,1.0,1.0,1.0,1.0,1.0,1.0]
10746,[447,1830,2840,3093,4891,5893,6220,7117],[1.0,1.0,1.0,1.0,1.0,1.0,1.0,1.0]
10746,[1337,2306,2335,2455,6035,9045,10419],[1.0,1.0,1.0,1.0,1.0,1.0,1.0]
