10746,[305,4263,4440,6220,7019,9013,10267],[1.0,1.0,1.0,1.0,1.0,1.0,1.0]
10746,[213,305,1344,3257,4589,5017,9769,10360],[1.0,1.0,1.0,1.0,1.0,1.0,1.0,1.0]
10746,[122,1099,5918,7502,8494,9298,10122,10433],[1.0,1.0,1.0,1.0,1.0,1.0,1.0,1.0]
10746,[902,1538,3192,4393,7351,7934,9903],[1.0,1.0,1.0,1.0,1.0,1.0,1.0]
10746,[766,1028,2617,3950,4268,4665,4840,8494,8555],[1.0,1.0,1.0,1.0,1.0,1.0,1.0,1.0,1.0]
10746,[5661,7316,7643,8109,8576,10122],[1.0,1.0,1.0,1.0,1.0,1.0]
10746,[1481,2455,3592,4195,5181,7516,8196,8494,8701,9977],[1.0,1.0,1.0,1.0,1.0,1.0,1.0,1.0,1.0,1.0]
10746,[478,975,1093,6341,6993,8494,8554],[1.0,1.0,1.0,1.0,1.0,1.0,1.0]
10746,[860,3545,4440,4597,5793,6754,9273,9338],[1.0,1.0,1.0,1.0,1.0,1.0,1.0,1.0]
10746,[1099,2675,5990,6098,6392,6597,8554,10203],[1.0,1.0,1.0,1.0,1.0,1.0,1.0,1.0]
10746,[2461,7423,8076,8159,8673,8893,9298,10309],[1.0,1.0,1.0,1.0,1.0,1.0,1.0,1.0]
10746,[35,1028,1616,3260,8494,8729,8903],[1.0,1.0,1.0,1.0,1.0,1.0,1.0]
10746,[764,2277,2708,6081,8575,9111,10122,10309],[1.0,1.0,1.0,1.0,1.0,1.0,1.0,1.0]
10746,[122,1028,2916,3339,5142,5988,8280,9273,9871],[1.0,1.0,1.0,1.0,1.0,1.0,1.0,1.0,1.0]
10746,[975,1036,3544,4891,5918,8903],[1.0,1.0,1.0,1.0,1.0,1.0]
10746,[567,2114,2664,3545,4191,7143,9460,9595,10122],[1.0,1.0,1.0,1.0,1.0,1.0,1.0,1.0,1.0]
10746,[1099,1173,4205,4389,5885,6229,10309,10322],[1.0,1.0,1.0,1.0,1.0,1.0,1.0,1.0]
10746,[186,1099,3123,4420,7006,7074,9632],[1.0,1.0,1.0,1.0,1.0,1.0,1.0]
10746,[578,3089,4263],[1.0,1.0,1.0]
