10746,[213,1316,3280,4440,5918,7031,8494,10560],[1.0,1.0,1.0,1.0,1.0,1.0,1.0,1.0]
10746,[4512,7923,8595,9289,9420,9435,9831],[1.0,1.0,1.0,1.0,1.0,1.0,1.0]
10746,[3482,3612,5641,7379,10217,10410,10539],[1.0,1.0,1.0,1.0,1.0,1.0,1.0]
10746,[2799,3532,4191,4405,9365,9595,10539],[1.0,1.0,1.0,1.0,1.0,1.0,1.0]
10746,[4606,4611,6080,10217,10410],[1.0,1.0,1.0,1.0,1.0]
10746,[4688,6080,6603,10222,10410,10621],[1.0,1.0,1.0,1.0,1.0,1.0]
10746,[3257,4688,6080,8729,10410],[1.0,1.0,1.0,1.0,1.0]
10746,[4606,5628,7307,7465,8941,10217,10410],[1.0,1.0,1.0,1.0,1.0,1.0,1.0]
10746,[3089,5003,5244,6603,7339,9420],[1.0,1.0,1.0,1.0,1.0,1.0]
10746,[2518,2596,2856,6098,6395,7818,8755],[1.0,1.0,1.0,1.0,1.0,1.0,1.0]
10746,[902,1225,1580,3482,4191,5329,9517],[1.0,1.0,1.0,1.0,1.0,1.0,1.0]
10746,[2596,5440,6098,6341,9270,10217],[1.0,1.0,1.0,1.0,1.0,1.0]
10746,[463,3741,4191,7557,8576,9420,9816,10410],[1.0,1.0,1.0,1.0,1.0,1.0,1.0,1.0]
10746,[878,932,3545,4888,7718,8475],[1.0,1.0,1.0,1.0,1.0,1.0]
10746,[3651,3890,4439,5013,6341,8729,8842,9407,9611,10410],[1.0,1.0,1.0,1.0,1.0,1.0,1.0,1.0,1.0,1.0]
10746,[878,1683,3890,4424,7649,7843,8917,10508],[1.0,1.0,1.0,1.0,1.0,1.0,1.0,1.0]
10746,[878,902,3890,4191,6395,7843,9407,9632,10137],[1.0,1.0,1.0,1.0,1.0,1.0,1.0,1.0,1.0]
10746,[902,1534,3890,4344,5628,5928,8595,10438],[1.0,1.0,1.0,1.0,1.0,1.0,1.0,1.0]
10746,[2074,4066,5096,5723,7835,9030],[1.0,1.0,1.0,1.0,1.0,1.0]
10746,[588,2056,2530,3257,4160,5407,7033,8729,8842],[1.0,1.0,1.0,1.0,1.0,1.0,1.0,1.0,1.0]
10746,[1255,2238,4512,6335,7506,8574,9030,9420],[1.0,1.0,1.0,1.0,1.0,1.0,1.0,1.0]
10746,[1706,4606,5181,7502,8729,9420],[1.0,1.0,1.0,1.0,1.0,1.0]
10746,[217,245,1099,5847,7339,10438],[1.0,1.0,1.0,1.0,1.0,1.0]
10746,[2114,5644,8411,9030,10433,10452,10536],[1.0,1.0,1.0,1.0,1.0,1.0,1.0]
10746,[769,878,3257,3515,4656,7190,8836,9262],[1.0,1.0,1.0,1.0,1.0,1.0,1.0,1.0]
10746,[1706,2180,2425,2916,6603,7339,8941,10139],[1.0,1.0,1.0,1.0,1.0,1.0,1.0,1.0]
10746,[4219,5683,5885,6298,6394,7151,8246,9653],[1.0,1.0,1.0,1.0,1.0,1.0,1.0,1.0]
10746,[1766,3257,3426,4804,6002,7384,8034,9407,10433],[1.0,1.0,1.0,1.0,1.0,1.0,1.0,1.0,1.0]
10746,[66,896,1596,2425,3514,6335,7502,9420,10508,10621],[1.0,1.0,1.0,1.0,1.0,1.0,1.0,1.0,1.0,1.0]
10746,[1477,2799,6341,9030,10111,10716],[1.0,1.0,1.0,1.0,1.0,1.0]
10746,[245,966,2530,8494,8729,8935,9420],[1.0,1.0,1.0,1.0,1.0,1.0,1.0]
10746,[1316,5183,6626,7031,7146,8114,10251,10489],[1.0,1.0,1.0,1.0,1.0,1.0,1.0,1.0]
10746,[2916,4757,5033,5914,6394,6450,7031,8114],[1.0,1.0,1.0,1.0,1.0,1.0,1.0,1.0]
10746,[2530,8935],[1.0,1.0]
