10746,[4440,4534,5336,6453,7813,9491,10121,10445],[1.0,1.0,1.0,1.0,1.0,1.0,1.0,1.0]
10746,[213,463,1840,4621,5336,7074,7463,9972,10360],[1.0,1.0,1.0,1.0,1.0,1.0,1.0,1.0,1.0]
10746,[936,1317,5336,6453,9130,9491,10121,10658],[1.0,1.0,1.0,1.0,1.0,1.0,1.0,1.0]
10746,[42,936,975,1317,9130,10658],[1.0,1.0,1.0,1.0,1.0,1.0]
10746,[4405,5535,5631,5765,6039,7506,8690,9379],[1.0,1.0,1.0,1.0,1.0,1.0,1.0,1.0]
10746,[2455,4406,5069,7788,8694,9541,10419],[1.0,1.0,1.0,1.0,1.0,1.0,1.0]
10746,[191,884,1315,1372,2455,3438,4406,10419],[1.0,1.0,1.0,1.0,1.0,1.0,1.0,1.0]
10746,[172,204,2418,4405,6229,9568,10038],[1.0,1.0,1.0,1.0,1.0,1.0,1.0]
10746,[191,463,1829,2029,3590,4303,4707,9006],[1.0,1.0,1.0,1.0,1.0,1.0,1.0,1.0]
10746,[463,1255,4205,7461,7799,9407,9762,10621],[1.0,1.0,1.0,1.0,1.0,1.0,1.0,1.0]
10746,[191,4191,4393,4707,5069,6457,7105,8114],[1.0,1.0,1.0,1.0,1.0,1.0,1.0,1.0]
10746,[1960,3018,5069,8935,9064,10374,10419],[1.0,1.0,1.0,1.0,1.0,1.0,1.0]
10746,[766,5592,6002,9407,10068,10139],[1.0,1.0,1.0,1.0,1.0,1.0]
10746,[2079,3089,4074,5592,5628,7218,7649,8661,9851,10185],[1.0,1.0,1.0,1.0,1.0,1.0,1.0,1.0,1.0,1.0]
10746,[844,869,2916,4707,4971,6457,7654,8041,10056],[1.0,1.0,1.0,1.0,1.0,1.0,1.0,1.0,1.0]
10746,[14,109,1144,2079,3426,5414,7379,8041,10222],[1.0,1.0,1.0,1.0,1.0,1.0,1.0,1.0,1.0]
10746,[55,1255,3741,5628,6002,7379,9290,10634],[1.0,1.0,1.0,1.0,1.0,1.0,1.0,1.0]
10746,[191,3082,3242,4486,7029,8056,8091,9632],[1.0,1.0,1.0,1.0,1.0,1.0,1.0,1.0]
10746,[902,1225,3426,4332,5641,6172,6394],[1.0,1.0,1.0,1.0,1.0,1.0,1.0]
10746,[597,1988,4534,5631,7316,7792,9006,9289],[1.0,1.0,1.0,1.0,1.0,1.0,1.0,1.0]
10746,[191,3504,4871,5544,8310,9851,10222],[1.0,1.0,1.0,1.0,1.0,1.0,1.0]
10746,[1006,1906,4282,4304,4534,5465,7208,8224],[1.0,1.0,1.0,1.0,1.0,1.0,1.0,1.0]
10746,[3992,4606,4611,4631,7208,8224,9851],[1.0,1.0,1.0,1.0,1.0,1.0,1.0]
10746,[42,1098,1706,4191,4282,5102,7813],[1.0,1.0,1.0,1.0,1.0,1.0,1.0]
10746,[1453,3713,4282,4707,5631,6392,9762,10621],[1.0,1.0,1.0,1.0,1.0,1.0,1.0,1.0]
10746,[172,2114,2916,3590,3836,9289,9762,10222,10433,10621],[1.0,1.0,1.0,1.0,1.0,1.0,1.0,1.0,1.0,1.0]
10746,[1706,3272,3590,3826,3975,4184,4282,4412,6952,7813],[1.0,1.0,1.0,1.0,1.0,1.0,1.0,1.0,1.0,1.0]
10746,[3561,4606,4707,7792,9006,9290,9528,10005,10139],[1.0,1.0,1.0,1.0,1.0,1.0,1.0,1.0,1.0]
10746,[2455,4606,5207,6002,7792,8114,9290,9851,10028,10419],[1.0,1.0,1.0,1.0,1.0,1.0,1.0,1.0,1.0,1.0]
10746,[2074,2916,3777,4003,4066,4383,5787,6394,8134,8729],[1.0,1.0,1.0,1.0,1.0,1.0,1.0,1.0,1.0,1.0]
10746,[87,834,4191,4259,6125,6485,8208,8729],[1.0,1.0,1.0,1.0,1.0,1.0,1.0,1.0]
10746,[191,902,1225,4213,5544,6547,8241,9972],[1.0,1.0,1.0,1.0,1.0,1.0,1.0,1.0]
10746,[747,854,2708,2916,3545,3732,4534,4552,5527,7316],[1.0,1.0,1.0,1.0,1.0,1.0,1.0,1.0,1.0,1.0]
10746,[41,172,902,1829,4282,5544,7792,9288],[1.0,1.0,1.0,1.0,1.0,1.0,1.0,1.0]
10746,[245,4989,5142,5580,10433],[1.0,1.0,1.0,1.0,1.0]
10746,[245,1255,2916,4534,4989,8799,9311],[1.0,1.0,1.0,1.0,1.0,1.0,1.0]
10746,[191,2123,6298,6457,8073,10068],[1.0,1.0,1.0,1.0,1.0,1.0]
10746,[3823,4282,4405,5069,5641,5720,6172,9972,10419],[1.0,1.0,1.0,1.0,1.0,1.0,1.0,1.0,1.0]
10746,[3504,5069,7792,8614,8842,9831,10419],[1.0,1.0,1.0,1.0,1.0,1.0,1.0]
10746,[874,1275,1341,4428,4534,6457,8595,9611,10068],[1.0,1.0,1.0,1.0,1.0,1.0,1.0,1.0,1.0]
10746,[191,1291,5335,6457,6756,8210,8294,10433],[1.0,1.0,1.0,1.0,1.0,1.0,1.0,1.0]
10746,[191,2247,2916,4606,5596,6457,7084,10068],[1.0,1.0,1.0,1.0,1.0,1.0,1.0,1.0]
10746,[2916,4282,4534,5146,5628,7792,8114],[1.0,1.0,1.0,1.0,1.0,1.0,1.0]
10746,[191,1865,4066,4217,5544,7649,8280,9900],[1.0,1.0,1.0,1.0,1.0,1.0,1.0,1.0]
10746,[2916,4282,5544,6547,7379,8032,8041,8114,9289,10621],[1.0,1.0,1.0,1.0,1.0,1.0,1.0,1.0,1.0,1.0]
10746,[504,896,3051,3741,4282,4804,5328,9762],[1.0,1.0,1.0,1.0,1.0,1.0,1.0,1.0]
10746,[463,799,1821,4282,5195,6098,7643,9031],[1.0,1.0,1.0,1.0,1.0,1.0,1.0,1.0]
10746,[495,1099,5069,7247,7334,7746,8114,8554,9407],[1.0,1.0,1.0,1.0,1.0,1.0,1.0,1.0,1.0]
10746,[3,966,1931,3441,5069,8729,8935,9270,10419],[1.0,1.0,1.0,1.0,1.0,1.0,1.0,1.0,1.0]
10746,[463,1275,1931,1957,2664,4804,5328,5361],[1.0,1.0,1.0,1.0,1.0,1.0,1.0,1.0]
10746,[834,3089,3741,4971,6819,7317,7788,9049],[1.0,1.0,1.0,1.0,1.0,1.0,1.0,1.0]
10746,[2916,3590,4217,6394,7276,7384,7792,9006,10056],[1.0,1.0,1.0,1.0,1.0,1.0,1.0,1.0,1.0]
10746,[2493,3257,4271,4921,5146,5181,7208,8394,9328,10744],[1.0,1.0,1.0,1.0,1.0,1.0,1.0,1.0,1.0,1.0]
10746,[1411,1791,4217,4258,4424,7705,8935,10641,10697],[1.0,1.0,1.0,1.0,1.0,1.0,1.0,1.0,1.0]
10746,[766,1821,5641,5885,6172,8421,8915,9528],[1.0,1.0,1.0,1.0,1.0,1.0,1.0,1.0]
10746,[1796,1960,3216,4066,4349,4434,7207,8017],[1.0,1.0,1.0,1.0,1.0,1.0,1.0,1.0]
10746,[377,2607,4223,7325,7419,9781,10646,10734],[1.0,1.0,1.0,1.0,1.0,1.0,1.0,1.0]
10746,[2455,2916,5139,7746,7792,8740,8903,9006,9925,10419],[1.0,1.0,1.0,1.0,1.0,1.0,1.0,1.0,1.0,1.0]
10746,[277,336,2455,6263,6453,7923,9565,9679,10121],[1.0,1.0,1.0,1.0,1.0,1.0,1.0,1.0,1.0]
10746,[142,191,2931,5336,6453,7322,9484,9491,9770,10419],[1.0,1.0,1.0,1.0,1.0,1.0,1.0,1.0,1.0,1.0]
