10746,[69,1126,3040,3392,4111,4440,7944,9160],[1.0,1.0,1.0,1.0,1.0,1.0,1.0,1.0]
10746,[1308,1652,4302,4755,4878,6736,9096,10053,10360],[1.0,1.0,1.0,1.0,1.0,1.0,1.0,1.0,1.0]
10746,[69,213,2518,4778,6721,9160,10084,10152,10463],[1.0,1.0,1.0,1.0,1.0,1.0,1.0,1.0,1.0]
10746,[936,1734,2999,4615,8654,8848,9491],[1.0,1.0,1.0,1.0,1.0,1.0,1.0]
10746,[2366,2603,4534,4891,6167,9187,10539],[1.0,1.0,1.0,1.0,1.0,1.0,1.0]
10746,[1529,4632,5181,6646,8107,8917,9244,9632],[1.0,1.0,1.0,1.0,1.0,1.0,1.0,1.0]
10746,[567,635,2618,2984,7959,9187,9534,9613,10680],[1.0,1.0,1.0,1.0,1.0,1.0,1.0,1.0,1.0]
10746,[1634,2493,6341,6394,7382,8635,8749,10742],[1.0,1.0,1.0,1.0,1.0,1.0,1.0,1.0]
10746,[869,2603,2984,3327,8073,8848,9187],[1.0,1.0,1.0,1.0,1.0,1.0,1.0]
10746,[4745,5462,6536,7032,9676],[1.0,1.0,1.0,1.0,1.0]
10746,[2919,4745,6373,6536,7339,9613,9652,9676],[1.0,1.0,1.0,1.0,1.0,1.0,1.0,1.0]
10746,[1570,1706,2278,3371,5079,6462,7699,10595],[1.0,1.0,1.0,1.0,1.0,1.0,1.0,1.0]
10746,[2792,4060,5985,6335,7382,8749,8908,9270],[1.0,1.0,1.0,1.0,1.0,1.0,1.0,1.0]
10746,[1920,5022,5537,6536,6706,7390,9292],[1.0,1.0,1.0,1.0,1.0,1.0,1.0]
10746,[3433,3950,4891,5022,6536,8068,10426,10539],[1.0,1.0,1.0,1.0,1.0,1.0,1.0,1.0]
10746,[273,5641,7773,8056,9814,10068],[1.0,1.0,1.0,1.0,1.0,1.0]
10746,[1255,2895,3741,4496,5022,6536],[1.0,1.0,1.0,1.0,1.0,1.0]
10746,[463,2916,3301,4217,6977,7515],[1.0,1.0,1.0,1.0,1.0,1.0]
10746,[966,3257,7339,7654,9903,9939],[1.0,1.0,1.0,1.0,1.0,1.0]
10746,[1075,1126,2402,2455,3040,5820,7518,10433],[1.0,1.0,1.0,1.0,1.0,1.0,1.0,1.0]
10746,[1989,2391,2740,4162,6310,6862,7157,7506],[1.0,1.0,1.0,1.0,1.0,1.0,1.0,1.0]
