10746,[1310,4385,4440,7742,7999,9632,10113,10154],[1.0,1.0,1.0,1.0,1.0,1.0,1.0,1.0]
10746,[2753,3006,5644,5767,10113,10154,10360],[1.0,1.0,1.0,1.0,1.0,1.0,1.0]
10746,[213,3501,5118,6005,7829,8873,10463],[1.0,1.0,1.0,1.0,1.0,1.0,1.0]
10746,[11,936,2179,4385,8700,10113,10154],[1.0,1.0,1.0,1.0,1.0,1.0,1.0]
10746,[84,533,936,957,1692,3327,7999,9197,10135],[1.0,1.0,1.0,1.0,1.0,1.0,1.0,1.0,1.0]
10746,[533,956,2950,3327,3712,7462,10135],[1.0,1.0,1.0,1.0,1.0,1.0,1.0]
10746,[51,957,2206,3122,3240,7693,9116,9270,9353],[1.0,1.0,1.0,1.0,1.0,1.0,1.0,1.0,1.0]
10746,[1558,2649,2916,3122,3240,6394,10222],[1.0,1.0,1.0,1.0,1.0,1.0,1.0]
10746,[1234,3240,4534,6170,7325,7390,9435],[1.0,1.0,1.0,1.0,1.0,1.0,1.0]
10746,[1234,1558,3426,4258,6796,7204,9079,10038],[1.0,1.0,1.0,1.0,1.0,1.0,1.0,1.0]
10746,[867,1558,1706,4944,7246,8041,10203,10419],[1.0,1.0,1.0,1.0,1.0,1.0,1.0,1.0]
10746,[231,3741,7930,8114,10657],[1.0,1.0,1.0,1.0,1.0]
10746,[51,867,3327,5022,5641,8229,9116],[1.0,1.0,1.0,1.0,1.0,1.0,1.0]
10746,[33,957,2123,5737,7390,8398,9031,9270,9289],[1.0,1.0,1.0,1.0,1.0,1.0,1.0,1.0,1.0]
10746,[33,1948,3545,7205,8398,8582,10690],[1.0,1.0,1.0,1.0,1.0,1.0,1.0]
10746,[867,957,1234,4191,5651,5737,7205,9567],[1.0,1.0,1.0,1.0,1.0,1.0,1.0,1.0]
10746,[867,1310,1523,1683,2326,3122,8398,9270,9273],[1.0,1.0,1.0,1.0,1.0,1.0,1.0,1.0,1.0]
10746,[1558,2455,5651,6609,7930,8114,8398,10419],[1.0,1.0,1.0,1.0,1.0,1.0,1.0,1.0]
10746,[2070,3240,3515,3523,4191,6394,7205,8582],[1.0,1.0,1.0,1.0,1.0,1.0,1.0,1.0]
10746,[1187,1538,2015,4385,6203,7999,10113,10154],[1.0,1.0,1.0,1.0,1.0,1.0,1.0,1.0]
10746,[273,3894],[1.0,1.0]
