10746,[677,970,1844,3824,4440,4561,7370,10360],[1.0,1.0,1.0,1.0,1.0,1.0,1.0,1.0]
10746,[53,213,2724,5941,6429,7319,7818,7836,10463],[1.0,1.0,1.0,1.0,1.0,1.0,1.0,1.0,1.0]
10746,[728,936,1870,2845,3788,7011,7491,9491],[1.0,1.0,1.0,1.0,1.0,1.0,1.0,1.0]
10746,[4053,6411,9514,9704,10463],[1.0,1.0,1.0,1.0,1.0]
10746,[613,4086,6627,7201,7826,8875,9000,9992],[1.0,1.0,1.0,1.0,1.0,1.0,1.0,1.0]
10746,[2366,4217,4576,4611,7561,7812,7898,8057,9611,10530],[1.0,1.0,1.0,1.0,1.0,1.0,1.0,1.0,1.0,1.0]
10746,[1187,1706,3571,5349,6547,7074,7645,10044],[1.0,1.0,1.0,1.0,1.0,1.0,1.0,1.0]
10746,[1718,3651,3813,6823,7933,9183,9379,9407],[1.0,1.0,1.0,1.0,1.0,1.0,1.0,1.0]
10746,[848,3371,3965,4042,6230,6810,8610,9342,10196],[1.0,1.0,1.0,1.0,1.0,1.0,1.0,1.0,1.0]
10746,[1255,4359,4366,4552,6810,7649,8114,8558,9407],[1.0,1.0,1.0,1.0,1.0,1.0,1.0,1.0,1.0]
10746,[143,956,1099,2037,2737,7390,8558,9298,9538],[1.0,1.0,1.0,1.0,1.0,1.0,1.0,1.0,1.0]
10746,[2493,4217,6446,7898,8114,8243,8582,8842,9611],[1.0,1.0,1.0,1.0,1.0,1.0,1.0,1.0,1.0]
10746,[2225,3076,4217,4708,5641,7076,8398,8595,8963],[1.0,1.0,1.0,1.0,1.0,1.0,1.0,1.0,1.0]
10746,[769,884,1862,2325,4135,4197,5984,7441],[1.0,1.0,1.0,1.0,1.0,1.0,1.0,1.0]
10746,[143,1195,5628,6229,6446,7646,8114,8531,8842],[1.0,1.0,1.0,1.0,1.0,1.0,1.0,1.0,1.0]
10746,[365,2596,4217,5885,7646,7826,8114,9903,10579],[1.0,1.0,1.0,1.0,1.0,1.0,1.0,1.0,1.0]
10746,[297,1255,1275,2455,2618,3075,4576,6050,6295,9379],[1.0,1.0,1.0,1.0,1.0,1.0,1.0,1.0,1.0,1.0]
10746,[2182,2856,6603,6750,7838,7996,9851],[1.0,1.0,1.0,1.0,1.0,1.0,1.0]
10746,[956,4191,4681,5820,5940,6115,6295,7010,10536],[1.0,1.0,1.0,1.0,1.0,1.0,1.0,1.0,1.0]
10746,[567,1412,2596,4217,8280,9031,9851],[1.0,1.0,1.0,1.0,1.0,1.0,1.0]
10746,[1255,2618,3320,4205,4755,8114,8421],[1.0,1.0,1.0,1.0,1.0,1.0,1.0]
10746,[365,372,1411,1622,2640,8114,8554,8630,9661],[1.0,1.0,1.0,1.0,1.0,1.0,1.0,1.0,1.0]
10746,[463,4405,4721,7624,8280,8476,8558,10147],[1.0,1.0,1.0,1.0,1.0,1.0,1.0,1.0]
10746,[1042,2208,2520,3741,3890,4730,7561,7646],[1.0,1.0,1.0,1.0,1.0,1.0,1.0,1.0]
10746,[4344,4549,4730,8269,8582,8852,8935,9290,10147],[1.0,1.0,1.0,1.0,1.0,1.0,1.0,1.0,1.0]
10746,[3070,4387,5628,8673,8729,9407,10139,10536],[1.0,1.0,1.0,1.0,1.0,1.0,1.0,1.0]
10746,[1255,2708,3070,4552,7117,7390,8114,8355,9788],[1.0,1.0,1.0,1.0,1.0,1.0,1.0,1.0,1.0]
10746,[12,1411,2916,3070,6417,8280,8673,9298],[1.0,1.0,1.0,1.0,1.0,1.0,1.0,1.0]
10746,[1865,2618,4680,5983,6035,8280,8935,9298],[1.0,1.0,1.0,1.0,1.0,1.0,1.0,1.0]
10746,[902,1099,1300,4149,5328,8923,8935,9460,10082],[1.0,1.0,1.0,1.0,1.0,1.0,1.0,1.0,1.0]
10746,[1037,1862,4332,5188,5662,6603,7518,10536],[1.0,1.0,1.0,1.0,1.0,1.0,1.0,1.0]
10746,[991,1526,3070,4202,4520,8114,8558,10617],[1.0,1.0,1.0,1.0,1.0,1.0,1.0,1.0]
10746,[550,3731,4711,6298,6590,8249,9557,9625,10232],[1.0,1.0,1.0,1.0,1.0,1.0,1.0,1.0,1.0]
10746,[501,2432,2708,5222,5648,7441,7545,8842,9988],[1.0,1.0,1.0,1.0,1.0,1.0,1.0,1.0,1.0]
10746,[463,2455,2708,4149,4405,4534,6335,9460,10068,10621],[1.0,1.0,1.0,1.0,1.0,1.0,1.0,1.0,1.0,1.0]
10746,[1255,2708,4424,5641,6299,6341,6394,7117,8729],[1.0,1.0,1.0,1.0,1.0,1.0,1.0,1.0,1.0]
10746,[1706,2079,2618,3741,7423,8421,8554,10626,10670],[1.0,1.0,1.0,1.0,1.0,1.0,1.0,1.0,1.0]
10746,[14,1936,2901,4649,6005,8476,8904,9632,10734],[1.0,1.0,1.0,1.0,1.0,1.0,1.0,1.0,1.0]
10746,[88,869,3257,4405,4622,7826,10082,10734],[1.0,1.0,1.0,1.0,1.0,1.0,1.0,1.0]
10746,[1706,2362,7307,7446,7838,8582,9851,10082],[1.0,1.0,1.0,1.0,1.0,1.0,1.0,1.0]
10746,[2455,3035,4217,6167,6877,7826,8554,8938,9476,10682],[1.0,1.0,1.0,1.0,1.0,1.0,1.0,1.0,1.0,1.0]
10746,[14,3545,6603,7980,9291,9724,9841,10222,10419,10438],[1.0,1.0,1.0,1.0,1.0,1.0,1.0,1.0,1.0,1.0]
10746,[25,1531,2916,3734,4424,6395,10433],[1.0,1.0,1.0,1.0,1.0,1.0,1.0]
10746,[315,1255,1411,2708,3070,4191,4424,6170],[1.0,1.0,1.0,1.0,1.0,1.0,1.0,1.0]
10746,[844,896,956,1073,2461,2473,7503,9661,10617],[1.0,1.0,1.0,1.0,1.0,1.0,1.0,1.0,1.0]
10746,[1706,2618,2708,5205,5641,6201,9816],[1.0,1.0,1.0,1.0,1.0,1.0,1.0]
10746,[2123,2794,5628,6952,7544,8729,9292,9460],[1.0,1.0,1.0,1.0,1.0,1.0,1.0,1.0]
10746,[273,758,1237,3426,3824,4191,5142,6295,9102],[1.0,1.0,1.0,1.0,1.0,1.0,1.0,1.0,1.0]
10746,[460,1156,1676,2576,4713,5876,8416,9049,9338,10616],[1.0,1.0,1.0,1.0,1.0,1.0,1.0,1.0,1.0,1.0]
10746,[3318,3398,5027,5505,5628,6295,8576,10433],[1.0,1.0,1.0,1.0,1.0,1.0,1.0,1.0]
10746,[1844,2916,4611,4719,7370,8476,8768,9851],[1.0,1.0,1.0,1.0,1.0,1.0,1.0,1.0]
10746,[53,1099,2756,7319,7491,8655,8824,10222,10621],[1.0,1.0,1.0,1.0,1.0,1.0,1.0,1.0,1.0]
10746,[499,1616,2530,4050,8349,9022,10028,10536],[1.0,1.0,1.0,1.0,1.0,1.0,1.0,1.0]
10746,[2083,3200,4552,5819,5941,6429,7836,9523],[1.0,1.0,1.0,1.0,1.0,1.0,1.0,1.0]
10746,[501,1706,2074,2332,3965,5939,10104],[1.0,1.0,1.0,1.0,1.0,1.0,1.0]
10746,[5592,6919,6989,9204,9523,10104],[1.0,1.0,1.0,1.0,1.0,1.0]
