10746,[1237,2144,4440,5442,6758,8403,8635,9542],[1.0,1.0,1.0,1.0,1.0,1.0,1.0,1.0]
10746,[1652,2144,2518,4778,5442,8389,10152,10360],[1.0,1.0,1.0,1.0,1.0,1.0,1.0,1.0]
10746,[39,213,1304,3844,5512,6131,6753,10201],[1.0,1.0,1.0,1.0,1.0,1.0,1.0,1.0]
10746,[936,3439,3592,4217,4722,5373,7379,7744],[1.0,1.0,1.0,1.0,1.0,1.0,1.0,1.0]
10746,[1075,1099,2708,2771,7654,8695,9871,10135,10285],[1.0,1.0,1.0,1.0,1.0,1.0,1.0,1.0,1.0]
10746,[3545,3683,4191,4650,4968,7323,7506,8575,9683,9851],[1.0,1.0,1.0,1.0,1.0,1.0,1.0,1.0,1.0,1.0]
10746,[276,4332,7506,7955,8936,8947,9784,9828],[1.0,1.0,1.0,1.0,1.0,1.0,1.0,1.0]
10746,[1237,3290,6335,7645,7917,9270,9298,9559],[1.0,1.0,1.0,1.0,1.0,1.0,1.0,1.0]
10746,[58,4217,6410,6485,7955,8936,9841,9851,10621],[1.0,1.0,1.0,1.0,1.0,1.0,1.0,1.0,1.0]
10746,[768,874,4277,4722,6410],[1.0,1.0,1.0,1.0,1.0]
10746,[3683,4968,5564,6437,6550,9969,10621],[1.0,1.0,1.0,1.0,1.0,1.0,1.0]
10746,[4688,5001,7028,7353,8666,9102,10621],[1.0,1.0,1.0,1.0,1.0,1.0,1.0]
10746,[55,968,6172,7465,8947,9298,9784],[1.0,1.0,1.0,1.0,1.0,1.0,1.0]
10746,[2411,6394,6497,8114,8837,8947,10433,10621],[1.0,1.0,1.0,1.0,1.0,1.0,1.0,1.0]
10746,[769,2899,4042,7207,8041,8337,8947,9485],[1.0,1.0,1.0,1.0,1.0,1.0,1.0,1.0]
10746,[1700,2411,2980,6026,6227,6497,8680,9289],[1.0,1.0,1.0,1.0,1.0,1.0,1.0,1.0]
10746,[3104,4223,4722,4968,5564,5737,8517,10023],[1.0,1.0,1.0,1.0,1.0,1.0,1.0,1.0]
10746,[276,758,3343,4217,6437,6787,8893,10621],[1.0,1.0,1.0,1.0,1.0,1.0,1.0,1.0]
10746,[274,902,2411,7202,7502,7955,9056,10621],[1.0,1.0,1.0,1.0,1.0,1.0,1.0,1.0]
10746,[822,1771,4795,4801,7286,9262,9569],[1.0,1.0,1.0,1.0,1.0,1.0,1.0]
10746,[543,1616,2771,3514,4066,4722,5969,7573],[1.0,1.0,1.0,1.0,1.0,1.0,1.0,1.0]
10746,[1771,7903,8041,8810,9632,9810],[1.0,1.0,1.0,1.0,1.0,1.0]
