10746,[677,1844,1965,4440,6167,7370,9851],[1.0,1.0,1.0,1.0,1.0,1.0,1.0]
10746,[134,213,970,1827,3578,7818,8120,10360,10463],[1.0,1.0,1.0,1.0,1.0,1.0,1.0,1.0,1.0]
10746,[936,1740,3571,3698,5867,8120,9087,9270,10514],[1.0,1.0,1.0,1.0,1.0,1.0,1.0,1.0,1.0]
10746,[153,896,3192,5580,6607,6754,10670],[1.0,1.0,1.0,1.0,1.0,1.0,1.0]
10746,[365,902,1299,3192,4292,7349,8547,10638],[1.0,1.0,1.0,1.0,1.0,1.0,1.0,1.0]
10746,[1870,2114,4804,6335,8114,8310,9292,10222,10694],[1.0,1.0,1.0,1.0,1.0,1.0,1.0,1.0,1.0]
10746,[2114,3523,4590,5428,6732,6850,9273,9541,10222],[1.0,1.0,1.0,1.0,1.0,1.0,1.0,1.0,1.0]
10746,[143,2317,2518,2690,4802,5181,10116],[1.0,1.0,1.0,1.0,1.0,1.0,1.0]
10746,[14,121,365,896,902,1910,3651,4217,6385],[1.0,1.0,1.0,1.0,1.0,1.0,1.0,1.0,1.0]
10746,[549,635,3741,6328,6603,7114,7123,8114],[1.0,1.0,1.0,1.0,1.0,1.0,1.0,1.0]
10746,[55,2067,2603,5349,7205,9460],[1.0,1.0,1.0,1.0,1.0,1.0]
10746,[1255,2114,3153,4416,4671,5945,6985,8114,8663,10222],[1.0,1.0,1.0,1.0,1.0,1.0,1.0,1.0,1.0,1.0]
10746,[567,2114,2123,3589,6276,6985,7225,8582,10068],[1.0,1.0,1.0,1.0,1.0,1.0,1.0,1.0,1.0]
10746,[13,121,1829,1965,2455,4501,4854,5607,6385],[1.0,1.0,1.0,1.0,1.0,1.0,1.0,1.0,1.0]
10746,[635,1740,3545,3698,3835,8092,9188,9851,10514],[1.0,1.0,1.0,1.0,1.0,1.0,1.0,1.0,1.0]
10746,[439,2916,3257,3344,4217,5290,8467,10433,10734],[1.0,1.0,1.0,1.0,1.0,1.0,1.0,1.0,1.0]
10746,[14,1248,3681,4217,5786,6426,9776,10433],[1.0,1.0,1.0,1.0,1.0,1.0,1.0,1.0]
10746,[14,1740,2493,6553,7084,10419],[1.0,1.0,1.0,1.0,1.0,1.0]
10746,[2518,3782,4094,6603,6985,8114,8520,9210],[1.0,1.0,1.0,1.0,1.0,1.0,1.0,1.0]
10746,[14,2608,3685,5661,6005,6603,8239,8903],[1.0,1.0,1.0,1.0,1.0,1.0,1.0,1.0]
10746,[153,4482,7153,7325,7423,7586,9162,9632],[1.0,1.0,1.0,1.0,1.0,1.0,1.0,1.0]
10746,[126,1423,1534,4210,4755,6952,7981,8109,8755,10388],[1.0,1.0,1.0,1.0,1.0,1.0,1.0,1.0,1.0,1.0]
10746,[956,1965,2114,4501,4854,5343,6229,6335,10699],[1.0,1.0,1.0,1.0,1.0,1.0,1.0,1.0,1.0]
10746,[2425,3698,4370,5876,7728,9338,10616],[1.0,1.0,1.0,1.0,1.0,1.0,1.0]
10746,[460,1676,3318,3398,5027,5505,8416,10433],[1.0,1.0,1.0,1.0,1.0,1.0,1.0,1.0]
10746,[1844,4611,4719,5628,6295,7370,8476,8576,9851],[1.0,1.0,1.0,1.0,1.0,1.0,1.0,1.0,1.0]
