10746,[4440,7280,7802,8177,8323,9279,9632,10054,10360],[1.0,1.0,1.0,1.0,1.0,1.0,1.0,1.0,1.0]
10746,[213,1316,1652,5351,6380,6980,7031,10463],[1.0,1.0,1.0,1.0,1.0,1.0,1.0,1.0]
10746,[27,936,1098,4203,4606,5918,8494,9639],[1.0,1.0,1.0,1.0,1.0,1.0,1.0,1.0]
10746,[27,357,556,1098,4149,5592,9639],[1.0,1.0,1.0,1.0,1.0,1.0,1.0]
10746,[1341,1426,5592,6341,8539,8907,9289,9290,9513],[1.0,1.0,1.0,1.0,1.0,1.0,1.0,1.0,1.0]
10746,[27,1098,2079,2251,3630,5181,8280,9289,9639],[1.0,1.0,1.0,1.0,1.0,1.0,1.0,1.0,1.0]
10746,[2227,3106,3658,7746,9400],[1.0,1.0,1.0,1.0,1.0]
10746,[27,143,556,1098,5592,7079,8227,8280,9639],[1.0,1.0,1.0,1.0,1.0,1.0,1.0,1.0,1.0]
10746,[747,1493,3658,3859,4258,5438,6145],[1.0,1.0,1.0,1.0,1.0,1.0,1.0]
10746,[126,902,1150,2251,4355,5438,7075],[1.0,1.0,1.0,1.0,1.0,1.0,1.0]
10746,[1150,2251,3509,3677,7169,9289,10056],[1.0,1.0,1.0,1.0,1.0,1.0,1.0]
10746,[27,2916,3304,4534,7606,8073,8114],[1.0,1.0,1.0,1.0,1.0,1.0,1.0]
10746,[1144,2916,4525,4771,8740,10222],[1.0,1.0,1.0,1.0,1.0,1.0]
10746,[2314,3732,4871,5592,5641,8114,8602,10670],[1.0,1.0,1.0,1.0,1.0,1.0,1.0,1.0]
10746,[1275,3525,4191,5181,6115,6417,7480,8818,9851],[1.0,1.0,1.0,1.0,1.0,1.0,1.0,1.0,1.0]
10746,[661,3082,3525,4671,7725,7995,8280],[1.0,1.0,1.0,1.0,1.0,1.0,1.0]
10746,[27,302,1255,3089,4534,7506,8280,8818],[1.0,1.0,1.0,1.0,1.0,1.0,1.0,1.0]
10746,[143,247,2916,3732,5280,7338,9677],[1.0,1.0,1.0,1.0,1.0,1.0,1.0]
10746,[27,2916,3885,5438,8073,8748,9518,10539],[1.0,1.0,1.0,1.0,1.0,1.0,1.0,1.0]
10746,[365,2067,5569,6301,6341,10054],[1.0,1.0,1.0,1.0,1.0,1.0]
