10746,[1237,2505,2727,3798,4440,4814,6463,8900],[1.0,1.0,1.0,1.0,1.0,1.0,1.0,1.0]
10746,[213,647,772,936,3281,5316,7571,8136,8526],[1.0,1.0,1.0,1.0,1.0,1.0,1.0,1.0,1.0]
10746,[936,2505,3798,4814,6335,6463,7890,8900,9339],[1.0,1.0,1.0,1.0,1.0,1.0,1.0,1.0,1.0]
10746,[463,896,1255,1455,1562,4534,6031],[1.0,1.0,1.0,1.0,1.0,1.0,1.0]
10746,[558,561,1794,4217,5530,7948,9632,9920,10419],[1.0,1.0,1.0,1.0,1.0,1.0,1.0,1.0,1.0]
10746,[558,4202,4701,8114,8509,8552,9273,9632],[1.0,1.0,1.0,1.0,1.0,1.0,1.0,1.0]
10746,[656,4217,4649,7923,9273,9819,9985,10433],[1.0,1.0,1.0,1.0,1.0,1.0,1.0,1.0]
10746,[172,561,896,2114,3993,4534,10419],[1.0,1.0,1.0,1.0,1.0,1.0,1.0]
10746,[825,3144,3995,4534,5074,5150,7019,7074,7751],[1.0,1.0,1.0,1.0,1.0,1.0,1.0,1.0,1.0]
10746,[172,365,558,2117,2505,4369,4442,6167,9270],[1.0,1.0,1.0,1.0,1.0,1.0,1.0,1.0,1.0]
10746,[902,2455,3798,4259,6047,6494,7519,7796],[1.0,1.0,1.0,1.0,1.0,1.0,1.0,1.0]
10746,[2093,4191,4576,4618,5628,8002,10220,10419,10489,10518],[1.0,1.0,1.0,1.0,1.0,1.0,1.0,1.0,1.0,1.0]
