10746,[24,2435,4440,4907,6826,8700,8910,9332],[1.0,1.0,1.0,1.0,1.0,1.0,1.0,1.0]
10746,[213,1326,3133,3268,3442,4534,5204,6394,10360],[1.0,1.0,1.0,1.0,1.0,1.0,1.0,1.0,1.0]
10746,[976,4953,8910,9000,9020,9491,9906,10463],[1.0,1.0,1.0,1.0,1.0,1.0,1.0,1.0]
10746,[4405,4606,5320,7746,9150,9953,9988],[1.0,1.0,1.0,1.0,1.0,1.0,1.0]
10746,[758,2185,4418,6002,8114,9150,9988],[1.0,1.0,1.0,1.0,1.0,1.0,1.0]
10746,[191,463,902,3106,4259,9150,9988,10419],[1.0,1.0,1.0,1.0,1.0,1.0,1.0,1.0]
10746,[463,956,1275,1291,2530,3144,4475,10419,10433],[1.0,1.0,1.0,1.0,1.0,1.0,1.0,1.0,1.0]
10746,[661,1137,1154,1758,2530,6335,7117,9988,10714],[1.0,1.0,1.0,1.0,1.0,1.0,1.0,1.0,1.0]
10746,[779,4178,5988,7696,7904,8344,9988,10536],[1.0,1.0,1.0,1.0,1.0,1.0,1.0,1.0]
10746,[3008,3951,4178,4498,4953,5042,7166,9558],[1.0,1.0,1.0,1.0,1.0,1.0,1.0,1.0]
10746,[902,3951,4609,6329,7155,8215,8411,9388],[1.0,1.0,1.0,1.0,1.0,1.0,1.0,1.0]
10746,[3661,4636,5604,7696,10203,10536,10716],[1.0,1.0,1.0,1.0,1.0,1.0,1.0]
10746,[3547,3997,4534,9150,9953,9988,10206,10222],[1.0,1.0,1.0,1.0,1.0,1.0,1.0,1.0]
10746,[976,2435,2627,4953,8910,9020,9332,9491,9863],[1.0,1.0,1.0,1.0,1.0,1.0,1.0,1.0,1.0]
10746,[463,1084,3509,3741,4955,6394,10068,10247,10621],[1.0,1.0,1.0,1.0,1.0,1.0,1.0,1.0,1.0]
10746,[3741,6394,10068,10347],[1.0,1.0,1.0,1.0]
10746,[1652,2129,3509,3857,4929,8700,10068],[1.0,1.0,1.0,1.0,1.0,1.0,1.0]
10746,[9194],[1.0]
