10746,[654,838,4405,4440,7953,8022,8323,10054],[1.0,1.0,1.0,1.0,1.0,1.0,1.0,1.0]
10746,[213,513,1652,5351,6980,8177,10326,10360,10463],[1.0,1.0,1.0,1.0,1.0,1.0,1.0,1.0,1.0]
10746,[838,936,1369,3783,3864,6481,7084,9997,10326],[1.0,1.0,1.0,1.0,1.0,1.0,1.0,1.0,1.0]
10746,[549,654,747,3257,3426,6451,9534,10433,10583],[1.0,1.0,1.0,1.0,1.0,1.0,1.0,1.0,1.0]
10746,[806,1310,4445,5221,7715,7768,9632],[1.0,1.0,1.0,1.0,1.0,1.0,1.0]
10746,[464,2285,3595,4371,4687,5181,8701],[1.0,1.0,1.0,1.0,1.0,1.0,1.0]
10746,[348,424,2281,4104,4395,4445,5471,10054],[1.0,1.0,1.0,1.0,1.0,1.0,1.0,1.0]
10746,[501,1706,2082,2493,4395,4801,5969,6485,9536],[1.0,1.0,1.0,1.0,1.0,1.0,1.0,1.0,1.0]
10746,[27,359,1150,3720,5626,5683],[1.0,1.0,1.0,1.0,1.0,1.0]
10746,[1233,1255,1905,3532,4948,5328,8747,9270],[1.0,1.0,1.0,1.0,1.0,1.0,1.0,1.0]
10746,[155,1005,1099,4534,5371,5998,6401,7390,7518],[1.0,1.0,1.0,1.0,1.0,1.0,1.0,1.0,1.0]
10746,[1099,2627,3433,3864,7418,8714,10054,10536],[1.0,1.0,1.0,1.0,1.0,1.0,1.0,1.0]
