10746,[3128,4191,4274,4440,4561,5293,6294,9160],[1.0,1.0,1.0,1.0,1.0,1.0,1.0,1.0]
10746,[213,1652,2518,4755,4778,5820,6721,7937,10084,10360],[1.0,1.0,1.0,1.0,1.0,1.0,1.0,1.0,1.0,1.0]
10746,[728,2348,4069,6294,7367,9160,9654,10152,10463],[1.0,1.0,1.0,1.0,1.0,1.0,1.0,1.0,1.0]
10746,[936,2348,3025,4582,7367,7582,7997],[1.0,1.0,1.0,1.0,1.0,1.0,1.0]
10746,[1985,2518,3197,3757,7486,7898,9101,9465],[1.0,1.0,1.0,1.0,1.0,1.0,1.0,1.0]
10746,[1598,4891,6098,6391,8673,9534,9831],[1.0,1.0,1.0,1.0,1.0,1.0,1.0]
10746,[2786,3708,4582,5031,5700,6335,8732,9379],[1.0,1.0,1.0,1.0,1.0,1.0,1.0,1.0]
10746,[1535,1920,2708,2935,4611,6033,6335,9270,9776],[1.0,1.0,1.0,1.0,1.0,1.0,1.0,1.0,1.0]
10746,[1550,2330,2364,2366,4854,6520,8041,9604],[1.0,1.0,1.0,1.0,1.0,1.0,1.0,1.0]
10746,[4582],[1.0]
