10746,[96,294,688,4440,4755,4778,5084,5624,7207],[1.0,1.0,1.0,1.0,1.0,1.0,1.0,1.0,1.0]
10746,[208,213,851,2518,4299,7416,9491,10152,10360,10463],[1.0,1.0,1.0,1.0,1.0,1.0,1.0,1.0,1.0,1.0]
10746,[15,52,208,578,936,3545,4299,7580,9491,9846],[1.0,1.0,1.0,1.0,1.0,1.0,1.0,1.0,1.0,1.0]
10746,[1222,3685,3997,6229,7339,8398,9412,9465],[1.0,1.0,1.0,1.0,1.0,1.0,1.0,1.0]
10746,[193,3381,4405,4640,6159,8109,8170,9962],[1.0,1.0,1.0,1.0,1.0,1.0,1.0,1.0]
10746,[549,956,1920,4217,4649,4950,5641,8114,9816],[1.0,1.0,1.0,1.0,1.0,1.0,1.0,1.0,1.0]
10746,[1237,1275,1535,1920,2493,4217,5916,7506,8595],[1.0,1.0,1.0,1.0,1.0,1.0,1.0,1.0,1.0]
10746,[51,3741,3754,5885,5985,6335,9851,10419],[1.0,1.0,1.0,1.0,1.0,1.0,1.0,1.0]
10746,[501,747,1150,1588,4929,6395,7325,7379,8280],[1.0,1.0,1.0,1.0,1.0,1.0,1.0,1.0,1.0]
10746,[2611,3587,3921,4198,5690,6640,7112,9292],[1.0,1.0,1.0,1.0,1.0,1.0,1.0,1.0]
10746,[122,2123,4721,7506,8701,9273,9748,10438],[1.0,1.0,1.0,1.0,1.0,1.0,1.0,1.0]
10746,[1481,2043,3515,3532,3545,6229,9831,10734],[1.0,1.0,1.0,1.0,1.0,1.0,1.0,1.0]
10746,[55,902,3089,4202,6341,7923,9270,9348,10536],[1.0,1.0,1.0,1.0,1.0,1.0,1.0,1.0,1.0]
10746,[14,172,549,3545,4611,6080,9632,10103,10690],[1.0,1.0,1.0,1.0,1.0,1.0,1.0,1.0,1.0]
10746,[1299,2123,4888,9348,10381,10536],[1.0,1.0,1.0,1.0,1.0,1.0]
10746,[143,463,1534,6341,8993,10536,10734],[1.0,1.0,1.0,1.0,1.0,1.0,1.0]
10746,[902,1275,4534,5928,9348,9460,10103],[1.0,1.0,1.0,1.0,1.0,1.0,1.0]
10746,[1255,1628,1791,6172,7117,7506,8176,8673,9379],[1.0,1.0,1.0,1.0,1.0,1.0,1.0,1.0,1.0]
10746,[1018,1036,4611,6341,6616,8114,8257,9273],[1.0,1.0,1.0,1.0,1.0,1.0,1.0,1.0]
10746,[129,372,869,902,1255,3532,6229,6335,9273,9364],[1.0,1.0,1.0,1.0,1.0,1.0,1.0,1.0,1.0,1.0]
10746,[683,2916,3677,4066,6341,8040,8109,8729,9273],[1.0,1.0,1.0,1.0,1.0,1.0,1.0,1.0,1.0]
10746,[1706,2407,7843,8109,9191,9273,10082],[1.0,1.0,1.0,1.0,1.0,1.0,1.0]
10746,[206,838,896,1237,4669,5107,5552],[1.0,1.0,1.0,1.0,1.0,1.0,1.0]
10746,[11,838,1099,3698,4965,5314,8700,9816,10433],[1.0,1.0,1.0,1.0,1.0,1.0,1.0,1.0,1.0]
10746,[2455,4440,5793,8554,8941,10068,10312],[1.0,1.0,1.0,1.0,1.0,1.0,1.0]
10746,[529,896,2611,4198,8917,9465,9632,10068],[1.0,1.0,1.0,1.0,1.0,1.0,1.0,1.0]
10746,[15,52,208,578,688,4299,6523,9491],[1.0,1.0,1.0,1.0,1.0,1.0,1.0,1.0]
