10746,[2610,3844,4411,4440,4778,5300,6753,9491,10569],[1.0,1.0,1.0,1.0,1.0,1.0,1.0,1.0,1.0]
10746,[39,1237,3844,6131,6753,8635,10201],[1.0,1.0,1.0,1.0,1.0,1.0,1.0]
10746,[3277,3844,5279,5358,9113,9491],[1.0,1.0,1.0,1.0,1.0,1.0]
10746,[3277,3844,5279,5358,5900,7786,9113,9491],[1.0,1.0,1.0,1.0,1.0,1.0,1.0,1.0]
10746,[2518,3844,4055,4778,5017,7463,8540,9865,10152,10360],[1.0,1.0,1.0,1.0,1.0,1.0,1.0,1.0,1.0,1.0]
10746,[213,936,1284,3370,6229,6457,7998,8083],[1.0,1.0,1.0,1.0,1.0,1.0,1.0,1.0]
10746,[1098,2123,2493,2849,4066,8114,9972],[1.0,1.0,1.0,1.0,1.0,1.0,1.0]
10746,[556,650,1411,1829,2425,6457,7604,9453,9523,9972],[1.0,1.0,1.0,1.0,1.0,1.0,1.0,1.0,1.0,1.0]
10746,[2366,2492,9910,9972,10621],[1.0,1.0,1.0,1.0,1.0]
10746,[2070,4888,6229,8114,9724,9903,10621],[1.0,1.0,1.0,1.0,1.0,1.0,1.0]
10746,[2185,3340,3467,6457,6665,7935,8554,8729,9298,9972],[1.0,1.0,1.0,1.0,1.0,1.0,1.0,1.0,1.0,1.0]
10746,[896,3082,4934,6335,9247,9365,9379],[1.0,1.0,1.0,1.0,1.0,1.0,1.0]
10746,[2916,4149,6457,8114,9237,9247,9910],[1.0,1.0,1.0,1.0,1.0,1.0,1.0]
10746,[827,1534,3592,8991,9460,9523,9910,9972],[1.0,1.0,1.0,1.0,1.0,1.0,1.0,1.0]
10746,[262,2455,4191,5197,5304,6401,8309,8575],[1.0,1.0,1.0,1.0,1.0,1.0,1.0,1.0]
10746,[51,4102,5197,5304,9733,10082,10419],[1.0,1.0,1.0,1.0,1.0,1.0,1.0]
10746,[2455,2708,3045,3661,5142,5891,6035,7307,9972],[1.0,1.0,1.0,1.0,1.0,1.0,1.0,1.0,1.0]
10746,[806,4188,6229,6335,6770,7425,10419],[1.0,1.0,1.0,1.0,1.0,1.0,1.0]
10746,[1225,4258,6229,6808,8959,9247],[1.0,1.0,1.0,1.0,1.0,1.0]
10746,[365,822,4036,4332,4848,6753,7379,8729],[1.0,1.0,1.0,1.0,1.0,1.0,1.0,1.0]
