10746,[513,654,2455,3864,4440,6626,10326],[1.0,1.0,1.0,1.0,1.0,1.0,1.0]
10746,[213,806,1310,1652,3261,4955,5477,5622,10360,10463],[1.0,1.0,1.0,1.0,1.0,1.0,1.0,1.0,1.0,1.0]
10746,[442,513,936,3864,5477,5733,10326],[1.0,1.0,1.0,1.0,1.0,1.0,1.0]
10746,[126,3305,4687,5106,5641,8495,8872,9000,10334],[1.0,1.0,1.0,1.0,1.0,1.0,1.0,1.0,1.0]
10746,[902,1462,4420,4611,6172,7506,8298,8850],[1.0,1.0,1.0,1.0,1.0,1.0,1.0,1.0]
10746,[567,902,2828,2916,3545,3913,4520,4611,9665],[1.0,1.0,1.0,1.0,1.0,1.0,1.0,1.0,1.0]
10746,[567,902,4191,4520,7419,9524,10621],[1.0,1.0,1.0,1.0,1.0,1.0,1.0]
10746,[1255,2618,3257,4534,5639,9524,10433,10620],[1.0,1.0,1.0,1.0,1.0,1.0,1.0,1.0]
10746,[771,902,3592,4277,6640,8554,9665,9903],[1.0,1.0,1.0,1.0,1.0,1.0,1.0,1.0]
10746,[204,2497,3082,5367,7868,9298,10692],[1.0,1.0,1.0,1.0,1.0,1.0,1.0]
10746,[2667,3133,3748,6338,8850,9181,9354,9632],[1.0,1.0,1.0,1.0,1.0,1.0,1.0,1.0]
10746,[491,3265,4520,6640,6855,9235,9903],[1.0,1.0,1.0,1.0,1.0,1.0,1.0]
10746,[2312,4210,4525,6628,8398,9289,9331],[1.0,1.0,1.0,1.0,1.0,1.0,1.0]
10746,[3748,3850,6819,7064,8119,8375,9665],[1.0,1.0,1.0,1.0,1.0,1.0,1.0]
10746,[3216,3864,5641,8005],[1.0,1.0,1.0,1.0]
