10746,[513,654,3864,4440,8022,10326],[1.0,1.0,1.0,1.0,1.0,1.0]
10746,[838,1652,3261,4277,4405,4955,5820,7937,7953,10360],[1.0,1.0,1.0,1.0,1.0,1.0,1.0,1.0,1.0,1.0]
10746,[213,936,5622,5901,6537,7318,9405,10463],[1.0,1.0,1.0,1.0,1.0,1.0,1.0,1.0]
10746,[513,936,1110,3864,4587,10326],[1.0,1.0,1.0,1.0,1.0,1.0]
10746,[143,223,1310,3768,4213,5820,7384,9632],[1.0,1.0,1.0,1.0,1.0,1.0,1.0,1.0]
10746,[252,273,734,806,1310,2123,6295,9851],[1.0,1.0,1.0,1.0,1.0,1.0,1.0,1.0]
10746,[806,1310,1656,5642,6172,6590,7843],[1.0,1.0,1.0,1.0,1.0,1.0,1.0]
10746,[252,1310,3448,4416,5763,6172,7653,8621],[1.0,1.0,1.0,1.0,1.0,1.0,1.0,1.0]
10746,[223,601,1310,2618,6356,6379,7276,8114,10139],[1.0,1.0,1.0,1.0,1.0,1.0,1.0,1.0,1.0]
10746,[601,2618,4416,4904,6379,6600,9460],[1.0,1.0,1.0,1.0,1.0,1.0,1.0]
10746,[806,1310,2493,7276,8114,10617],[1.0,1.0,1.0,1.0,1.0,1.0]
10746,[1548,2596,3655,3850,5423,5704],[1.0,1.0,1.0,1.0,1.0,1.0]
10746,[1378,2182,2524,3821,5820,6312,8500],[1.0,1.0,1.0,1.0,1.0,1.0,1.0]
10746,[1988,2364,3097,3821,4382,5181,5505,5662,8114],[1.0,1.0,1.0,1.0,1.0,1.0,1.0,1.0,1.0]
10746,[2618,2969,3821,4606,5642,7338,7843],[1.0,1.0,1.0,1.0,1.0,1.0,1.0]
10746,[365,758,1529,2706,3021,6172,6400,6442,8114,9871],[1.0,1.0,1.0,1.0,1.0,1.0,1.0,1.0,1.0,1.0]
10746,[290,1099,3768,4332,6342,6442,9289],[1.0,1.0,1.0,1.0,1.0,1.0,1.0]
10746,[481,860,1099,1673,4142,4332,5983,8670],[1.0,1.0,1.0,1.0,1.0,1.0,1.0,1.0]
10746,[35,4268,4374,6442,7363,8729,9841],[1.0,1.0,1.0,1.0,1.0,1.0,1.0]
10746,[501,3089,3905,5181,6442,6851,7363],[1.0,1.0,1.0,1.0,1.0,1.0,1.0]
10746,[634,2407,4650,5596,5983,7874,8988,10401],[1.0,1.0,1.0,1.0,1.0,1.0,1.0,1.0]
10746,[271,751,838,5641,8040,8114,8600,9270],[1.0,1.0,1.0,1.0,1.0,1.0,1.0,1.0]
10746,[14,3842,3850,3864,4374],[1.0,1.0,1.0,1.0,1.0]
