10746,[4440,6022,6753,7038,8104,8140,10188],[1.0,1.0,1.0,1.0,1.0,1.0,1.0]
10746,[342,822,3900,4149,4277,6216,6335,7906,8104,8372],[1.0,1.0,1.0,1.0,1.0,1.0,1.0,1.0,1.0,1.0]
10746,[223,1652,4734,10647],[1.0,1.0,1.0,1.0]
10746,[204,1984,2289,4092,4871,7384,7857,10222],[1.0,1.0,1.0,1.0,1.0,1.0,1.0,1.0]
10746,[213,913,3844,5345,5358,5364,10360,10463],[1.0,1.0,1.0,1.0,1.0,1.0,1.0,1.0]
10746,[39,936,3844,6131,6753,8104,8140,10201],[1.0,1.0,1.0,1.0,1.0,1.0,1.0,1.0]
10746,[39,936,3844,6022,6753,7038,10188],[1.0,1.0,1.0,1.0,1.0,1.0,1.0]
10746,[936,6131,6753,8104,8140,10188,10201],[1.0,1.0,1.0,1.0,1.0,1.0,1.0]
10746,[936,2799,6022,7038,8280,9289,9465],[1.0,1.0,1.0,1.0,1.0,1.0,1.0]
10746,[1326,3783,4114,5050,5641,6229,7012,9344],[1.0,1.0,1.0,1.0,1.0,1.0,1.0,1.0]
10746,[1817,3270,4191,4232,5050,6035,9632],[1.0,1.0,1.0,1.0,1.0,1.0,1.0]
10746,[6229,6335,6650,8004,8842,8942,9317,10139,10176],[1.0,1.0,1.0,1.0,1.0,1.0,1.0,1.0,1.0]
10746,[1817,3192,3270,3813,5207,6802,9523,9972],[1.0,1.0,1.0,1.0,1.0,1.0,1.0,1.0]
10746,[2425,4149,5564,8807,8942,10176,10621],[1.0,1.0,1.0,1.0,1.0,1.0,1.0]
10746,[2492,3545,5604,6754,8729,9270,9953],[1.0,1.0,1.0,1.0,1.0,1.0,1.0]
10746,[126,1920,3876,4226,6590,7403,8041,8942,9676,10281],[1.0,1.0,1.0,1.0,1.0,1.0,1.0,1.0,1.0,1.0]
10746,[1479,6359,8942,9270,9523,9676,9972],[1.0,1.0,1.0,1.0,1.0,1.0,1.0]
10746,[3669,4191,4405,4439,6229,8114,8942,10176],[1.0,1.0,1.0,1.0,1.0,1.0,1.0,1.0]
10746,[2104,2455,3545,5443,6754,8041,8729,9270,9953],[1.0,1.0,1.0,1.0,1.0,1.0,1.0,1.0,1.0]
10746,[822,3669,4439,4534,6229,6564,7317,9523],[1.0,1.0,1.0,1.0,1.0,1.0,1.0,1.0]
10746,[827,1255,2492,8114,8646,8991,9618,9910],[1.0,1.0,1.0,1.0,1.0,1.0,1.0,1.0]
10746,[822,6229,6457,6819,7316,7421],[1.0,1.0,1.0,1.0,1.0,1.0]
10746,[2916,3890,9523,10433],[1.0,1.0,1.0,1.0]
10746,[822,4066,6457,6547,9000,9523],[1.0,1.0,1.0,1.0,1.0,1.0]
10746,[766,822,1706,3549,5304,6457,7645,8114,9523],[1.0,1.0,1.0,1.0,1.0,1.0,1.0,1.0,1.0]
10746,[1238,2916,4534,6457,7552,9523],[1.0,1.0,1.0,1.0,1.0,1.0]
10746,[822,979,6457,6650,8712,9523],[1.0,1.0,1.0,1.0,1.0,1.0]
10746,[1673,2206,2708,3545,6167,6603,7923,8712,9107,9270],[1.0,1.0,1.0,1.0,1.0,1.0,1.0,1.0,1.0,1.0]
10746,[14,414,2824,4066,5304,6762,8551,10222],[1.0,1.0,1.0,1.0,1.0,1.0,1.0,1.0]
10746,[2799,4066,5304,8041,8253,9465],[1.0,1.0,1.0,1.0,1.0,1.0]
10746,[2799,5877,6335,6819,9107,9965,10281],[1.0,1.0,1.0,1.0,1.0,1.0,1.0]
10746,[463,2295,3732,3741,8942,9448],[1.0,1.0,1.0,1.0,1.0,1.0]
10746,[3472,4888,5144,6335,7055,8551,9107,9550],[1.0,1.0,1.0,1.0,1.0,1.0,1.0,1.0]
10746,[716,2728,5564,5641,6800,8105,8260],[1.0,1.0,1.0,1.0,1.0,1.0,1.0]
10746,[4031,5142,6277,7506,9323,9851,10139],[1.0,1.0,1.0,1.0,1.0,1.0,1.0]
10746,[902,1275,2708,3380,4611,5537,5877,7379,9460],[1.0,1.0,1.0,1.0,1.0,1.0,1.0,1.0,1.0]
10746,[1766,8114,9523,9851,9910,10414],[1.0,1.0,1.0,1.0,1.0,1.0]
10746,[172,4031,4110,4601,7718,7774,10671],[1.0,1.0,1.0,1.0,1.0,1.0,1.0]
10746,[1255,4110,4240,4534,5443,6277,8576,9555],[1.0,1.0,1.0,1.0,1.0,1.0,1.0,1.0]
10746,[417,1299,1478,1910,5021,5604,7302],[1.0,1.0,1.0,1.0,1.0,1.0,1.0]
10746,[133,1157,4148,4698,7611],[1.0,1.0,1.0,1.0,1.0]
10746,[1099,1341,1535,2313,3462,4332,7379,8114,9558],[1.0,1.0,1.0,1.0,1.0,1.0,1.0,1.0,1.0]
10746,[273,416,3538,4843,5443,5661,6167,9270],[1.0,1.0,1.0,1.0,1.0,1.0,1.0,1.0]
10746,[896,1048,4534,4843,5499,7112,7278,9270,10108],[1.0,1.0,1.0,1.0,1.0,1.0,1.0,1.0,1.0]
10746,[515,1255,2916,4110,5926,6098,8034],[1.0,1.0,1.0,1.0,1.0,1.0,1.0]
10746,[217,515,709,4790,5926,8034,9541],[1.0,1.0,1.0,1.0,1.0,1.0,1.0]
10746,[515,2708,3380,4110,4534,8034,8114,8246],[1.0,1.0,1.0,1.0,1.0,1.0,1.0,1.0]
10746,[2728,4074,4110,6229,6335,8280,9270,9528,10734],[1.0,1.0,1.0,1.0,1.0,1.0,1.0,1.0,1.0]
10746,[1099,3438,5885,6335,6524,6843,10068],[1.0,1.0,1.0,1.0,1.0,1.0,1.0]
10746,[515,2378,3380,5926,8034,8246,10539],[1.0,1.0,1.0,1.0,1.0,1.0,1.0]
10746,[2455,2744,2916,3806,3835,4217,5181,7954,9465],[1.0,1.0,1.0,1.0,1.0,1.0,1.0,1.0,1.0]
10746,[822,3783,4405,5345,5978,7718,8280,9270],[1.0,1.0,1.0,1.0,1.0,1.0,1.0,1.0]
10746,[1066,4031,5294,6229,7317,9270,9323],[1.0,1.0,1.0,1.0,1.0,1.0,1.0]
10746,[5294,6229,6335,7933,9851],[1.0,1.0,1.0,1.0,1.0]
10746,[2425,2916,4031,5628,6457,9323],[1.0,1.0,1.0,1.0,1.0,1.0]
10746,[822,1066,6410,8991,9289,9523,9972],[1.0,1.0,1.0,1.0,1.0,1.0,1.0]
10746,[1984,4561,4948,8104,8140,8701,8834,9107,10281],[1.0,1.0,1.0,1.0,1.0,1.0,1.0,1.0,1.0]
10746,[465,10117],[1.0,1.0]
