10746,[242,2013,4440,5201,5737,6557,8751,8779,9491],[1.0,1.0,1.0,1.0,1.0,1.0,1.0,1.0,1.0]
10746,[207,213,1456,1714,6547,7416,7903,8403,10360],[1.0,1.0,1.0,1.0,1.0,1.0,1.0,1.0,1.0]
10746,[1870,2845,3788,7011,9491,10463],[1.0,1.0,1.0,1.0,1.0,1.0]
10746,[936,1870,2845,4268,5928,8386,9298],[1.0,1.0,1.0,1.0,1.0,1.0,1.0]
10746,[3545,4669,5079,5628,5910,7889,9830],[1.0,1.0,1.0,1.0,1.0,1.0,1.0]
10746,[1203,2067,2455,2874,3137,9851,9937,10191],[1.0,1.0,1.0,1.0,1.0,1.0,1.0,1.0]
10746,[514,1457,1535,4669,5596,7045,7643],[1.0,1.0,1.0,1.0,1.0,1.0,1.0]
10746,[2455,3545,4217,4772,5628,5815,9298,9753],[1.0,1.0,1.0,1.0,1.0,1.0,1.0,1.0]
10746,[1203,2455,4891,5124,5641,7718,9255,9611,9937],[1.0,1.0,1.0,1.0,1.0,1.0,1.0,1.0,1.0]
10746,[2013,4948,5201,6557,8751,8779,9491,9851,10139,10694],[1.0,1.0,1.0,1.0,1.0,1.0,1.0,1.0,1.0,1.0]
10746,[2266,4996,6754,7114,7379,8116,9290,9851],[1.0,1.0,1.0,1.0,1.0,1.0,1.0,1.0]
10746,[365,5809,9663,10692],[1.0,1.0,1.0,1.0]
