10746,[838,3562,4220,4440,5542,9825,10166],[1.0,1.0,1.0,1.0,1.0,1.0,1.0]
10746,[213,1652,3310,3993,4864,5836,10360,10362,10527],[1.0,1.0,1.0,1.0,1.0,1.0,1.0,1.0,1.0]
10746,[936,3501,5118,7829,8323,10054,10463],[1.0,1.0,1.0,1.0,1.0,1.0,1.0]
10746,[11,838,936,4217,5647,8700,10362],[1.0,1.0,1.0,1.0,1.0,1.0,1.0]
10746,[252,463,4191,9290,9595,10362],[1.0,1.0,1.0,1.0,1.0,1.0]
10746,[3523,4332,4929,5142,5647,5985,6952,8041,10185],[1.0,1.0,1.0,1.0,1.0,1.0,1.0,1.0,1.0]
10746,[252,2621,3523,3824,3969,4191,6160,8729],[1.0,1.0,1.0,1.0,1.0,1.0,1.0,1.0]
10746,[252,662,4258,7117,8114],[1.0,1.0,1.0,1.0,1.0]
10746,[1054,1255,1310,2088,7074,7317,8553],[1.0,1.0,1.0,1.0,1.0,1.0,1.0]
10746,[14,2156,5985,7727,8106,8302,8729],[1.0,1.0,1.0,1.0,1.0,1.0,1.0]
10746,[447,662,2728,3094,3502,4344,4534,8302],[1.0,1.0,1.0,1.0,1.0,1.0,1.0,1.0]
10746,[1180,1359,5967,6500,6952,7645,7700,7987,9270],[1.0,1.0,1.0,1.0,1.0,1.0,1.0,1.0,1.0]
10746,[1275,2618,2708,2861,3070,6720,6952,8729,9534,10362],[1.0,1.0,1.0,1.0,1.0,1.0,1.0,1.0,1.0,1.0]
10746,[966,2708,2861,3257,3426,3549,4576,7984,8729,9066],[1.0,1.0,1.0,1.0,1.0,1.0,1.0,1.0,1.0,1.0]
10746,[2168,2916,6002,6341,6720,6754,7442,9534,9851],[1.0,1.0,1.0,1.0,1.0,1.0,1.0,1.0,1.0]
10746,[332,484,1528,4051,7502],[1.0,1.0,1.0,1.0,1.0]
10746,[2618,2708,3741,4060,7923,8343,9611,9851,10536],[1.0,1.0,1.0,1.0,1.0,1.0,1.0,1.0,1.0]
10746,[276,2618,3741,4003,4552,5348,5777,9851],[1.0,1.0,1.0,1.0,1.0,1.0,1.0,1.0]
10746,[1137,2708,3886,3936,4202,6263,6858,8114,9851],[1.0,1.0,1.0,1.0,1.0,1.0,1.0,1.0,1.0]
10746,[2325,2708,4066,4603,5018,5362,6635,8114],[1.0,1.0,1.0,1.0,1.0,1.0,1.0,1.0]
10746,[2493,2708,3257,3288,4066,7700,7912,8370],[1.0,1.0,1.0,1.0,1.0,1.0,1.0,1.0]
10746,[5768,6567,8729,8779,9214,9558,9851,10222],[1.0,1.0,1.0,1.0,1.0,1.0,1.0,1.0]
10746,[2433,4181,7223,8041,9717,9851,9866,10433,10595],[1.0,1.0,1.0,1.0,1.0,1.0,1.0,1.0,1.0]
10746,[2335,2433,2842,3817,5391,7390,9851],[1.0,1.0,1.0,1.0,1.0,1.0,1.0]
10746,[2231,2433,2461,2708,3070,4066,4920,6500,9851,10486],[1.0,1.0,1.0,1.0,1.0,1.0,1.0,1.0,1.0,1.0]
10746,[949,1288,2530,2618,4669,7610,9915,10134],[1.0,1.0,1.0,1.0,1.0,1.0,1.0,1.0]
10746,[447,2618,3669,5628,6650,8729,9100],[1.0,1.0,1.0,1.0,1.0,1.0,1.0]
10746,[447,838,2674,3096,3451,4389,9328,9415,9876],[1.0,1.0,1.0,1.0,1.0,1.0,1.0,1.0,1.0]
10746,[662,1310,1706,7079,7888,8041,10068],[1.0,1.0,1.0,1.0,1.0,1.0,1.0]
10746,[1180,5010,5870,6172,6774,8111,9337],[1.0,1.0,1.0,1.0,1.0,1.0,1.0]
10746,[1255,5504,5542,7813,7926,9290,9714,10166],[1.0,1.0,1.0,1.0,1.0,1.0,1.0,1.0]
10746,[2042,2932,3562,7404,7910,8193,8507,10166,10400,10600],[1.0,1.0,1.0,1.0,1.0,1.0,1.0,1.0,1.0,1.0]
10746,[3562,4220,5002,5640,8240,8772,9142,9825,10166],[1.0,1.0,1.0,1.0,1.0,1.0,1.0,1.0,1.0]
10746,[9230,10577],[1.0,1.0]
