10746,[838,2048,2348,4440,4582,7367,7582,7997],[1.0,1.0,1.0,1.0,1.0,1.0,1.0,1.0]
10746,[213,5985,7687,7818,8323,10054,10360,10463],[1.0,1.0,1.0,1.0,1.0,1.0,1.0,1.0]
10746,[838,936,1114,2048,4440,5985,8323,9693,10054],[1.0,1.0,1.0,1.0,1.0,1.0,1.0,1.0,1.0]
10746,[2348,2651,7367,7478,7582,10463],[1.0,1.0,1.0,1.0,1.0,1.0]
10746,[936,3290,3867,4074,4582,7165,7997],[1.0,1.0,1.0,1.0,1.0,1.0,1.0]
10746,[56,1736,1983,5928,7506,9632,9896],[1.0,1.0,1.0,1.0,1.0,1.0,1.0]
10746,[13,956,2206,2436,4080,8621,9735],[1.0,1.0,1.0,1.0,1.0,1.0,1.0]
10746,[620,1626,2340,4145,5181,8077,10222,10232],[1.0,1.0,1.0,1.0,1.0,1.0,1.0,1.0]
10746,[1324,1626,3722,4145,4229,7608,9016,9030],[1.0,1.0,1.0,1.0,1.0,1.0,1.0,1.0]
10746,[549,2124,3651,4145,5592,7506,10024,10222],[1.0,1.0,1.0,1.0,1.0,1.0,1.0,1.0]
10746,[1751,6590,7008,7414,7608,9557],[1.0,1.0,1.0,1.0,1.0,1.0]
10746,[270,1948,2799,3965,4405,8016,10316,10582],[1.0,1.0,1.0,1.0,1.0,1.0,1.0,1.0]
10746,[14,700,5174,7165,7608,10222],[1.0,1.0,1.0,1.0,1.0,1.0]
10746,[172,1242,2509,5661,8387,9841,10054],[1.0,1.0,1.0,1.0,1.0,1.0,1.0]
10746,[4582,5663],[1.0,1.0]
