10746,[39,3844,4191,4440,6131,6753,10201],[1.0,1.0,1.0,1.0,1.0,1.0,1.0]
10746,[213,2518,4055,4561,4778,5017,7463,9865,10152,10360],[1.0,1.0,1.0,1.0,1.0,1.0,1.0,1.0,1.0,1.0]
10746,[265,728,3844,4069,7367,7582,8540,9654],[1.0,1.0,1.0,1.0,1.0,1.0,1.0,1.0]
10746,[172,365,567,728,936,1249,2238,4069,8904],[1.0,1.0,1.0,1.0,1.0,1.0,1.0,1.0,1.0]
10746,[121,323,463,5641,6385,7074,7898],[1.0,1.0,1.0,1.0,1.0,1.0,1.0]
10746,[1099,1920,2074,2114,2916,3651,4042,6358,9595,9744],[1.0,1.0,1.0,1.0,1.0,1.0,1.0,1.0,1.0,1.0]
10746,[878,946,1291,3732,5236,8070,9632],[1.0,1.0,1.0,1.0,1.0,1.0,1.0]
10746,[769,1299,4244,5641,7751,9290,9632,10433],[1.0,1.0,1.0,1.0,1.0,1.0,1.0,1.0]
10746,[289,1299,4205,5885,6335,7744,8070,8729,9534,10595],[1.0,1.0,1.0,1.0,1.0,1.0,1.0,1.0,1.0,1.0]
10746,[357,436,2455,4066,5626,6229,8729,10139],[1.0,1.0,1.0,1.0,1.0,1.0,1.0,1.0]
10746,[878,3257,6193,7813,8320,8673,9070,9273,9632,10433],[1.0,1.0,1.0,1.0,1.0,1.0,1.0,1.0,1.0,1.0]
10746,[956,2278,4191,4294,5592,6044,8008,8476,8922],[1.0,1.0,1.0,1.0,1.0,1.0,1.0,1.0,1.0]
10746,[3409,4060,5532,5705,6645,9213,10228,10621],[1.0,1.0,1.0,1.0,1.0,1.0,1.0,1.0]
10746,[2708,4066,4217,4405,6229,6335,9939,10621,10714],[1.0,1.0,1.0,1.0,1.0,1.0,1.0,1.0,1.0]
10746,[6229,7074,7084,7502,9316,10621,10682,10714],[1.0,1.0,1.0,1.0,1.0,1.0,1.0,1.0]
10746,[631,1275,4576,5735,6229,8817,10203,10617],[1.0,1.0,1.0,1.0,1.0,1.0,1.0,1.0]
10746,[2530,3278,4576,4895,5179,5641,7884,9270],[1.0,1.0,1.0,1.0,1.0,1.0,1.0,1.0]
10746,[869,3748,6167,6335,6753,8729,9270,10536],[1.0,1.0,1.0,1.0,1.0,1.0,1.0,1.0]
