10746,[4440,6022,6753,7038,8104,8140,10188],[1.0,1.0,1.0,1.0,1.0,1.0,1.0]
10746,[342,822,1237,3900,4277,4734,8104,8372,8635],[1.0,1.0,1.0,1.0,1.0,1.0,1.0,1.0,1.0]
10746,[223,1652,4871,10222,10647],[1.0,1.0,1.0,1.0,1.0]
10746,[204,1984,2289,4092,7384,7857,8104,10360],[1.0,1.0,1.0,1.0,1.0,1.0,1.0,1.0]
10746,[213,3844,3900,4277,5358,6843,8372,10247,10463,10647],[1.0,1.0,1.0,1.0,1.0,1.0,1.0,1.0,1.0,1.0]
10746,[39,936,3844,6131,6753,8140,10201],[1.0,1.0,1.0,1.0,1.0,1.0,1.0]
10746,[936,6022,6753,7038,8104,9523,10188,10201],[1.0,1.0,1.0,1.0,1.0,1.0,1.0,1.0]
10746,[663,3318,5836,6172,6810,7634,8991,9972,10222],[1.0,1.0,1.0,1.0,1.0,1.0,1.0,1.0,1.0]
10746,[608,663,4405,5320,5345,7323,7532,7792,9595],[1.0,1.0,1.0,1.0,1.0,1.0,1.0,1.0,1.0]
10746,[2022,3149,3311,3472,7317,7338,7502],[1.0,1.0,1.0,1.0,1.0,1.0,1.0]
10746,[464,822,4332,5144,7423,7923,9523],[1.0,1.0,1.0,1.0,1.0,1.0,1.0]
10746,[822,5641,6547,7423,8327,8554,9646],[1.0,1.0,1.0,1.0,1.0,1.0,1.0]
10746,[493,2916,4891,9523,10139,10268,10350,10557],[1.0,1.0,1.0,1.0,1.0,1.0,1.0,1.0]
10746,[5345,6172,8729,9289,9677,9953,10414],[1.0,1.0,1.0,1.0,1.0,1.0,1.0]
10746,[4113,4149,4424,4520,8854,9270,9292,9595,10680],[1.0,1.0,1.0,1.0,1.0,1.0,1.0,1.0,1.0]
10746,[747,1255,4149,4934,5571,6335,10068,10621],[1.0,1.0,1.0,1.0,1.0,1.0,1.0,1.0]
10746,[608,747,869,1411,4113,6549,10508],[1.0,1.0,1.0,1.0,1.0,1.0,1.0]
10746,[3075,3472,4113,6580,7317,8114,10508],[1.0,1.0,1.0,1.0,1.0,1.0,1.0]
10746,[937,2260,4202,5345,6580,7339,7423,8898],[1.0,1.0,1.0,1.0,1.0,1.0,1.0,1.0]
10746,[357,4191,4650,4899,5836,9733,9991,10716],[1.0,1.0,1.0,1.0,1.0,1.0,1.0,1.0]
10746,[3705,6229,6335,6442,6819,7506,9953,10459],[1.0,1.0,1.0,1.0,1.0,1.0,1.0,1.0]
10746,[172,515,872,3763,7699],[1.0,1.0,1.0,1.0,1.0]
10746,[365,3342,3768,7795,8686,8991,9886],[1.0,1.0,1.0,1.0,1.0,1.0,1.0]
10746,[3193,3783,4332,7515,8114,9270,9534],[1.0,1.0,1.0,1.0,1.0,1.0,1.0]
10746,[827,1238,1255,4114,6547,8991,9910],[1.0,1.0,1.0,1.0,1.0,1.0,1.0]
10746,[822,3709,4219,4721,6547,8421,9523,9972,10433],[1.0,1.0,1.0,1.0,1.0,1.0,1.0,1.0,1.0]
10746,[827,1706,3127,3890,5345,7813,8991,9364,10617],[1.0,1.0,1.0,1.0,1.0,1.0,1.0,1.0,1.0]
10746,[3651,4332,5840,6877,8196,8942,9189,10327,10362,10508],[1.0,1.0,1.0,1.0,1.0,1.0,1.0,1.0,1.0,1.0]
10746,[822,5315,5756,6819,7207,9005,9107,9364,9460],[1.0,1.0,1.0,1.0,1.0,1.0,1.0,1.0,1.0]
10746,[1066,2099,4389,5756,8991,9632],[1.0,1.0,1.0,1.0,1.0,1.0]
10746,[966,2493,7875,8557,8991,10467,10684],[1.0,1.0,1.0,1.0,1.0,1.0,1.0]
10746,[3741,3903,4755,7653,8509,8557,9362,10684],[1.0,1.0,1.0,1.0,1.0,1.0,1.0,1.0]
10746,[822,2493,2916,3669,3903,8554,9270,9523,10139,10433],[1.0,1.0,1.0,1.0,1.0,1.0,1.0,1.0,1.0,1.0]
10746,[666,2425,3768,7515,7946,8942,9039,9972],[1.0,1.0,1.0,1.0,1.0,1.0,1.0,1.0]
10746,[5443,6298,8140,8280,8807,9733,10176],[1.0,1.0,1.0,1.0,1.0,1.0,1.0]
10746,[465,1984,4561,4948,8104,8701,8834,10117],[1.0,1.0,1.0,1.0,1.0,1.0,1.0,1.0]
