10746,[865,1425,3982,4440,5201,6970,7289,9491,9804],[1.0,1.0,1.0,1.0,1.0,1.0,1.0,1.0,1.0]
10746,[213,1316,1456,1714,5514,6004,6366,7416,10360],[1.0,1.0,1.0,1.0,1.0,1.0,1.0,1.0,1.0]
10746,[506,688,706,936,1255,4534,5604,6366,6530,9871],[1.0,1.0,1.0,1.0,1.0,1.0,1.0,1.0,1.0,1.0]
10746,[706,1196,3257,4420,6335,9270,10068,10433],[1.0,1.0,1.0,1.0,1.0,1.0,1.0,1.0]
10746,[1776,2076,2123,6530,6953,9270,9988],[1.0,1.0,1.0,1.0,1.0,1.0,1.0]
10746,[51,67,706,1196,1920,6953,9379,9988],[1.0,1.0,1.0,1.0,1.0,1.0,1.0,1.0]
10746,[1196,2901,3340,7649,7894,8013,8162],[1.0,1.0,1.0,1.0,1.0,1.0,1.0]
10746,[1920,2455,2576,3070,3271,4373,6115,6417,8398],[1.0,1.0,1.0,1.0,1.0,1.0,1.0,1.0,1.0]
10746,[567,4217,6167,6229,6253,6335,6502,8694,9130,9595],[1.0,1.0,1.0,1.0,1.0,1.0,1.0,1.0,1.0,1.0]
10746,[1714,5201,6004,6502,6970,7289,9491,9804],[1.0,1.0,1.0,1.0,1.0,1.0,1.0,1.0]
10746,[2058,5201,5565,5659,6970,7289,7460,9491,9804],[1.0,1.0,1.0,1.0,1.0,1.0,1.0,1.0,1.0]
10746,[3350,3414,5201,6103,6300,6597,6970,7289,9491,9804],[1.0,1.0,1.0,1.0,1.0,1.0,1.0,1.0,1.0,1.0]
10746,[1714],[1.0]
