10746,[242,2013,2766,4440,5201,6557,8751,8779,9491],[1.0,1.0,1.0,1.0,1.0,1.0,1.0,1.0,1.0]
10746,[213,1456,1714,2766,3867,6280,7416,10360],[1.0,1.0,1.0,1.0,1.0,1.0,1.0,1.0]
10746,[1255,4894,5793,6329,7170,7339,8130,8970,10222],[1.0,1.0,1.0,1.0,1.0,1.0,1.0,1.0,1.0]
10746,[365,1061,4191,6385,6767,8086,9338,10115],[1.0,1.0,1.0,1.0,1.0,1.0,1.0,1.0]
10746,[121,769,3685,4268,4355,4807,5907,9270,10139],[1.0,1.0,1.0,1.0,1.0,1.0,1.0,1.0,1.0]
10746,[144,365,4316,4674,4734,5628,6601,7339,8895],[1.0,1.0,1.0,1.0,1.0,1.0,1.0,1.0,1.0]
10746,[14,2305,4405,4516,4935,6229,8634,10653],[1.0,1.0,1.0,1.0,1.0,1.0,1.0,1.0]
10746,[357,747,1588,4853,5328,8114,8416,8903],[1.0,1.0,1.0,1.0,1.0,1.0,1.0,1.0]
10746,[2771,3036,3409,4505,8008,10070,10198],[1.0,1.0,1.0,1.0,1.0,1.0,1.0]
10746,[2443,4971,7074,7338,7351,8398,9030,10536],[1.0,1.0,1.0,1.0,1.0,1.0,1.0,1.0]
10746,[3174,3409,4883,5830,6877,7045,8398,8624,9030],[1.0,1.0,1.0,1.0,1.0,1.0,1.0,1.0,1.0]
10746,[365,3592,4066,7075,8884,10043,10554,10621],[1.0,1.0,1.0,1.0,1.0,1.0,1.0,1.0]
10746,[878,2758,4883,4937,5480,6341,7502,10309],[1.0,1.0,1.0,1.0,1.0,1.0,1.0,1.0]
10746,[1177,2596,3065,3217,3426,4405,4614,5343,5505],[1.0,1.0,1.0,1.0,1.0,1.0,1.0,1.0,1.0]
10746,[273,733,2708,3483,4755,6182],[1.0,1.0,1.0,1.0,1.0,1.0]
10746,[1177,2492,3089,5142,5900,6140,8582],[1.0,1.0,1.0,1.0,1.0,1.0,1.0]
10746,[878,1712,5012,5576,6603,7105,7813,10082,10445],[1.0,1.0,1.0,1.0,1.0,1.0,1.0,1.0,1.0]
10746,[896,5429,5885,7877,8114,8961,9399,9632,10068],[1.0,1.0,1.0,1.0,1.0,1.0,1.0,1.0,1.0]
10746,[2427,2596,3590,6341,7415,9030,10292,10595,10728],[1.0,1.0,1.0,1.0,1.0,1.0,1.0,1.0,1.0]
10746,[451,673,5407,5900,5983,6341,6915],[1.0,1.0,1.0,1.0,1.0,1.0,1.0]
10746,[812,878,3514,5181,5808,6341,8673,10381],[1.0,1.0,1.0,1.0,1.0,1.0,1.0,1.0]
10746,[1706,2618,4217,4598,7266,8767,8961,9273],[1.0,1.0,1.0,1.0,1.0,1.0,1.0,1.0]
10746,[1583,3110,5532,8286,8476,9337,10207,10621],[1.0,1.0,1.0,1.0,1.0,1.0,1.0,1.0]
10746,[1960,3307,5089,5165,5604,6489,7047,8815,9122],[1.0,1.0,1.0,1.0,1.0,1.0,1.0,1.0,1.0]
10746,[3307,3741,4176,6684,7379,8114,9423,9903],[1.0,1.0,1.0,1.0,1.0,1.0,1.0,1.0]
10746,[1182,1340,1583,2524,3307,7019,9273,10082],[1.0,1.0,1.0,1.0,1.0,1.0,1.0,1.0]
10746,[1773,4217,4442,8398],[1.0,1.0,1.0,1.0]
10746,[1255,1583,4927,5532,8286,8364,9290],[1.0,1.0,1.0,1.0,1.0,1.0,1.0]
10746,[1583,4420,4713,5532,5564,6940,8286,9270,9337,10115],[1.0,1.0,1.0,1.0,1.0,1.0,1.0,1.0,1.0,1.0]
10746,[999,1583,2901,3286,4364,4420,4534,8114,8610,9290],[1.0,1.0,1.0,1.0,1.0,1.0,1.0,1.0,1.0,1.0]
10746,[3144,5205,5532,6341,8286,8589,9289,9290],[1.0,1.0,1.0,1.0,1.0,1.0,1.0,1.0]
10746,[1182,1327,5207,6500,7019,9289],[1.0,1.0,1.0,1.0,1.0,1.0]
10746,[1327,2530,4205,5142,6341,6368,8286,9262],[1.0,1.0,1.0,1.0,1.0,1.0,1.0,1.0]
10746,[1255,4910,6341,6940,7926,9040,9534,10745],[1.0,1.0,1.0,1.0,1.0,1.0,1.0,1.0]
10746,[1255,3514,5181,5407,5900,6341,8673,10381,10728],[1.0,1.0,1.0,1.0,1.0,1.0,1.0,1.0,1.0]
10746,[25,896,3741,4369,4620,4669,4920,8459],[1.0,1.0,1.0,1.0,1.0,1.0,1.0,1.0]
10746,[25,896,4669,4920,5628,5683,9040,9841],[1.0,1.0,1.0,1.0,1.0,1.0,1.0,1.0]
10746,[238,1763,5628,5683,7316,9768],[1.0,1.0,1.0,1.0,1.0,1.0]
10746,[14,3117,3538,3545,4883,6341,9044],[1.0,1.0,1.0,1.0,1.0,1.0,1.0]
10746,[3795,4934,5688,6256,7634,7835,7926,8347,10745],[1.0,1.0,1.0,1.0,1.0,1.0,1.0,1.0,1.0]
10746,[3409,4405,6182,8114],[1.0,1.0,1.0,1.0]
10746,[1665,3409,4405,6487,7835,8077,8642,10103,10445],[1.0,1.0,1.0,1.0,1.0,1.0,1.0,1.0,1.0]
10746,[365,878,4405,4883,5604,6471,9397,10222,10539],[1.0,1.0,1.0,1.0,1.0,1.0,1.0,1.0,1.0]
10746,[451,3669,5003,5738,7288,7390,9008,10617],[1.0,1.0,1.0,1.0,1.0,1.0,1.0,1.0]
10746,[567,1673,1817,3260,3409,7649,8196],[1.0,1.0,1.0,1.0,1.0,1.0,1.0]
10746,[451,2916,3549,4534,5604,5738,7835,9632],[1.0,1.0,1.0,1.0,1.0,1.0,1.0,1.0]
10746,[1255,4781,5738,5983,7926,9040,10222,10745],[1.0,1.0,1.0,1.0,1.0,1.0,1.0,1.0]
10746,[766,878,3318,3713,3824,4603,6500,8642,9632,10262],[1.0,1.0,1.0,1.0,1.0,1.0,1.0,1.0,1.0,1.0]
10746,[1683,2799,3409,6952,7826,9707,10381,10728],[1.0,1.0,1.0,1.0,1.0,1.0,1.0,1.0]
10746,[217,878,1557,3409,5025,6820,8680,9338],[1.0,1.0,1.0,1.0,1.0,1.0,1.0,1.0]
10746,[878,3409,4205,4883,5723,6219,7647,7813,9053],[1.0,1.0,1.0,1.0,1.0,1.0,1.0,1.0,1.0]
10746,[1528,1776,2359,2892,4405,7647,8132,8308,9213],[1.0,1.0,1.0,1.0,1.0,1.0,1.0,1.0,1.0]
10746,[549,878,2519,3663,7388,9632,9899,10403],[1.0,1.0,1.0,1.0,1.0,1.0,1.0,1.0]
10746,[366,902,5089,6193,8575,9198],[1.0,1.0,1.0,1.0,1.0,1.0]
10746,[365,4598,7647,8286,8476,9632,10207,10621],[1.0,1.0,1.0,1.0,1.0,1.0,1.0,1.0]
10746,[1879,5407,8286,8878,9290,9460,9632,10621],[1.0,1.0,1.0,1.0,1.0,1.0,1.0,1.0]
10746,[365,3741,7040,7647,8673,8815,9040,9632,9819],[1.0,1.0,1.0,1.0,1.0,1.0,1.0,1.0,1.0]
10746,[1683,2455,2708,4217,5407,9851],[1.0,1.0,1.0,1.0,1.0,1.0]
10746,[171,2438,4490,8045,8771,9851],[1.0,1.0,1.0,1.0,1.0,1.0]
10746,[1438,3478,4407,4883,6139,7040,7268,7871,8114],[1.0,1.0,1.0,1.0,1.0,1.0,1.0,1.0,1.0]
10746,[365,1683,1829,3240,3549,7647,8815,8851,9632],[1.0,1.0,1.0,1.0,1.0,1.0,1.0,1.0,1.0]
10746,[878,1054,7084,8041,9595,10207],[1.0,1.0,1.0,1.0,1.0,1.0]
10746,[385,878,1255,2333,3158,4191,7075,8711,9595],[1.0,1.0,1.0,1.0,1.0,1.0,1.0,1.0,1.0]
10746,[2425,2771,3409,3545,4883,6219,7241],[1.0,1.0,1.0,1.0,1.0,1.0,1.0]
10746,[766,878,1923,3216,3477,4567,4883,7647,8476,9166],[1.0,1.0,1.0,1.0,1.0,1.0,1.0,1.0,1.0,1.0]
10746,[66,366,1291,3433,4372,5089,8673,10245],[1.0,1.0,1.0,1.0,1.0,1.0,1.0,1.0]
10746,[776,936,1706,4342,4883,7273,9289,10745],[1.0,1.0,1.0,1.0,1.0,1.0,1.0,1.0]
10746,[2725,5181,8008,9337,9632,9794,10207],[1.0,1.0,1.0,1.0,1.0,1.0,1.0]
10746,[715,3477,3523,8687,8918,9632,10004,10273],[1.0,1.0,1.0,1.0,1.0,1.0,1.0,1.0]
10746,[776,2455,4611,5545,7046,9851,10024,10082,10627],[1.0,1.0,1.0,1.0,1.0,1.0,1.0,1.0,1.0]
10746,[1535,2725,3216,3502,4587,5273,5652,8815,9638],[1.0,1.0,1.0,1.0,1.0,1.0,1.0,1.0,1.0]
10746,[437,3020,3477,5940,7047,7918,8637,8815],[1.0,1.0,1.0,1.0,1.0,1.0,1.0,1.0]
10746,[4874,5157,7994,9028,9290,10433,10627],[1.0,1.0,1.0,1.0,1.0,1.0,1.0]
10746,[2455,3477,5983,6603,7227,8115,9362,9841],[1.0,1.0,1.0,1.0,1.0,1.0,1.0,1.0]
10746,[2247,2897,3426,4294,5273,7525,9632,10082],[1.0,1.0,1.0,1.0,1.0,1.0,1.0,1.0]
10746,[3477,7597,8214,8637,9632,10433],[1.0,1.0,1.0,1.0,1.0,1.0]
10746,[878,1965,2114,8918,9053,9768,10082,10617],[1.0,1.0,1.0,1.0,1.0,1.0,1.0,1.0]
10746,[776,1255,2493,3477,6322,8214,10222,10627],[1.0,1.0,1.0,1.0,1.0,1.0,1.0,1.0]
10746,[269,2497,5455,9053,9632,10024],[1.0,1.0,1.0,1.0,1.0,1.0]
10746,[366,1275,7809,8298,9053,9273],[1.0,1.0,1.0,1.0,1.0,1.0]
10746,[1299,2290,2916,4332,4805,4822,6952,10103,10203],[1.0,1.0,1.0,1.0,1.0,1.0,1.0,1.0,1.0]
10746,[25,4804,5810,5946,8114,10103,10492],[1.0,1.0,1.0,1.0,1.0,1.0,1.0]
10746,[366,869,3998,4092,5402,5710,5946,8729],[1.0,1.0,1.0,1.0,1.0,1.0,1.0,1.0]
10746,[26,221,3586,3651,4516,4669,7118,9273,9632],[1.0,1.0,1.0,1.0,1.0,1.0,1.0,1.0,1.0]
10746,[366,896,1288,2182,2879,4258,4338,9256,10082],[1.0,1.0,1.0,1.0,1.0,1.0,1.0,1.0,1.0]
10746,[878,4145,4576,5868,8395,9568,10082,10423],[1.0,1.0,1.0,1.0,1.0,1.0,1.0,1.0]
10746,[3280,3391,3721,3967,4611,5792,6298],[1.0,1.0,1.0,1.0,1.0,1.0,1.0]
10746,[436,3663,3683,4599,4883,6049,6170,7647,10043],[1.0,1.0,1.0,1.0,1.0,1.0,1.0,1.0,1.0]
10746,[599,878,1004,4407,4883,6626,7889,8205],[1.0,1.0,1.0,1.0,1.0,1.0,1.0,1.0]
10746,[447,776,1438,2725,4784,9337],[1.0,1.0,1.0,1.0,1.0,1.0]
10746,[60,755,1214,5255,6032,7099,8114],[1.0,1.0,1.0,1.0,1.0,1.0,1.0]
10746,[776,891,3477,5564,6341,8918],[1.0,1.0,1.0,1.0,1.0,1.0]
10746,[1099,1904,2708,3515,4883,5065,5983,7985],[1.0,1.0,1.0,1.0,1.0,1.0,1.0,1.0]
10746,[60,776,2366,2425,5628,7099],[1.0,1.0,1.0,1.0,1.0,1.0]
10746,[2071,2114,3409,3426,4883,7244,10433],[1.0,1.0,1.0,1.0,1.0,1.0,1.0]
10746,[365,1738,3426,4079,4205,6219],[1.0,1.0,1.0,1.0,1.0,1.0]
10746,[126,770,3409,5001,6441,6803,7647,7813,10056],[1.0,1.0,1.0,1.0,1.0,1.0,1.0,1.0,1.0]
10746,[812,878,2596,3721,4424,4937,5994,8298],[1.0,1.0,1.0,1.0,1.0,1.0,1.0,1.0]
10746,[1683,1930,4258,8008,9632,9863,10207,10621],[1.0,1.0,1.0,1.0,1.0,1.0,1.0,1.0]
10746,[2123,4079,4784,4883,6394,7112,8904],[1.0,1.0,1.0,1.0,1.0,1.0,1.0]
10746,[217,869,902,4420,9337,10381,10433],[1.0,1.0,1.0,1.0,1.0,1.0,1.0]
10746,[561,902,4079,4656,6645,9935,10582],[1.0,1.0,1.0,1.0,1.0,1.0,1.0]
10746,[561,902,4079,5310,5343,5946,6731,7205],[1.0,1.0,1.0,1.0,1.0,1.0,1.0,1.0]
10746,[1177,1706,1776,2583,5964,8070,8077,8853],[1.0,1.0,1.0,1.0,1.0,1.0,1.0,1.0]
10746,[18,3386,5407,5900,6341,6959,8853,9863,10024],[1.0,1.0,1.0,1.0,1.0,1.0,1.0,1.0,1.0]
10746,[769,2530,4808,6341,8622,9273],[1.0,1.0,1.0,1.0,1.0,1.0]
10746,[325,5723,6341,8713,8815,9273,10239],[1.0,1.0,1.0,1.0,1.0,1.0,1.0]
10746,[878,3409,5983,6182,8114,9338],[1.0,1.0,1.0,1.0,1.0,1.0]
10746,[1557,2728,2843,2919,3996,4534,4883,10222],[1.0,1.0,1.0,1.0,1.0,1.0,1.0,1.0]
10746,[2708,3850,4336,5025,6167,6645,7423,8881,8928],[1.0,1.0,1.0,1.0,1.0,1.0,1.0,1.0,1.0]
10746,[878,1910,3097,3238,4217,5001,5093,6607,6701],[1.0,1.0,1.0,1.0,1.0,1.0,1.0,1.0,1.0]
10746,[4598,4925,5532,9337,9632,10207,10621],[1.0,1.0,1.0,1.0,1.0,1.0,1.0]
10746,[3129,5064,7423,8655,8928,9397,10306],[1.0,1.0,1.0,1.0,1.0,1.0,1.0]
10746,[365,2206,3192,5003,5064,5532,5738,6926],[1.0,1.0,1.0,1.0,1.0,1.0,1.0,1.0]
10746,[637,1785,7074,8405,8503,10222,10357],[1.0,1.0,1.0,1.0,1.0,1.0,1.0]
10746,[2154,3685,4036,7423,9317,10736],[1.0,1.0,1.0,1.0,1.0,1.0]
10746,[75,3065,5532,6901,9337,10068,10582],[1.0,1.0,1.0,1.0,1.0,1.0,1.0]
10746,[845,2354,2709,3602,4217,7099,8405,8815],[1.0,1.0,1.0,1.0,1.0,1.0,1.0,1.0]
10746,[1026,1785,4912,5273,7045,9626,9794],[1.0,1.0,1.0,1.0,1.0,1.0,1.0]
10746,[1337,2306,5830,6626,7489,8199,8660,8893],[1.0,1.0,1.0,1.0,1.0,1.0,1.0,1.0]
10746,[507,826,1030,5808,7334,8815,9626],[1.0,1.0,1.0,1.0,1.0,1.0,1.0]
10746,[5181,5651,7227,8504,8815,9885],[1.0,1.0,1.0,1.0,1.0,1.0]
10746,[1910,3652,4477,5660,7334,8405,9465,9851],[1.0,1.0,1.0,1.0,1.0,1.0,1.0,1.0]
10746,[2576,4217,5532,6701,7112,8405],[1.0,1.0,1.0,1.0,1.0,1.0]
10746,[878,1706,2588,6271,9626,9885,10736],[1.0,1.0,1.0,1.0,1.0,1.0,1.0]
10746,[507,2596,5028,6368,8917,8928,10068],[1.0,1.0,1.0,1.0,1.0,1.0,1.0]
10746,[2079,3409,5532,8114,8280,9595,10203],[1.0,1.0,1.0,1.0,1.0,1.0,1.0]
10746,[766,878,3547,4925,8476,8961,9029],[1.0,1.0,1.0,1.0,1.0,1.0,1.0]
10746,[766,3238,3727,4801,5900,8917,9183,9342],[1.0,1.0,1.0,1.0,1.0,1.0,1.0,1.0]
10746,[463,567,878,1288,4258,5328,7132,7707],[1.0,1.0,1.0,1.0,1.0,1.0,1.0,1.0]
10746,[4748,4883,4929,7113,8711,8815,9273,10104,10222],[1.0,1.0,1.0,1.0,1.0,1.0,1.0,1.0,1.0]
10746,[1897,1965,5662,5752,6182,6701,7716,8398,8893],[1.0,1.0,1.0,1.0,1.0,1.0,1.0,1.0,1.0]
10746,[878,2708,2925,6985,9290,9685,9720,10245],[1.0,1.0,1.0,1.0,1.0,1.0,1.0,1.0]
10746,[1269,1866,4389,4788,9377,9535,9632],[1.0,1.0,1.0,1.0,1.0,1.0,1.0]
10746,[4910,5532,7700,8405,9337,9632,10207,10621],[1.0,1.0,1.0,1.0,1.0,1.0,1.0,1.0]
10746,[235,1255,1625,2709,5205,6341,7700,8360,8673,9258],[1.0,1.0,1.0,1.0,1.0,1.0,1.0,1.0,1.0,1.0]
10746,[2315,3177,4221,4795,6341,9897],[1.0,1.0,1.0,1.0,1.0,1.0]
10746,[2114,2207,3144,4092,4470,6341,9273,9794],[1.0,1.0,1.0,1.0,1.0,1.0,1.0,1.0]
10746,[2690,2968,3154,4795,7096,7801,8575,9392,9902],[1.0,1.0,1.0,1.0,1.0,1.0,1.0,1.0,1.0]
10746,[740,4221,5532,6341,7898,9273,10381],[1.0,1.0,1.0,1.0,1.0,1.0,1.0]
10746,[2709,4910,5064,5652,7700,8405,8527,8706,9258],[1.0,1.0,1.0,1.0,1.0,1.0,1.0,1.0,1.0]
10746,[1732,4795,5205,6341,8169,8360,8673,9252],[1.0,1.0,1.0,1.0,1.0,1.0,1.0,1.0]
10746,[3523,6341,6729,7390,9273,9626,9794,9897],[1.0,1.0,1.0,1.0,1.0,1.0,1.0,1.0]
10746,[2968,3154,4789,6341,7096,7801,9392,9902],[1.0,1.0,1.0,1.0,1.0,1.0,1.0,1.0]
10746,[170,456,1732,4795,6341,8169,9416,10163],[1.0,1.0,1.0,1.0,1.0,1.0,1.0,1.0]
10746,[417,3154,4795,7630,8575,9244,10222],[1.0,1.0,1.0,1.0,1.0,1.0,1.0]
10746,[806,4407,4883,5587,7502,8343,8513,9273,10222],[1.0,1.0,1.0,1.0,1.0,1.0,1.0,1.0,1.0]
10746,[365,1958,2123,4611,5652,7985,8073],[1.0,1.0,1.0,1.0,1.0,1.0,1.0]
10746,[878,1099,3824,6229,6952,7091,7379],[1.0,1.0,1.0,1.0,1.0,1.0,1.0]
10746,[456,3602,4376,6341,8114,8405,8815,9416,10479],[1.0,1.0,1.0,1.0,1.0,1.0,1.0,1.0,1.0]
10746,[13,549,2079,3549,3741,4221,7187,8398],[1.0,1.0,1.0,1.0,1.0,1.0,1.0,1.0]
10746,[902,1706,2079,2709,4217,6040,6341,6426,8114,10203],[1.0,1.0,1.0,1.0,1.0,1.0,1.0,1.0,1.0,1.0]
10746,[14,776,4334,5452,6341,8582,10222,10609],[1.0,1.0,1.0,1.0,1.0,1.0,1.0,1.0]
10746,[806,5039,5587,6835,8513,9273],[1.0,1.0,1.0,1.0,1.0,1.0]
10746,[766,1167,3528,4221,6341,7898,9273,10381],[1.0,1.0,1.0,1.0,1.0,1.0,1.0,1.0]
10746,[806,845,956,1893,5738,6432,8398,10059],[1.0,1.0,1.0,1.0,1.0,1.0,1.0,1.0]
10746,[1144,2916,6749,8405,8614,8729,10222,10381],[1.0,1.0,1.0,1.0,1.0,1.0,1.0,1.0]
10746,[878,1673,2493,2916,6298,6441,8091,10222],[1.0,1.0,1.0,1.0,1.0,1.0,1.0,1.0]
10746,[235,3144,4405,4502,5532,8114,8257],[1.0,1.0,1.0,1.0,1.0,1.0,1.0]
10746,[2163,3741,4217,4883,7502,7572,8405,8948],[1.0,1.0,1.0,1.0,1.0,1.0,1.0,1.0]
10746,[1507,2079,3110,3409,3856,6167,9558,10585],[1.0,1.0,1.0,1.0,1.0,1.0,1.0,1.0]
10746,[878,2530,3409,4642,7009,7649,8893,9076],[1.0,1.0,1.0,1.0,1.0,1.0,1.0,1.0]
10746,[2166,2670,5289,6368,7099,9273,9632],[1.0,1.0,1.0,1.0,1.0,1.0,1.0]
10746,[1414,3110,6341,7152,9558,10585],[1.0,1.0,1.0,1.0,1.0,1.0]
10746,[417,3110,3890,4442,5407,9558],[1.0,1.0,1.0,1.0,1.0,1.0]
10746,[1803,4102,4534,6536,8347,8729,9558,9841,10068,10585],[1.0,1.0,1.0,1.0,1.0,1.0,1.0,1.0,1.0,1.0]
10746,[171,769,844,896,2588,3110,3586,5485,8172],[1.0,1.0,1.0,1.0,1.0,1.0,1.0,1.0,1.0]
10746,[1411,2421,4628,8903,9358,9632,10621],[1.0,1.0,1.0,1.0,1.0,1.0,1.0]
10746,[769,4334,4656,8091,9632,10479],[1.0,1.0,1.0,1.0,1.0,1.0]
10746,[66,769,869,2443,3521,4093,4628,4690,6804,7423],[1.0,1.0,1.0,1.0,1.0,1.0,1.0,1.0,1.0,1.0]
10746,[1165,2588,4737,7506,8575,8611],[1.0,1.0,1.0,1.0,1.0,1.0]
10746,[2361,2618,5043,5600,6585,6804,8554,9295,10135],[1.0,1.0,1.0,1.0,1.0,1.0,1.0,1.0,1.0]
10746,[1165,3442,3824,4932,5783,6257,9298,9632],[1.0,1.0,1.0,1.0,1.0,1.0,1.0,1.0]
10746,[66,769,3549,3741,3784,5661,6805],[1.0,1.0,1.0,1.0,1.0,1.0,1.0]
10746,[263,2361,3110,4148,5065,8091,10585],[1.0,1.0,1.0,1.0,1.0,1.0,1.0]
10746,[66,263,878,1291,1987,8041,9714,10207],[1.0,1.0,1.0,1.0,1.0,1.0,1.0,1.0]
10746,[3110,3853,5537,6341,7528,9342,9558],[1.0,1.0,1.0,1.0,1.0,1.0,1.0]
10746,[878,1776,5498,5628,8070,9558,9632,10585],[1.0,1.0,1.0,1.0,1.0,1.0,1.0,1.0]
10746,[263,1535,2654,3521,5181,5205,7859,9289,9632],[1.0,1.0,1.0,1.0,1.0,1.0,1.0,1.0,1.0]
10746,[878,2080,3853,7813,8343,9289,9581],[1.0,1.0,1.0,1.0,1.0,1.0,1.0]
10746,[2265,3327,5658,6804,7813,9841,10621],[1.0,1.0,1.0,1.0,1.0,1.0,1.0]
10746,[878,3082,3514,7384,7423,9632,10621],[1.0,1.0,1.0,1.0,1.0,1.0,1.0]
10746,[70,869,3521,3853,4191,9714],[1.0,1.0,1.0,1.0,1.0,1.0]
10746,[372,869,2265,3521,6049,6241,7379,8582,9841],[1.0,1.0,1.0,1.0,1.0,1.0,1.0,1.0,1.0]
10746,[3082,3514,5710,6603,7288,9595,10621],[1.0,1.0,1.0,1.0,1.0,1.0,1.0]
10746,[769,869,2916,3853,5830,7316,9632],[1.0,1.0,1.0,1.0,1.0,1.0,1.0]
10746,[769,2421,2916,4520,4807,7084,9569,10585],[1.0,1.0,1.0,1.0,1.0,1.0,1.0,1.0]
10746,[878,902,1275,3426,5978,6570,10743],[1.0,1.0,1.0,1.0,1.0,1.0,1.0]
10746,[3082,3110,3426,3647,6193,9273,9558,10585],[1.0,1.0,1.0,1.0,1.0,1.0,1.0,1.0]
10746,[869,2038,4244,7166,8878,9289,9743],[1.0,1.0,1.0,1.0,1.0,1.0,1.0]
10746,[372,1076,2916,3280,4883,5277,10056],[1.0,1.0,1.0,1.0,1.0,1.0,1.0]
10746,[966,1535,2206,2530,3106,4642,5205,9273,10433],[1.0,1.0,1.0,1.0,1.0,1.0,1.0,1.0,1.0]
10746,[897,1841,2455,3265,5604,6219,6570,7942,10419],[1.0,1.0,1.0,1.0,1.0,1.0,1.0,1.0,1.0]
10746,[852,878,3432,3801,4766,5181,7061,9273,9278,10582],[1.0,1.0,1.0,1.0,1.0,1.0,1.0,1.0,1.0,1.0]
10746,[1689,2728,2916,3547,5102,6443,7379,10082],[1.0,1.0,1.0,1.0,1.0,1.0,1.0,1.0]
10746,[878,2709,3257,5868,8875,10433,10714],[1.0,1.0,1.0,1.0,1.0,1.0,1.0]
10746,[3432,4217,4534,6650,7929,10714],[1.0,1.0,1.0,1.0,1.0,1.0]
10746,[902,1255,2708,4149,4606,6603,8176,9851,10714],[1.0,1.0,1.0,1.0,1.0,1.0,1.0,1.0,1.0]
10746,[245,1291,4883,5069,5868,6341,8570,8729],[1.0,1.0,1.0,1.0,1.0,1.0,1.0,1.0]
10746,[1255,2708,3409,3549,4296,5181,5532,8008],[1.0,1.0,1.0,1.0,1.0,1.0,1.0,1.0]
10746,[1291,3144,3549,6341,6952,8114,10714],[1.0,1.0,1.0,1.0,1.0,1.0,1.0]
10746,[319,3549,4217,4442,4611,6341,6952,7502,8114],[1.0,1.0,1.0,1.0,1.0,1.0,1.0,1.0,1.0]
10746,[1841,2269,2618,4786,7651,7883,9851,10222],[1.0,1.0,1.0,1.0,1.0,1.0,1.0,1.0]
10746,[319,1099,1255,2618,5389,7966,9851],[1.0,1.0,1.0,1.0,1.0,1.0,1.0]
10746,[1255,2618,2708,4442,7883,10627,10714],[1.0,1.0,1.0,1.0,1.0,1.0,1.0]
10746,[2708,3065,3528,4950,5532,9023],[1.0,1.0,1.0,1.0,1.0,1.0]
10746,[1601,3327,4881,6877,7047,8073,9273],[1.0,1.0,1.0,1.0,1.0,1.0,1.0]
10746,[172,437,1005,1877,2043,3741,4213,8815,9841],[1.0,1.0,1.0,1.0,1.0,1.0,1.0,1.0,1.0]
10746,[543,2022,4334,5532,5628,7126,8582],[1.0,1.0,1.0,1.0,1.0,1.0,1.0]
10746,[533,2237,3307,8169,8673,8815,9290],[1.0,1.0,1.0,1.0,1.0,1.0,1.0]
10746,[463,3144,4217,7502,8114,10714],[1.0,1.0,1.0,1.0,1.0,1.0]
10746,[319,4217,4442,7390,7502,8114],[1.0,1.0,1.0,1.0,1.0,1.0]
10746,[2269,2618,5389,5616,7390,7883,7966,9851],[1.0,1.0,1.0,1.0,1.0,1.0,1.0,1.0]
10746,[1255,2618,3144,6341,7502,7883,7966],[1.0,1.0,1.0,1.0,1.0,1.0,1.0]
10746,[1255,2618,3727,4950,6920,9289,10714],[1.0,1.0,1.0,1.0,1.0,1.0,1.0]
10746,[140,896,1411,5532,8286,8575,9290],[1.0,1.0,1.0,1.0,1.0,1.0,1.0]
10746,[1662,3748,6500,8830,9051,9611],[1.0,1.0,1.0,1.0,1.0,1.0]
10746,[412,2596,3586,6500,6754,7495,9768],[1.0,1.0,1.0,1.0,1.0,1.0,1.0]
10746,[1419,3651,4154,6341,7079,7778,9768],[1.0,1.0,1.0,1.0,1.0,1.0,1.0]
10746,[302,2364,2425,3631,5333,5678,6006,6341,7205,9298],[1.0,1.0,1.0,1.0,1.0,1.0,1.0,1.0,1.0,1.0]
10746,[1047,1426,2192,3741,4756,5678,8398,10232],[1.0,1.0,1.0,1.0,1.0,1.0,1.0,1.0]
10746,[144,1113,4217,7502,8815,9460,9595,10433],[1.0,1.0,1.0,1.0,1.0,1.0,1.0,1.0]
10746,[2571,5341,5604,6576,6718,8114,8603,9337],[1.0,1.0,1.0,1.0,1.0,1.0,1.0,1.0]
10746,[1438,1673,2192,5532,7019,9123],[1.0,1.0,1.0,1.0,1.0,1.0]
10746,[126,549,4496,4598,8405,8815,10539],[1.0,1.0,1.0,1.0,1.0,1.0,1.0]
10746,[1557,4883,5532,7045,7502,9626,10222,10479],[1.0,1.0,1.0,1.0,1.0,1.0,1.0,1.0]
10746,[372,2116,3545,5532,6585,7923,7985,9273,9397],[1.0,1.0,1.0,1.0,1.0,1.0,1.0,1.0,1.0]
10746,[1109,2206,2455,3280,7390,9733,10222,10419],[1.0,1.0,1.0,1.0,1.0,1.0,1.0,1.0]
10746,[852,878,3442,4217,5738,7502,10433,10714],[1.0,1.0,1.0,1.0,1.0,1.0,1.0,1.0]
10746,[507,5532,6645,8114,8673,9283,10203],[1.0,1.0,1.0,1.0,1.0,1.0,1.0]
10746,[1829,2043,2425,2427,3409,4473,4883,6901,8398],[1.0,1.0,1.0,1.0,1.0,1.0,1.0,1.0,1.0]
10746,[878,2425,3432,4883,7045,7390,9008,9298,9851],[1.0,1.0,1.0,1.0,1.0,1.0,1.0,1.0,1.0]
10746,[2219,2708,6047,8205,9290,9611,9632,10043],[1.0,1.0,1.0,1.0,1.0,1.0,1.0,1.0]
10746,[2708,4598,4642,5639,6341,9337,9632,10207,10621],[1.0,1.0,1.0,1.0,1.0,1.0,1.0,1.0,1.0]
10746,[14,3432,5181,6341,6603,6710,8130,10222],[1.0,1.0,1.0,1.0,1.0,1.0,1.0,1.0]
10746,[447,4763,4883,5644,5820,8839,9460,9595],[1.0,1.0,1.0,1.0,1.0,1.0,1.0,1.0]
10746,[2219,4642,5639,5705,6341,8114,9337],[1.0,1.0,1.0,1.0,1.0,1.0,1.0]
10746,[1706,2918,3523,5343,5592,6341,8130,9352],[1.0,1.0,1.0,1.0,1.0,1.0,1.0,1.0]
10746,[1340,2240,4605,5592,6341,7423],[1.0,1.0,1.0,1.0,1.0,1.0]
10746,[776,1881,2618,2627,2708,8114,8924,10044],[1.0,1.0,1.0,1.0,1.0,1.0,1.0,1.0]
10746,[365,507,1288,8286,8607,9632,9883],[1.0,1.0,1.0,1.0,1.0,1.0,1.0]
10746,[2079,4258,5705,8582,9337,9460],[1.0,1.0,1.0,1.0,1.0,1.0]
10746,[354,567,3280,3426,3985,4883,5532,6877,10068],[1.0,1.0,1.0,1.0,1.0,1.0,1.0,1.0,1.0]
10746,[1023,5540,5734,7166,8642,9337,10381],[1.0,1.0,1.0,1.0,1.0,1.0,1.0]
10746,[3592,4066,4191,4416,8073,9939,10278],[1.0,1.0,1.0,1.0,1.0,1.0,1.0]
10746,[878,1109,1177,1829,2425,4883,5343,6283,10222],[1.0,1.0,1.0,1.0,1.0,1.0,1.0,1.0,1.0]
10746,[3432,4191,6341,6877,7099,9290,10222,10714],[1.0,1.0,1.0,1.0,1.0,1.0,1.0,1.0]
10746,[2708,3432,5705,6710,8347,9851],[1.0,1.0,1.0,1.0,1.0,1.0]
10746,[878,1340,2240,4605,5592,7334,7423,10711],[1.0,1.0,1.0,1.0,1.0,1.0,1.0,1.0]
10746,[878,1255,3549,5592,5644,5820,6603,6710],[1.0,1.0,1.0,1.0,1.0,1.0,1.0,1.0]
10746,[1631,1737,2676,3432,3677,8337,10682],[1.0,1.0,1.0,1.0,1.0,1.0,1.0]
10746,[661,1829,2708,2789,4883,5705,7205,8476],[1.0,1.0,1.0,1.0,1.0,1.0,1.0,1.0]
10746,[2067,2425,2427,2618,3824,4473,4883,6645,7889,8114],[1.0,1.0,1.0,1.0,1.0,1.0,1.0,1.0,1.0,1.0]
10746,[2493,3940,4405,4883,5592,6645,7045,9555],[1.0,1.0,1.0,1.0,1.0,1.0,1.0,1.0]
10746,[55,372,673,7045,7502,7826,8584,9170],[1.0,1.0,1.0,1.0,1.0,1.0,1.0,1.0]
10746,[365,1910,2164,5978,8162,8378,10183],[1.0,1.0,1.0,1.0,1.0,1.0,1.0]
10746,[2916,3318,3669,3684,4217,9632,10426,10621],[1.0,1.0,1.0,1.0,1.0,1.0,1.0,1.0]
10746,[661,1255,2053,2164,3257,9002,10082],[1.0,1.0,1.0,1.0,1.0,1.0,1.0]
10746,[878,923,3345,3592,6845,8114,10082,10183],[1.0,1.0,1.0,1.0,1.0,1.0,1.0,1.0]
10746,[1571,2455,2708,5564,6106,9851,9951,10419],[1.0,1.0,1.0,1.0,1.0,1.0,1.0,1.0]
10746,[3442,5207,6432,7506,8554,8584,9632],[1.0,1.0,1.0,1.0,1.0,1.0,1.0]
10746,[1274,2123,3732,4439,8554,8584,8836,9528,10222],[1.0,1.0,1.0,1.0,1.0,1.0,1.0,1.0,1.0]
10746,[1023,2520,3758,5207,5328,5983,6341,8584,9066],[1.0,1.0,1.0,1.0,1.0,1.0,1.0,1.0,1.0]
10746,[126,2916,3110,3758,4534,6257,6341,10139],[1.0,1.0,1.0,1.0,1.0,1.0,1.0,1.0]
10746,[696,699,2493,2520,2916,3880,4534,9601],[1.0,1.0,1.0,1.0,1.0,1.0,1.0,1.0]
10746,[1665,3257,4191,4667,4849,6721,7334,9424,10258],[1.0,1.0,1.0,1.0,1.0,1.0,1.0,1.0,1.0]
10746,[696,3850,4191,5069,5343,5940,7518,7576,7926],[1.0,1.0,1.0,1.0,1.0,1.0,1.0,1.0,1.0]
10746,[878,2265,5722,6241,6762,9882,10734],[1.0,1.0,1.0,1.0,1.0,1.0,1.0]
10746,[388,1454,2618,4730,6022,6911,7270],[1.0,1.0,1.0,1.0,1.0,1.0,1.0]
10746,[60,1255,1820,3732,4217,4364,6975,9851,9946],[1.0,1.0,1.0,1.0,1.0,1.0,1.0,1.0,1.0]
10746,[696,2325,2618,3110,3240,4405,4408,10162],[1.0,1.0,1.0,1.0,1.0,1.0,1.0,1.0]
10746,[696,852,1094,1411,1706,4576,6607,6626,7258,10455],[1.0,1.0,1.0,1.0,1.0,1.0,1.0,1.0,1.0,1.0]
10746,[869,4671,5125,6500,8576,9424,9834,9882],[1.0,1.0,1.0,1.0,1.0,1.0,1.0,1.0]
10746,[845,1706,3110,4205,5343,6167,7716,8114,9851],[1.0,1.0,1.0,1.0,1.0,1.0,1.0,1.0,1.0]
10746,[4614,6335,7502,7506,8397,9170,9379,9534],[1.0,1.0,1.0,1.0,1.0,1.0,1.0,1.0]
10746,[2400,2530,3545,4068,4140,4205,5207,7726,9273],[1.0,1.0,1.0,1.0,1.0,1.0,1.0,1.0,1.0]
10746,[83,3651,4205,4316,4496,5205,7423,7923,8476],[1.0,1.0,1.0,1.0,1.0,1.0,1.0,1.0,1.0]
10746,[172,3426,4927,6395,6626,7552,8584,9273,10082],[1.0,1.0,1.0,1.0,1.0,1.0,1.0,1.0,1.0]
10746,[3027,4066,4583,6500,8411,10499],[1.0,1.0,1.0,1.0,1.0,1.0]
10746,[8411,9528,9778,10068],[1.0,1.0,1.0,1.0]
10746,[3546,4442,6148,8114,9270,10068,10621,10693],[1.0,1.0,1.0,1.0,1.0,1.0,1.0,1.0]
10746,[1706,4217,4888,5628,7390,7518,8411,8558],[1.0,1.0,1.0,1.0,1.0,1.0,1.0,1.0]
10746,[206,372,463,2123,4405,6056,7423,8584,9851],[1.0,1.0,1.0,1.0,1.0,1.0,1.0,1.0,1.0]
10746,[463,1532,2068,7502,7728,9851,10139],[1.0,1.0,1.0,1.0,1.0,1.0,1.0]
10746,[1255,3022,4217,4597,7502,8421],[1.0,1.0,1.0,1.0,1.0,1.0]
10746,[66,206,1255,1535,4217,4759,5930,9379,9752,9979],[1.0,1.0,1.0,1.0,1.0,1.0,1.0,1.0,1.0,1.0]
10746,[206,7984,8114,10020,10582],[1.0,1.0,1.0,1.0,1.0]
10746,[1275,4217,4671,5820,7502,10621],[1.0,1.0,1.0,1.0,1.0,1.0]
10746,[3453,4944,5628,6080,6098,6920,7728],[1.0,1.0,1.0,1.0,1.0,1.0,1.0]
10746,[2720,3577,4649,5791,6500,7008,7074,10362],[1.0,1.0,1.0,1.0,1.0,1.0,1.0,1.0]
10746,[2492,3890,5592,10093,10139],[1.0,1.0,1.0,1.0,1.0]
10746,[549,2493,4611,7502,8114,9290,10139,10621],[1.0,1.0,1.0,1.0,1.0,1.0,1.0,1.0]
10746,[372,878,2171,4210,4809,7813,7847,8584,9169,10222],[1.0,1.0,1.0,1.0,1.0,1.0,1.0,1.0,1.0,1.0]
10746,[878,5089,5439,5741,5830,6182,6889,8672],[1.0,1.0,1.0,1.0,1.0,1.0,1.0,1.0]
10746,[1535,4598,4925,6684,8673,9234,9424,10621],[1.0,1.0,1.0,1.0,1.0,1.0,1.0,1.0]
10746,[2627,2821,4910,5131,5564,9337,9632,10207],[1.0,1.0,1.0,1.0,1.0,1.0,1.0,1.0]
10746,[2121,4809,5089,8561,8924,9270,10330],[1.0,1.0,1.0,1.0,1.0,1.0,1.0]
10746,[372,2825,5064,5652,5983,7188,8527,9270],[1.0,1.0,1.0,1.0,1.0,1.0,1.0,1.0]
10746,[1588,2121,4809,5089,6101,8063,10134],[1.0,1.0,1.0,1.0,1.0,1.0,1.0]
10746,[902,1706,4809,6341,6819,8841,8935,9626,10330],[1.0,1.0,1.0,1.0,1.0,1.0,1.0,1.0,1.0]
10746,[2493,2825,2916,5885,7204,8162,9595,9652],[1.0,1.0,1.0,1.0,1.0,1.0,1.0,1.0]
10746,[766,3472,4362,4809,4850,4883,8495,8527,10330],[1.0,1.0,1.0,1.0,1.0,1.0,1.0,1.0,1.0]
10746,[66,878,3327,4552,5548,7188,10222,10330],[1.0,1.0,1.0,1.0,1.0,1.0,1.0,1.0]
10746,[3264,4682,4809,4883,5804,6349,9379,10380],[1.0,1.0,1.0,1.0,1.0,1.0,1.0,1.0]
10746,[911,1399,1626,2111,3591,7098,7316,7379,9481],[1.0,1.0,1.0,1.0,1.0,1.0,1.0,1.0,1.0]
10746,[126,1712,2493,4595,5103,6877,7757],[1.0,1.0,1.0,1.0,1.0,1.0,1.0]
10746,[559,878,1683,3549,5741,9632,10330],[1.0,1.0,1.0,1.0,1.0,1.0,1.0]
10746,[507,777,2825,4883,7572,8506,10539],[1.0,1.0,1.0,1.0,1.0,1.0,1.0]
10746,[507,3519,3651,3824,4780,6167,6359,10043,10222],[1.0,1.0,1.0,1.0,1.0,1.0,1.0,1.0,1.0]
10746,[766,1686,3318,4645,6349,6561,9615],[1.0,1.0,1.0,1.0,1.0,1.0,1.0]
10746,[293,5260,5505,6499,6684,6906,8005,9289],[1.0,1.0,1.0,1.0,1.0,1.0,1.0,1.0]
10746,[533,878,4217,5377,6057,8565,10082],[1.0,1.0,1.0,1.0,1.0,1.0,1.0]
10746,[402,549,878,4258,4883,6182,8114,8895,9281],[1.0,1.0,1.0,1.0,1.0,1.0,1.0,1.0,1.0]
10746,[365,1673,3929,4642,7221,8382,10222],[1.0,1.0,1.0,1.0,1.0,1.0,1.0]
10746,[436,1283,2455,4883,5604,5741,8040,8480],[1.0,1.0,1.0,1.0,1.0,1.0,1.0,1.0]
10746,[143,365,372,878,2916,4332,6603,6952,9632,10043],[1.0,1.0,1.0,1.0,1.0,1.0,1.0,1.0,1.0,1.0]
10746,[447,4258,5181,5592,6603,7166,8554,9281],[1.0,1.0,1.0,1.0,1.0,1.0,1.0,1.0]
10746,[878,4258,4420,4501,4883,5641,5738,8821,9903],[1.0,1.0,1.0,1.0,1.0,1.0,1.0,1.0,1.0]
10746,[1673,2302,5705,7423,8527,8602,8895],[1.0,1.0,1.0,1.0,1.0,1.0,1.0]
10746,[896,2364,5820,6298,8286,8292,9270,10381],[1.0,1.0,1.0,1.0,1.0,1.0,1.0,1.0]
10746,[1948,3118,3527,3929,5684,9439],[1.0,1.0,1.0,1.0,1.0,1.0]
10746,[387,2407,3441,6231,7205,9270,9793],[1.0,1.0,1.0,1.0,1.0,1.0,1.0]
10746,[902,1283,3065,3829,4149,4860,8480,10207,10742],[1.0,1.0,1.0,1.0,1.0,1.0,1.0,1.0,1.0]
10746,[902,1283,5116,6098,6182,9273,10621],[1.0,1.0,1.0,1.0,1.0,1.0,1.0]
10746,[878,2455,2916,3545,3669,5089,5946,8554],[1.0,1.0,1.0,1.0,1.0,1.0,1.0,1.0]
10746,[878,2119,3770,3850,4883,5072,8286,8983,9290,10043],[1.0,1.0,1.0,1.0,1.0,1.0,1.0,1.0,1.0,1.0]
10746,[1517,3483,5089,5830,6182,7700,9290],[1.0,1.0,1.0,1.0,1.0,1.0,1.0]
10746,[878,2588,4588,5089,5202,7019,8114,9289,9407],[1.0,1.0,1.0,1.0,1.0,1.0,1.0,1.0,1.0]
10746,[172,5705,7255,7699,8286,8575,9290,10355],[1.0,1.0,1.0,1.0,1.0,1.0,1.0,1.0]
10746,[878,1005,2427,2931,3575,3590,4944,5205,9270],[1.0,1.0,1.0,1.0,1.0,1.0,1.0,1.0,1.0]
10746,[1036,2618,2916,6438,8337,8949,9764,10424,10572],[1.0,1.0,1.0,1.0,1.0,1.0,1.0,1.0,1.0]
10746,[1036,4191,5983,7074,7390,7515,8114,9490],[1.0,1.0,1.0,1.0,1.0,1.0,1.0,1.0]
10746,[143,4191,4405,5125,5804,6710,9365,9369],[1.0,1.0,1.0,1.0,1.0,1.0,1.0,1.0]
10746,[2916,4858,5089,6182,7074,8454,8595],[1.0,1.0,1.0,1.0,1.0,1.0,1.0]
10746,[869,878,902,3713,5116,5739,6658,8114],[1.0,1.0,1.0,1.0,1.0,1.0,1.0,1.0]
10746,[3318,3886,4405,6182,7019,7502,7506,9632],[1.0,1.0,1.0,1.0,1.0,1.0,1.0,1.0]
10746,[2493,4149,4258,6182,7045,7086,8748,9273],[1.0,1.0,1.0,1.0,1.0,1.0,1.0,1.0]
10746,[1800,2325,4405,5089,6182,6283,7502,8655],[1.0,1.0,1.0,1.0,1.0,1.0,1.0,1.0]
10746,[1005,2022,2588,3257,3426,5069,7019,7890,10419],[1.0,1.0,1.0,1.0,1.0,1.0,1.0,1.0,1.0]
10746,[1036,2588,5341,5628,5652,5983,8476],[1.0,1.0,1.0,1.0,1.0,1.0,1.0]
10746,[3022,3549,3824,4332,5804,6182,7379,8748],[1.0,1.0,1.0,1.0,1.0,1.0,1.0,1.0]
10746,[142,348,1023,4520,5102,5116,7166],[1.0,1.0,1.0,1.0,1.0,1.0,1.0]
10746,[869,878,2588,2916,5142,5604,8476,8582,10670],[1.0,1.0,1.0,1.0,1.0,1.0,1.0,1.0,1.0]
10746,[51,902,2588,4603,4614,5505,6053,6548,10082],[1.0,1.0,1.0,1.0,1.0,1.0,1.0,1.0,1.0]
10746,[398,878,1023,2916,5089,6182,9299,9632,10139],[1.0,1.0,1.0,1.0,1.0,1.0,1.0,1.0,1.0]
10746,[2612,3318,4296,4408,6182,9273,9298,9632,10433],[1.0,1.0,1.0,1.0,1.0,1.0,1.0,1.0,1.0]
10746,[4603,5705,6035,6639,8041,9935,10433,10621],[1.0,1.0,1.0,1.0,1.0,1.0,1.0,1.0]
10746,[172,1257,4520,5072,5116,7255,8286,8527,9289,9778],[1.0,1.0,1.0,1.0,1.0,1.0,1.0,1.0,1.0,1.0]
10746,[1732,2931,5072,7390,7684,7699,7712,8575,9270],[1.0,1.0,1.0,1.0,1.0,1.0,1.0,1.0,1.0]
10746,[505,2821,4423,5108,6231,7890,9270],[1.0,1.0,1.0,1.0,1.0,1.0,1.0]
10746,[769,1626,2168,4217,4648,6341,8576,9270],[1.0,1.0,1.0,1.0,1.0,1.0,1.0,1.0]
10746,[2211,2520,5345,9270,10152,10232],[1.0,1.0,1.0,1.0,1.0,1.0]
10746,[4827,4934,5251,5505,7071,7074,8286,9667,10395],[1.0,1.0,1.0,1.0,1.0,1.0,1.0,1.0,1.0]
10746,[1119,1648,3795,4228,4934,8114,8286],[1.0,1.0,1.0,1.0,1.0,1.0,1.0]
10746,[363,1099,1119,2472,2961,3514,4486,6295,8286],[1.0,1.0,1.0,1.0,1.0,1.0,1.0,1.0,1.0]
10746,[238,4671,5505,6283,7746,8748,9111,10539],[1.0,1.0,1.0,1.0,1.0,1.0,1.0,1.0]
10746,[112,902,3768,4414,4934,6047,9776],[1.0,1.0,1.0,1.0,1.0,1.0,1.0]
10746,[1712,2088,3732,4228,5089,5696,6182],[1.0,1.0,1.0,1.0,1.0,1.0,1.0]
10746,[1613,2136,3732,5116,6810,7019],[1.0,1.0,1.0,1.0,1.0,1.0]
10746,[1712,2524,4405,5116,7019,7206,7718,8554,10006],[1.0,1.0,1.0,1.0,1.0,1.0,1.0,1.0,1.0]
10746,[14,4405,4639,5116,7019,8339,8476],[1.0,1.0,1.0,1.0,1.0,1.0,1.0]
10746,[1099,1712,2290,4405,5320,6182,7019],[1.0,1.0,1.0,1.0,1.0,1.0,1.0]
10746,[5089,5202,6901,7019,8480,8690,9632],[1.0,1.0,1.0,1.0,1.0,1.0,1.0]
10746,[3113,5181,6545,7019,8370,9352,9977,10455],[1.0,1.0,1.0,1.0,1.0,1.0,1.0,1.0]
10746,[1635,3339,3651,3783,5705,6182,8041,8729,9420],[1.0,1.0,1.0,1.0,1.0,1.0,1.0,1.0,1.0]
10746,[60,1411,1712,2022,3741,5273,7019,7813,9632],[1.0,1.0,1.0,1.0,1.0,1.0,1.0,1.0,1.0]
10746,[3783,5144,5205,5326,7019,8032,8476,9273],[1.0,1.0,1.0,1.0,1.0,1.0,1.0,1.0]
10746,[3483,3658,5116,5641,5738,7019,7649,9632],[1.0,1.0,1.0,1.0,1.0,1.0,1.0,1.0]
10746,[740,1315,1633,2931,3867,4303,4603,7384,9273],[1.0,1.0,1.0,1.0,1.0,1.0,1.0,1.0,1.0]
10746,[1995,5089,6392,6844,7537,7948,8041,9626,10395],[1.0,1.0,1.0,1.0,1.0,1.0,1.0,1.0,1.0]
10746,[559,1706,3627,4217,6010,9894],[1.0,1.0,1.0,1.0,1.0,1.0]
10746,[902,3409,4060,4520,4883,5810,7079,7889,9595],[1.0,1.0,1.0,1.0,1.0,1.0,1.0,1.0,1.0]
10746,[573,7079,7205,8983,9273,10103,10203,10539],[1.0,1.0,1.0,1.0,1.0,1.0,1.0,1.0]
10746,[372,956,2455,3070,3216,4205,4883,5012,6392],[1.0,1.0,1.0,1.0,1.0,1.0,1.0,1.0,1.0]
10746,[201,869,896,2247,4294,4883,7079,9453],[1.0,1.0,1.0,1.0,1.0,1.0,1.0,1.0]
10746,[878,1255,1776,3280,3967,4595,6877,10103],[1.0,1.0,1.0,1.0,1.0,1.0,1.0,1.0]
10746,[2705,4832,4883,5324,6295,10222,10433,10582],[1.0,1.0,1.0,1.0,1.0,1.0,1.0,1.0]
10746,[501,878,2439,3089,3721,4258,7826,8426,9281],[1.0,1.0,1.0,1.0,1.0,1.0,1.0,1.0,1.0]
10746,[936,1708,2705,4332,4883,10103,10487],[1.0,1.0,1.0,1.0,1.0,1.0,1.0]
10746,[878,1315,1706,3663,3698,3770,5065,6401,8476],[1.0,1.0,1.0,1.0,1.0,1.0,1.0,1.0,1.0]
10746,[3280,3391,3409,4883,7081,7502,8416,9228],[1.0,1.0,1.0,1.0,1.0,1.0,1.0,1.0]
10746,[1442,3280,3391,3586,4439,4611,8416,8554,10656],[1.0,1.0,1.0,1.0,1.0,1.0,1.0,1.0,1.0]
10746,[878,1340,2758,3426,4601,4883,6257,9568],[1.0,1.0,1.0,1.0,1.0,1.0,1.0,1.0]
10746,[597,2916,3545,6341,7045,8114,9397],[1.0,1.0,1.0,1.0,1.0,1.0,1.0]
10746,[3441,4145,4225,5089,5830,6182,6938,6993,10536],[1.0,1.0,1.0,1.0,1.0,1.0,1.0,1.0,1.0]
10746,[193,1406,3528,3741,5604,7889,8000],[1.0,1.0,1.0,1.0,1.0,1.0,1.0]
10746,[1054,1143,2571,3663,5830,8194,9000,9768],[1.0,1.0,1.0,1.0,1.0,1.0,1.0,1.0]
10746,[19,766,1005,2904,4217,5089,7890,9632],[1.0,1.0,1.0,1.0,1.0,1.0,1.0,1.0]
10746,[262,1529,3824,6401,7019,8642,9851,10433],[1.0,1.0,1.0,1.0,1.0,1.0,1.0,1.0]
10746,[930,1099,2571,2799,7983,8114,9851],[1.0,1.0,1.0,1.0,1.0,1.0,1.0]
10746,[1143,2571,4007,4405,5144,8184,8416,9270,9948,10582],[1.0,1.0,1.0,1.0,1.0,1.0,1.0,1.0,1.0,1.0]
10746,[463,769,1099,5909,5911,7502,9632,9689,9758],[1.0,1.0,1.0,1.0,1.0,1.0,1.0,1.0,1.0]
10746,[878,1143,6047,7869,8114,8205],[1.0,1.0,1.0,1.0,1.0,1.0]
10746,[126,4416,6002,6182,7074,8729,10099,10103],[1.0,1.0,1.0,1.0,1.0,1.0,1.0,1.0]
10746,[372,1177,3409,4774,4946,5181,5343,8416],[1.0,1.0,1.0,1.0,1.0,1.0,1.0,1.0]
10746,[1177,3545,3850,5321,5343,5983,7502,8416,9298],[1.0,1.0,1.0,1.0,1.0,1.0,1.0,1.0,1.0]
10746,[2618,3651,3824,4883,8584,9273,10068,10222,10675],[1.0,1.0,1.0,1.0,1.0,1.0,1.0,1.0,1.0]
10746,[1004,3651,4332,6465,7205,8155,8398,9851,10112],[1.0,1.0,1.0,1.0,1.0,1.0,1.0,1.0,1.0]
10746,[766,878,1340,1701,3231,5529,9632],[1.0,1.0,1.0,1.0,1.0,1.0,1.0]
10746,[936,2177,2916,3921,4883,6684,9273,9774,10417],[1.0,1.0,1.0,1.0,1.0,1.0,1.0,1.0,1.0]
10746,[2177,3958,4503,5094,6906,7325,8114],[1.0,1.0,1.0,1.0,1.0,1.0,1.0]
10746,[3958,5205,5651,6057,6740,6819,7743,9290],[1.0,1.0,1.0,1.0,1.0,1.0,1.0,1.0]
10746,[1234,1255,1701,5519,5529,6603,6610,9193,9851],[1.0,1.0,1.0,1.0,1.0,1.0,1.0,1.0,1.0]
10746,[3213,8008,8331,9289,9337,9632,10207,10621],[1.0,1.0,1.0,1.0,1.0,1.0,1.0,1.0]
10746,[2725,3958,3987,4503,4925,5404,9851],[1.0,1.0,1.0,1.0,1.0,1.0,1.0]
10746,[14,4191,5404,6170,7446,7700,8476,8673,8815],[1.0,1.0,1.0,1.0,1.0,1.0,1.0,1.0,1.0]
10746,[1701,2708,5529,6492,8286,9851],[1.0,1.0,1.0,1.0,1.0,1.0]
10746,[1177,2113,3409,4082,5343,7495,8904,8983,9476],[1.0,1.0,1.0,1.0,1.0,1.0,1.0,1.0,1.0]
10746,[2285,2825,4883,5604,8979,9337,10222,10381],[1.0,1.0,1.0,1.0,1.0,1.0,1.0,1.0]
10746,[507,1518,4042,4883,5181,10433,10539,10677],[1.0,1.0,1.0,1.0,1.0,1.0,1.0,1.0]
10746,[365,3958,3987,4127,5072,6772,8645,9289,9290,9851],[1.0,1.0,1.0,1.0,1.0,1.0,1.0,1.0,1.0,1.0]
10746,[2184,2708,5181,5224,5404,8366,9193,9632],[1.0,1.0,1.0,1.0,1.0,1.0,1.0,1.0]
10746,[2184,2708,3216,3958,3987,4127,4925],[1.0,1.0,1.0,1.0,1.0,1.0,1.0]
10746,[507,1182,1535,1706,5072,8904,9193],[1.0,1.0,1.0,1.0,1.0,1.0,1.0]
10746,[1255,2825,4526,6182,7448],[1.0,1.0,1.0,1.0,1.0]
10746,[436,457,1719,2211,2709,4066,7384,8898,10440],[1.0,1.0,1.0,1.0,1.0,1.0,1.0,1.0,1.0]
10746,[1099,1535,1830,3307,4217,7847,8815,9431,9841],[1.0,1.0,1.0,1.0,1.0,1.0,1.0,1.0,1.0]
10746,[14,1255,2916,4021,4934,8476,9193,10056],[1.0,1.0,1.0,1.0,1.0,1.0,1.0,1.0]
10746,[1255,1701,4611,5089,5604,6634,8662,9277],[1.0,1.0,1.0,1.0,1.0,1.0,1.0,1.0]
10746,[357,447,4883,5069,5235,5738,7166,8114],[1.0,1.0,1.0,1.0,1.0,1.0,1.0,1.0]
10746,[2074,3549,3795,4042,5181,8480,8582,9193,9716],[1.0,1.0,1.0,1.0,1.0,1.0,1.0,1.0,1.0]
10746,[794,1701,2433,2733,2825,4665,5003,5529,7218],[1.0,1.0,1.0,1.0,1.0,1.0,1.0,1.0,1.0]
10746,[4344,4501,4688,4883,6098,7592,8281,8554,9632],[1.0,1.0,1.0,1.0,1.0,1.0,1.0,1.0,1.0]
10746,[705,2916,5584,5596,5983,7854,8269,8281,8821],[1.0,1.0,1.0,1.0,1.0,1.0,1.0,1.0,1.0]
10746,[1099,1798,4414,4883,5928,6924],[1.0,1.0,1.0,1.0,1.0,1.0]
10746,[629,2177,3824,3958,3987,4066,4503,8005,9292],[1.0,1.0,1.0,1.0,1.0,1.0,1.0,1.0,1.0]
10746,[2979,3027,4258,4716,4883,6395,7220],[1.0,1.0,1.0,1.0,1.0,1.0,1.0]
10746,[357,1910,2551,2825,3409,4344,7480,9716,10056],[1.0,1.0,1.0,1.0,1.0,1.0,1.0,1.0,1.0]
10746,[1255,2177,2901,4735,6057,8005],[1.0,1.0,1.0,1.0,1.0,1.0]
10746,[1099,1234,2901,5205,6057,9193],[1.0,1.0,1.0,1.0,1.0,1.0]
10746,[2123,2643,2825,5983,6446,6687,7877,10440],[1.0,1.0,1.0,1.0,1.0,1.0,1.0,1.0]
10746,[1099,1193,3409,4290,4883,4944,5710,8740,9714],[1.0,1.0,1.0,1.0,1.0,1.0,1.0,1.0,1.0]
10746,[1177,2427,3257,3590,4755,4883,5207,5294,6219,9848],[1.0,1.0,1.0,1.0,1.0,1.0,1.0,1.0,1.0,1.0]
10746,[878,3573,5498,6492,6754,7436,8378,8878,9289,9851],[1.0,1.0,1.0,1.0,1.0,1.0,1.0,1.0,1.0,1.0]
10746,[690,1099,1255,3573,3741,5052,8114,8673,9995,10431],[1.0,1.0,1.0,1.0,1.0,1.0,1.0,1.0,1.0,1.0]
10746,[3741,5052,5470,5498,8476,8673,9851],[1.0,1.0,1.0,1.0,1.0,1.0,1.0]
10746,[2708,4257,4258,4603,7436,8008,8378,9273,10621],[1.0,1.0,1.0,1.0,1.0,1.0,1.0,1.0,1.0]
10746,[2708,4257,4603,7433,9337,9632,9851,10207],[1.0,1.0,1.0,1.0,1.0,1.0,1.0,1.0]
10746,[1706,2184,2552,3573,7436,8893,8904,8917,9851],[1.0,1.0,1.0,1.0,1.0,1.0,1.0,1.0,1.0]
10746,[878,1299,3343,4216,4229,6392,9503,9848],[1.0,1.0,1.0,1.0,1.0,1.0,1.0,1.0]
10746,[126,172,878,4553,6152,8520,9362,9841],[1.0,1.0,1.0,1.0,1.0,1.0,1.0,1.0]
10746,[1255,2839,4191,4553,5052,8576,8673,9534,10431],[1.0,1.0,1.0,1.0,1.0,1.0,1.0,1.0,1.0]
10746,[878,902,3573,4088,5205,5813,7808,9290,9443,9851],[1.0,1.0,1.0,1.0,1.0,1.0,1.0,1.0,1.0,1.0]
10746,[1777,3573,3741,4642,8056,8476,9273,10185],[1.0,1.0,1.0,1.0,1.0,1.0,1.0,1.0]
10746,[3573,3885,4883,5693,6387,8114,8554,9290],[1.0,1.0,1.0,1.0,1.0,1.0,1.0,1.0]
10746,[1930,2916,5652,5705,7213,8114],[1.0,1.0,1.0,1.0,1.0,1.0]
10746,[902,5777,8114,9632,9977,10301],[1.0,1.0,1.0,1.0,1.0,1.0]
10746,[2728,4794,5205,6492,6606,9851,9977,10359],[1.0,1.0,1.0,1.0,1.0,1.0,1.0,1.0]
10746,[3573,4088,5052,6049,6492,8154,9851,10431],[1.0,1.0,1.0,1.0,1.0,1.0,1.0,1.0]
10746,[2708,4801,4923,6172,8151,8893,9851],[1.0,1.0,1.0,1.0,1.0,1.0,1.0]
10746,[365,2708,3070,5983,6568,7803,8070],[1.0,1.0,1.0,1.0,1.0,1.0,1.0]
10746,[305,549,878,2123,4216,5052,9273,9503,9848],[1.0,1.0,1.0,1.0,1.0,1.0,1.0,1.0,1.0]
10746,[3549,3783,4405,5064,5116,5777,7019,9292],[1.0,1.0,1.0,1.0,1.0,1.0,1.0,1.0]
10746,[878,2931,4405,5173,6182,8635,9273],[1.0,1.0,1.0,1.0,1.0,1.0,1.0]
10746,[1004,1535,3741,4520,4734,7502,8347,9289],[1.0,1.0,1.0,1.0,1.0,1.0,1.0,1.0]
10746,[878,5116,6995,7233],[1.0,1.0,1.0,1.0]
10746,[878,1291,2112,2433,4007,5012,9290],[1.0,1.0,1.0,1.0,1.0,1.0,1.0]
10746,[2708,2982,4748,4883,6335,8347,9851,10068,10621],[1.0,1.0,1.0,1.0,1.0,1.0,1.0,1.0,1.0]
10746,[1255,1882,3409,4240,5205,7033,7572,7799,9273,10431],[1.0,1.0,1.0,1.0,1.0,1.0,1.0,1.0,1.0,1.0]
10746,[878,1255,1535,3289,5052,5116,8154,9273],[1.0,1.0,1.0,1.0,1.0,1.0,1.0,1.0]
10746,[3409,3573,4420,4713,8378,8482,10621],[1.0,1.0,1.0,1.0,1.0,1.0,1.0]
10746,[1706,2690,3768,5116,5181,6536,7436,10656],[1.0,1.0,1.0,1.0,1.0,1.0,1.0,1.0]
10746,[463,878,4672,6167,7843,8964,10082],[1.0,1.0,1.0,1.0,1.0,1.0,1.0]
10746,[365,1340,2325,5470,5505,6394,8961,9184],[1.0,1.0,1.0,1.0,1.0,1.0,1.0,1.0]
10746,[3110,3257,3592,6341,7105,7502,8729,9186,9924],[1.0,1.0,1.0,1.0,1.0,1.0,1.0,1.0,1.0]
10746,[95,380,878,2123,3549,3741,5116,5652,8169],[1.0,1.0,1.0,1.0,1.0,1.0,1.0,1.0,1.0]
10746,[878,2247,3089,3890,4601,4903,8964],[1.0,1.0,1.0,1.0,1.0,1.0,1.0]
10746,[4044,5330,5882,7436,7787,8378,8429,8964,9273],[1.0,1.0,1.0,1.0,1.0,1.0,1.0,1.0,1.0]
10746,[1083,2634,4191,5116,7019,9070,9273],[1.0,1.0,1.0,1.0,1.0,1.0,1.0]
10746,[198,1005,1283,2931,5072,6637,8680,9273,10353],[1.0,1.0,1.0,1.0,1.0,1.0,1.0,1.0,1.0]
10746,[365,699,4944,5003,5738,6178,7898,9292],[1.0,1.0,1.0,1.0,1.0,1.0,1.0,1.0]
10746,[878,2089,3065,3508,5289,5641,6341,9903],[1.0,1.0,1.0,1.0,1.0,1.0,1.0,1.0]
10746,[2530,7506,7778,9397],[1.0,1.0,1.0,1.0]
10746,[762,2206,2530,3586,8902,9897],[1.0,1.0,1.0,1.0,1.0,1.0]
10746,[126,769,1036,1438,6335,8114,9714],[1.0,1.0,1.0,1.0,1.0,1.0,1.0]
10746,[766,878,1755,3538,8248,8904,9290],[1.0,1.0,1.0,1.0,1.0,1.0,1.0]
10746,[878,4405,5116,6298,8236,9460,10203],[1.0,1.0,1.0,1.0,1.0,1.0,1.0]
10746,[1438,2123,5089,5983,7019,8904,10174,10419],[1.0,1.0,1.0,1.0,1.0,1.0,1.0,1.0]
10746,[878,4307,5738,6988,7791,9273,10011],[1.0,1.0,1.0,1.0,1.0,1.0,1.0]
10746,[2088,2894,3466,3564,4405,6298,8878,9298],[1.0,1.0,1.0,1.0,1.0,1.0,1.0,1.0]
10746,[762,878,1747,3426,3549,3741,5885,8398,8630,9841],[1.0,1.0,1.0,1.0,1.0,1.0,1.0,1.0,1.0,1.0]
10746,[769,1755,2123,4552,7084,9714,9897],[1.0,1.0,1.0,1.0,1.0,1.0,1.0]
10746,[1706,1755,3890,6500,7224,8114,10433,10475],[1.0,1.0,1.0,1.0,1.0,1.0,1.0,1.0]
10746,[2618,2852,5617,6727,7349,7390,7502,7768,9851],[1.0,1.0,1.0,1.0,1.0,1.0,1.0,1.0,1.0]
10746,[3070,4202,5072,8673,9252,9273,10239],[1.0,1.0,1.0,1.0,1.0,1.0,1.0]
10746,[878,1255,1471,2126,5641,5738,7791,8554],[1.0,1.0,1.0,1.0,1.0,1.0,1.0,1.0]
10746,[1683,2655,3651,5220,6182,7224,8041,9851,10232],[1.0,1.0,1.0,1.0,1.0,1.0,1.0,1.0,1.0]
10746,[2618,4018,4626,5196,5639,6016,6761,9298,10620],[1.0,1.0,1.0,1.0,1.0,1.0,1.0,1.0,1.0]
10746,[652,3172,3596,4405,5812,7693,7957,9851],[1.0,1.0,1.0,1.0,1.0,1.0,1.0,1.0]
10746,[325,1706,2490,3575,4517,4534,7502,8158,9851],[1.0,1.0,1.0,1.0,1.0,1.0,1.0,1.0,1.0]
10746,[2184,2504,2708,3808,4257,4603,8114],[1.0,1.0,1.0,1.0,1.0,1.0,1.0]
10746,[3586,4576,4619,5072,6754,9258,10239],[1.0,1.0,1.0,1.0,1.0,1.0,1.0]
10746,[1315,4504,4642,7266],[1.0,1.0,1.0,1.0]
10746,[5196,5288,6549,7675,9258,9901],[1.0,1.0,1.0,1.0,1.0,1.0]
10746,[1099,4605,6219,6938,7074,7117,9292,9903],[1.0,1.0,1.0,1.0,1.0,1.0,1.0,1.0]
10746,[3318,3409,4205,9000,9430,10222,10433],[1.0,1.0,1.0,1.0,1.0,1.0,1.0]
10746,[1098,2018,2206,2485,4517,9460],[1.0,1.0,1.0,1.0,1.0,1.0]
10746,[357,3596,3795,4405,5116,6016,7957,9716],[1.0,1.0,1.0,1.0,1.0,1.0,1.0,1.0]
10746,[325,1925,3172,5196,7693,9298,9851],[1.0,1.0,1.0,1.0,1.0,1.0,1.0]
10746,[3575,3795,5196,5452,7649,9298,10724],[1.0,1.0,1.0,1.0,1.0,1.0,1.0]
10746,[2214,2916,3893,4517,4534,4888,5181,6115,8572,9982],[1.0,1.0,1.0,1.0,1.0,1.0,1.0,1.0,1.0,1.0]
10746,[3795,4414,4934,5196,9298,9778,10324],[1.0,1.0,1.0,1.0,1.0,1.0,1.0]
10746,[559,2074,3426,4042,5003,5181,8347],[1.0,1.0,1.0,1.0,1.0,1.0,1.0]
10746,[1076,1099,1577,3472,5116,6076,6647,8594],[1.0,1.0,1.0,1.0,1.0,1.0,1.0,1.0]
10746,[1510,3737,4597,4934,6049,6626,7074,8114],[1.0,1.0,1.0,1.0,1.0,1.0,1.0,1.0]
10746,[289,3409,3545,7074,7889,10418,10621],[1.0,1.0,1.0,1.0,1.0,1.0,1.0]
10746,[357,766,2123,2709,2718,9716],[1.0,1.0,1.0,1.0,1.0,1.0]
10746,[463,878,2123,4587,5116,5444,5885,8398],[1.0,1.0,1.0,1.0,1.0,1.0,1.0,1.0]
10746,[95,2874,9397,10322,10418],[1.0,1.0,1.0,1.0,1.0]
10746,[878,2123,3747,3768,5116,7099,9397,9453],[1.0,1.0,1.0,1.0,1.0,1.0,1.0,1.0]
10746,[1755,4619,7366,8041,8865,10203,10419],[1.0,1.0,1.0,1.0,1.0,1.0,1.0]
10746,[515,559,4294,4440,4713,5089,5116,7019,9528],[1.0,1.0,1.0,1.0,1.0,1.0,1.0,1.0,1.0]
10746,[295,325,6167,8917,9551,10068],[1.0,1.0,1.0,1.0,1.0,1.0]
10746,[463,3247,5271,5326,5885,8114,8630,10203],[1.0,1.0,1.0,1.0,1.0,1.0,1.0,1.0]
10746,[878,3318,3738,5075,5573,6673,9273,10183],[1.0,1.0,1.0,1.0,1.0,1.0,1.0,1.0]
10746,[501,4247,5271,6033,7423,7671,8114,9273,9289,9555],[1.0,1.0,1.0,1.0,1.0,1.0,1.0,1.0,1.0,1.0]
10746,[869,2123,3395,3651,4883,7075,7572,7755],[1.0,1.0,1.0,1.0,1.0,1.0,1.0,1.0]
10746,[878,1575,3677,5116,7643,8114,8286,9273],[1.0,1.0,1.0,1.0,1.0,1.0,1.0,1.0]
10746,[1706,3651,5116,6035,7225,9298,9632],[1.0,1.0,1.0,1.0,1.0,1.0,1.0]
10746,[852,878,3280,3741,7559,9851,9968,10645],[1.0,1.0,1.0,1.0,1.0,1.0,1.0,1.0]
10746,[896,967,4576,5885,6172,6193,6283,10139],[1.0,1.0,1.0,1.0,1.0,1.0,1.0,1.0]
10746,[1299,1712,3089,3248,4525,7325,9675,10222,10621],[1.0,1.0,1.0,1.0,1.0,1.0,1.0,1.0,1.0]
10746,[3257,3886,5819,7074,7502,10433],[1.0,1.0,1.0,1.0,1.0,1.0]
10746,[896,1177,4191,4258,4291,4755,4974,9568],[1.0,1.0,1.0,1.0,1.0,1.0,1.0,1.0]
10746,[14,2123,4332,4883,5734,8114,8884,9080],[1.0,1.0,1.0,1.0,1.0,1.0,1.0,1.0]
10746,[26,5451,5739,6295,9030,9563,9971,10043,10419],[1.0,1.0,1.0,1.0,1.0,1.0,1.0,1.0,1.0]
10746,[3586,4883,5592,5628,9290,10222],[1.0,1.0,1.0,1.0,1.0,1.0]
10746,[878,1062,2781,3280,3502,5289,8416,9298,10682],[1.0,1.0,1.0,1.0,1.0,1.0,1.0,1.0,1.0]
10746,[878,1712,1776,3636,4405,7791,7813,7843,10445],[1.0,1.0,1.0,1.0,1.0,1.0,1.0,1.0,1.0]
10746,[515,1255,2916,4517,4553,7309,8114,9273],[1.0,1.0,1.0,1.0,1.0,1.0,1.0,1.0]
10746,[262,365,491,4925,5519,5592,9424,10139],[1.0,1.0,1.0,1.0,1.0,1.0,1.0,1.0]
10746,[4517,5983,6341,7045,7700,8008,8673,8983,9851],[1.0,1.0,1.0,1.0,1.0,1.0,1.0,1.0,1.0]
10746,[365,1097,1776,2825,3814,4944,5003,5652,9337],[1.0,1.0,1.0,1.0,1.0,1.0,1.0,1.0,1.0]
10746,[896,3216,3602,5885,6341,6684,8815,9964],[1.0,1.0,1.0,1.0,1.0,1.0,1.0,1.0]
10746,[1255,1960,2708,3307,5072,6341,9534],[1.0,1.0,1.0,1.0,1.0,1.0,1.0]
10746,[740,769,3307,6341,7919,7922,9626],[1.0,1.0,1.0,1.0,1.0,1.0,1.0]
10746,[379,2079,2407,3307,3453,6341,6684,8360],[1.0,1.0,1.0,1.0,1.0,1.0,1.0,1.0]
10746,[3741,6684,7045,8673,8685,9851,10433],[1.0,1.0,1.0,1.0,1.0,1.0,1.0]
10746,[2660,4517,5157,6341,7177,7384,8673,9851],[1.0,1.0,1.0,1.0,1.0,1.0,1.0,1.0]
10746,[2926,3409,5157,7384,7390,7572,8416,9040,9298],[1.0,1.0,1.0,1.0,1.0,1.0,1.0,1.0,1.0]
10746,[1612,1726,2455,3592,4763,4883,4970,7105],[1.0,1.0,1.0,1.0,1.0,1.0,1.0,1.0]
10746,[1548,2040,2916,3545,5652,8416,10419,10660],[1.0,1.0,1.0,1.0,1.0,1.0,1.0,1.0]
10746,[2123,3280,5235,5641,7334,8729,9595],[1.0,1.0,1.0,1.0,1.0,1.0,1.0]
10746,[847,896,2618,3783,4271,9968,10043,10082,10536],[1.0,1.0,1.0,1.0,1.0,1.0,1.0,1.0,1.0]
10746,[878,1255,3406,3441,4889,6861,7813,9273,9399,10378],[1.0,1.0,1.0,1.0,1.0,1.0,1.0,1.0,1.0,1.0]
10746,[2443,2916,3572,4182,4428,4682,5830],[1.0,1.0,1.0,1.0,1.0,1.0,1.0]
10746,[878,1255,3280,3967,6401,7316,9399,9575,10274],[1.0,1.0,1.0,1.0,1.0,1.0,1.0,1.0,1.0]
10746,[172,1255,1263,2916,5498,7316,8673,9273,9851],[1.0,1.0,1.0,1.0,1.0,1.0,1.0,1.0,1.0]
10746,[1291,5181,8008,8343,8983,9273,9632],[1.0,1.0,1.0,1.0,1.0,1.0,1.0]
10746,[878,1255,4595,4889,5652,7515,8484,9595,10378],[1.0,1.0,1.0,1.0,1.0,1.0,1.0,1.0,1.0]
10746,[3602,4405,5532,5652,8405,8815],[1.0,1.0,1.0,1.0,1.0,1.0]
10746,[2916,5532,6182,6298,6441,8527],[1.0,1.0,1.0,1.0,1.0,1.0]
10746,[9,543,2916,3602,8398,8405,9317],[1.0,1.0,1.0,1.0,1.0,1.0,1.0]
10746,[507,1094,4405,8405,8582,10115,10222,10621],[1.0,1.0,1.0,1.0,1.0,1.0,1.0,1.0]
10746,[2079,2305,6570,8405,8729,10103,10621],[1.0,1.0,1.0,1.0,1.0,1.0,1.0]
10746,[878,2411,3318,3658,5738,8476,8582,9762],[1.0,1.0,1.0,1.0,1.0,1.0,1.0,1.0]
10746,[14,1706,4405,5652,6182,7205,9460],[1.0,1.0,1.0,1.0,1.0,1.0,1.0]
10746,[878,1099,4393,4788,7316,7506,7643,8601,10274],[1.0,1.0,1.0,1.0,1.0,1.0,1.0,1.0,1.0]
10746,[878,1099,1255,1725,2455,3409,4788,5532,6298,9273],[1.0,1.0,1.0,1.0,1.0,1.0,1.0,1.0,1.0,1.0]
10746,[1601,1706,2758,4519,6150,8211,9273,9632,9708],[1.0,1.0,1.0,1.0,1.0,1.0,1.0,1.0,1.0]
10746,[344,1209,1275,3409,4857,5028,7105,7516,10103,10203],[1.0,1.0,1.0,1.0,1.0,1.0,1.0,1.0,1.0,1.0]
10746,[3669,4595,5069,5604,7379,7502,8476],[1.0,1.0,1.0,1.0,1.0,1.0,1.0]
10746,[506,896,1255,1817,2627,3257,4595,6607,9792,10433],[1.0,1.0,1.0,1.0,1.0,1.0,1.0,1.0,1.0,1.0]
10746,[878,1255,5498,8582,8655,8673,10082,10506],[1.0,1.0,1.0,1.0,1.0,1.0,1.0,1.0]
10746,[1263,2899,3636,4059,4191,4597,4807,5983,8642,9273],[1.0,1.0,1.0,1.0,1.0,1.0,1.0,1.0,1.0,1.0]
10746,[1776,2916,3255,4059,5592,9632,9784,10433],[1.0,1.0,1.0,1.0,1.0,1.0,1.0,1.0]
10746,[1255,1990,6182,7266,8466,8673,9555],[1.0,1.0,1.0,1.0,1.0,1.0,1.0]
10746,[559,896,1255,1776,3636,4595,5181,7084],[1.0,1.0,1.0,1.0,1.0,1.0,1.0,1.0]
10746,[878,1990,4217,5498,7266,9290,10433],[1.0,1.0,1.0,1.0,1.0,1.0,1.0]
10746,[1263,4059,6607,8114,8917,9289,9831],[1.0,1.0,1.0,1.0,1.0,1.0,1.0]
10746,[956,2411,5564,6106,6335,6603,7646,8904],[1.0,1.0,1.0,1.0,1.0,1.0,1.0,1.0]
10746,[441,572,1005,3538,3549,9831],[1.0,1.0,1.0,1.0,1.0,1.0]
10746,[1288,3094,3811,5040,7423,8114],[1.0,1.0,1.0,1.0,1.0,1.0]
10746,[549,747,878,3890,6047,9290,10222,10670],[1.0,1.0,1.0,1.0,1.0,1.0,1.0,1.0]
10746,[463,878,1481,1676,2079,3741,5144,9270],[1.0,1.0,1.0,1.0,1.0,1.0,1.0,1.0]
10746,[372,1222,1255,3740,5249,6167,6341],[1.0,1.0,1.0,1.0,1.0,1.0,1.0]
10746,[2513,3264,3661,4599,6071,7502,8554,9155],[1.0,1.0,1.0,1.0,1.0,1.0,1.0,1.0]
10746,[730,1255,2371,2411,2916,4332,5134,6542,8543,9273],[1.0,1.0,1.0,1.0,1.0,1.0,1.0,1.0,1.0,1.0]
10746,[2411,3264,4492,6432,7384,9273,9368,10203],[1.0,1.0,1.0,1.0,1.0,1.0,1.0,1.0]
10746,[1023,1785,2988,3890,4332,4801,5287,9273],[1.0,1.0,1.0,1.0,1.0,1.0,1.0,1.0]
10746,[14,436,461,661,8630,8934,9292],[1.0,1.0,1.0,1.0,1.0,1.0,1.0]
10746,[1255,3014,3636,4059,5983,8582,9311,9435,10093],[1.0,1.0,1.0,1.0,1.0,1.0,1.0,1.0,1.0]
10746,[878,2411,2493,2916,4059,4552,4595,7690,10222],[1.0,1.0,1.0,1.0,1.0,1.0,1.0,1.0,1.0]
10746,[2716,3666,3886,4611,5207,5604,7757,9632],[1.0,1.0,1.0,1.0,1.0,1.0,1.0,1.0]
10746,[1706,3257,5022,5737,7166,8073,8114,8595,10433],[1.0,1.0,1.0,1.0,1.0,1.0,1.0,1.0,1.0]
10746,[2182,2206,5639,6626,7811,10056],[1.0,1.0,1.0,1.0,1.0,1.0]
10746,[368,1076,1177,2596,4584,5343,5652,7515],[1.0,1.0,1.0,1.0,1.0,1.0,1.0,1.0]
10746,[3669,4191,4985,5819,6752,7985,9273,10487],[1.0,1.0,1.0,1.0,1.0,1.0,1.0,1.0]
10746,[13,1588,3592,3713,5820,6167,8411],[1.0,1.0,1.0,1.0,1.0,1.0,1.0]
10746,[1177,2916,3065,4066,4755,10111,10487],[1.0,1.0,1.0,1.0,1.0,1.0,1.0]
10746,[250,852,1706,2728,3037,3280,4191,9558],[1.0,1.0,1.0,1.0,1.0,1.0,1.0,1.0]
10746,[878,1144,2644,4066,5443,6298,7215,7826],[1.0,1.0,1.0,1.0,1.0,1.0,1.0,1.0]
10746,[1207,2329,5830,8649,9273,10183],[1.0,1.0,1.0,1.0,1.0,1.0]
10746,[13,4405,4420,5820,8673],[1.0,1.0,1.0,1.0,1.0]
10746,[14,941,2627,3741,4405,5181,6341,10183,10222],[1.0,1.0,1.0,1.0,1.0,1.0,1.0,1.0,1.0]
10746,[6341,6906,6940,8649,9270,10621],[1.0,1.0,1.0,1.0,1.0,1.0]
10746,[878,2596,3754,8370,8661,8924],[1.0,1.0,1.0,1.0,1.0,1.0]
10746,[101,1869,2079,2916,3651,5564,6341,10381],[1.0,1.0,1.0,1.0,1.0,1.0,1.0,1.0]
10746,[3144,3731,6341,6349,10021],[1.0,1.0,1.0,1.0,1.0]
10746,[13,2596,5142,6626,8114,9424],[1.0,1.0,1.0,1.0,1.0,1.0]
10746,[673,1706,2407,3602,3867,6341,8114],[1.0,1.0,1.0,1.0,1.0,1.0,1.0]
10746,[5205,6193,6341,6884,9851,10239],[1.0,1.0,1.0,1.0,1.0,1.0]
10746,[101,1626,1930,3106,3651,6341,8114,10414,10433],[1.0,1.0,1.0,1.0,1.0,1.0,1.0,1.0,1.0]
10746,[13,3280,3822,4123,6341,7366,8211],[1.0,1.0,1.0,1.0,1.0,1.0,1.0]
10746,[13,5820,6298,9289,9293,9626],[1.0,1.0,1.0,1.0,1.0,1.0]
10746,[2079,3741,5248,6341,7502,9337,10207],[1.0,1.0,1.0,1.0,1.0,1.0,1.0]
10746,[2520,2666,3070,3120,3257,8777,9093,10433],[1.0,1.0,1.0,1.0,1.0,1.0,1.0,1.0]
10746,[745,1478,3110,3257,6341,7813,8330],[1.0,1.0,1.0,1.0,1.0,1.0,1.0]
10746,[2067,4364,4698,6341,6940,7934,9289],[1.0,1.0,1.0,1.0,1.0,1.0,1.0]
10746,[417,1706,3890,4364,5407,7918],[1.0,1.0,1.0,1.0,1.0,1.0]
10746,[2660,3890,5407,6341,7502,8924],[1.0,1.0,1.0,1.0,1.0,1.0]
10746,[365,1830,1904,6443,7611,9172,9273],[1.0,1.0,1.0,1.0,1.0,1.0,1.0]
10746,[448,1047,6114,7866,8398,8680,9186,9807],[1.0,1.0,1.0,1.0,1.0,1.0,1.0,1.0]
10746,[1732,2836,3511,3741,7144,8431,8582,10068],[1.0,1.0,1.0,1.0,1.0,1.0,1.0,1.0]
10746,[1706,3511,5592,6341,7502,10068,10139],[1.0,1.0,1.0,1.0,1.0,1.0,1.0]
10746,[463,1154,1881,4454,6341,7649],[1.0,1.0,1.0,1.0,1.0,1.0]
10746,[1388,1706,2596,5592,6754,8114,8575,9424,10139],[1.0,1.0,1.0,1.0,1.0,1.0,1.0,1.0,1.0]
10746,[25,263,769,2916,7611],[1.0,1.0,1.0,1.0,1.0]
10746,[2493,4007,5142,5407,8114,8582,8675,9262],[1.0,1.0,1.0,1.0,1.0,1.0,1.0,1.0]
10746,[263,3890,5407,8924,9281],[1.0,1.0,1.0,1.0,1.0]
10746,[878,1099,3318,4393,5820,5988],[1.0,1.0,1.0,1.0,1.0,1.0]
10746,[1776,2708,4191,5877,7105,8630,8986,9273,10183],[1.0,1.0,1.0,1.0,1.0,1.0,1.0,1.0,1.0]
10746,[66,263,769,2079,6061,6341,10068],[1.0,1.0,1.0,1.0,1.0,1.0,1.0]
10746,[116,126,2500,2618,3331,5142,8397,8675,9851],[1.0,1.0,1.0,1.0,1.0,1.0,1.0,1.0,1.0]
10746,[365,878,1275,4191,5604,7166,8114,9430,10232],[1.0,1.0,1.0,1.0,1.0,1.0,1.0,1.0,1.0]
10746,[1099,1340,1881,2618,6368,7205,7529,9273,10183],[1.0,1.0,1.0,1.0,1.0,1.0,1.0,1.0,1.0]
10746,[13,1178,1910,9851,10595,10617],[1.0,1.0,1.0,1.0,1.0,1.0]
10746,[14,651,902,1178,2041,4191,6754,7541,10433],[1.0,1.0,1.0,1.0,1.0,1.0,1.0,1.0,1.0]
10746,[1654,5452,5710,9290,9365],[1.0,1.0,1.0,1.0,1.0]
10746,[1388,1881,3514,6754,9460,9863,10630],[1.0,1.0,1.0,1.0,1.0,1.0,1.0]
10746,[1388,1881,4217,4934,5983,6341,6754],[1.0,1.0,1.0,1.0,1.0,1.0,1.0]
10746,[1881,2022,3651,4671,7877,8748,10183],[1.0,1.0,1.0,1.0,1.0,1.0,1.0]
10746,[1529,2247,2530,3442,3741,5596,9172,10338],[1.0,1.0,1.0,1.0,1.0,1.0,1.0,1.0]
10746,[1548,4393,5207,5641,6368,7390,8114,9903],[1.0,1.0,1.0,1.0,1.0,1.0,1.0,1.0]
10746,[1438,2708,3740,4191,7105,10183],[1.0,1.0,1.0,1.0,1.0,1.0]
10746,[13,794,2088,2398,4424,4848,5820],[1.0,1.0,1.0,1.0,1.0,1.0,1.0]
10746,[320,429,683,2664,4393,6754,7860,8680],[1.0,1.0,1.0,1.0,1.0,1.0,1.0,1.0]
10746,[878,1856,6145,7877,8416,9332,10621],[1.0,1.0,1.0,1.0,1.0,1.0,1.0]
10746,[13,3511,3824,7649,9290,9632,10445],[1.0,1.0,1.0,1.0,1.0,1.0,1.0]
10746,[2157,3187,4883,5102,6441,8398,8889,10445],[1.0,1.0,1.0,1.0,1.0,1.0,1.0,1.0]
10746,[1841,2079,2618,3515,6176,9399,9851,10286],[1.0,1.0,1.0,1.0,1.0,1.0,1.0,1.0]
10746,[637,3731,5142,7117,8924,9186,10021],[1.0,1.0,1.0,1.0,1.0,1.0,1.0]
10746,[896,1706,2271,3301,3535,4534,5142,7323],[1.0,1.0,1.0,1.0,1.0,1.0,1.0,1.0]
10746,[172,597,902,1910,3545,8041,8864,10232],[1.0,1.0,1.0,1.0,1.0,1.0,1.0,1.0]
10746,[812,878,3181,4937,5289,6254,7781,7813,7847,9273],[1.0,1.0,1.0,1.0,1.0,1.0,1.0,1.0,1.0,1.0]
10746,[589,3110,7813,9290,9558],[1.0,1.0,1.0,1.0,1.0]
10746,[869,1987,2000,7653,9183,9558,9851,10585],[1.0,1.0,1.0,1.0,1.0,1.0,1.0,1.0]
10746,[26,2425,3738,4042,4534,5763,8219,8411,9632],[1.0,1.0,1.0,1.0,1.0,1.0,1.0,1.0,1.0]
10746,[565,1255,1529,1534,2686,5804,9289,9800],[1.0,1.0,1.0,1.0,1.0,1.0,1.0,1.0]
10746,[1910,4755,4879,8498,9148,9262,9273,9338,10536],[1.0,1.0,1.0,1.0,1.0,1.0,1.0,1.0,1.0]
10746,[14,1535,3391,3662,4364,6607,8941,10222],[1.0,1.0,1.0,1.0,1.0,1.0,1.0,1.0]
10746,[878,902,3651,3741,4217,4525,5592,8411,9070,10082],[1.0,1.0,1.0,1.0,1.0,1.0,1.0,1.0,1.0,1.0]
10746,[852,878,1653,1910,2708,3280,7325,9632],[1.0,1.0,1.0,1.0,1.0,1.0,1.0,1.0]
10746,[1104,1706,3409,7079,8411,8983],[1.0,1.0,1.0,1.0,1.0,1.0]
10746,[244,966,1054,3824,4145,8114,8211,9903,10185],[1.0,1.0,1.0,1.0,1.0,1.0,1.0,1.0,1.0]
10746,[3374,4336,5146,7379,8383,8584,10060,10311,10621],[1.0,1.0,1.0,1.0,1.0,1.0,1.0,1.0,1.0]
10746,[1255,2438,2794,3745,6754,8584,9084,9180],[1.0,1.0,1.0,1.0,1.0,1.0,1.0,1.0]
10746,[14,1275,2539,3089,6952,9563,10222],[1.0,1.0,1.0,1.0,1.0,1.0,1.0]
10746,[66,832,4755,5739,6645,7503,10445],[1.0,1.0,1.0,1.0,1.0,1.0,1.0]
10746,[1094,1177,3950,5592,5641,6172,7165,8419],[1.0,1.0,1.0,1.0,1.0,1.0,1.0,1.0]
10746,[597,869,1275,4191,8188,9328],[1.0,1.0,1.0,1.0,1.0,1.0]
10746,[14,3076,4589,4671,7165,7826,8506,9504],[1.0,1.0,1.0,1.0,1.0,1.0,1.0,1.0]
10746,[902,1865,2916,3409,3731,4534,5181,6317,7826],[1.0,1.0,1.0,1.0,1.0,1.0,1.0,1.0,1.0]
10746,[878,2079,6229,6335,6985,8032,8169,9227],[1.0,1.0,1.0,1.0,1.0,1.0,1.0,1.0]
10746,[417,2079,4619,8114,8169,8895,8935,10203],[1.0,1.0,1.0,1.0,1.0,1.0,1.0,1.0]
