10746,[39,2531,3844,4440,6131,6753,10201],[1.0,1.0,1.0,1.0,1.0,1.0,1.0]
10746,[213,2518,4055,4778,4809,5017,7463,9865,10152,10360],[1.0,1.0,1.0,1.0,1.0,1.0,1.0,1.0,1.0,1.0]
10746,[936,2785,3093,3844,4677,5486,7117,8540],[1.0,1.0,1.0,1.0,1.0,1.0,1.0,1.0]
10746,[956,2067,2916,3515,5592,6172,8114,9851],[1.0,1.0,1.0,1.0,1.0,1.0,1.0,1.0]
10746,[561,5127,6035,9724,10419,10539,10617],[1.0,1.0,1.0,1.0,1.0,1.0,1.0]
10746,[4629,4751,7548,8114,8345,9076,10397],[1.0,1.0,1.0,1.0,1.0,1.0,1.0]
10746,[871,1099,1673,2324,2530,2814,9882],[1.0,1.0,1.0,1.0,1.0,1.0,1.0]
10746,[850,871,1099,2493,4332,4355,7606],[1.0,1.0,1.0,1.0,1.0,1.0,1.0]
10746,[1233,1275,2916,4332,4597,5366,9379,9632],[1.0,1.0,1.0,1.0,1.0,1.0,1.0,1.0]
10746,[747,850,871,1255,3426,4389,6167,10621],[1.0,1.0,1.0,1.0,1.0,1.0,1.0,1.0]
10746,[673,2407,2916,3545,6229,8280],[1.0,1.0,1.0,1.0,1.0,1.0]
10746,[1817,1982,3804,5261,6229,6753,10621],[1.0,1.0,1.0,1.0,1.0,1.0,1.0]
