10746,[121,3136,4276,4440,4686,5785,7672,9433,10360],[1.0,1.0,1.0,1.0,1.0,1.0,1.0,1.0,1.0]
10746,[213,1652,2445,2518,4055,4778,6060,7133,7937,9162],[1.0,1.0,1.0,1.0,1.0,1.0,1.0,1.0,1.0,1.0]
10746,[2272,2876,7101,7672,10152],[1.0,1.0,1.0,1.0,1.0]
10746,[936,4750,6753,7381,10187,10463],[1.0,1.0,1.0,1.0,1.0,1.0]
10746,[133,902,3993,5036,5181,7146,8126,10068],[1.0,1.0,1.0,1.0,1.0,1.0,1.0,1.0]
10746,[4092,4321,7833,8398,8411,8729,9420],[1.0,1.0,1.0,1.0,1.0,1.0,1.0]
10746,[133,902,1099,1564,3426,5036,5167,7843,8425],[1.0,1.0,1.0,1.0,1.0,1.0,1.0,1.0,1.0]
10746,[133,902,3089,5036,6605,7218,8425,10377],[1.0,1.0,1.0,1.0,1.0,1.0,1.0,1.0]
10746,[1255,5022,7379,7728,8971,9270,9589],[1.0,1.0,1.0,1.0,1.0,1.0,1.0]
10746,[646,1535,1706,2131,2394,5328,5738,8068,9748],[1.0,1.0,1.0,1.0,1.0,1.0,1.0,1.0,1.0]
10746,[1564,2916,3339,3705,4387,7117,7843,7970,8908],[1.0,1.0,1.0,1.0,1.0,1.0,1.0,1.0,1.0]
10746,[1662,6229,7454,7506,8041,9064,9634],[1.0,1.0,1.0,1.0,1.0,1.0,1.0]
10746,[6229,7843,7970,8114,8280,8398,8908,9290],[1.0,1.0,1.0,1.0,1.0,1.0,1.0,1.0]
10746,[172,245,4473,4611,8908,9289,10433],[1.0,1.0,1.0,1.0,1.0,1.0,1.0]
10746,[245,417,3993,4473,6335,7843,9068],[1.0,1.0,1.0,1.0,1.0,1.0,1.0]
10746,[172,3596,6229,7970,8908,9068],[1.0,1.0,1.0,1.0,1.0,1.0]
10746,[4473,4611,5069,5877,9068,9420,9851,10419],[1.0,1.0,1.0,1.0,1.0,1.0,1.0,1.0]
10746,[1098,1326,2530,4534,4589,4671,8630,9816],[1.0,1.0,1.0,1.0,1.0,1.0,1.0,1.0]
10746,[27,2530,2640,4188,5505,8475],[1.0,1.0,1.0,1.0,1.0,1.0]
10746,[1588,2530,4355,5328,5928,7384,8595,9465,10530],[1.0,1.0,1.0,1.0,1.0,1.0,1.0,1.0,1.0]
10746,[35,766,1673,2247,2530,4534,5991,8595,10743],[1.0,1.0,1.0,1.0,1.0,1.0,1.0,1.0,1.0]
10746,[1683,2616,4191,5181,7292,8070,8543,8973,10283],[1.0,1.0,1.0,1.0,1.0,1.0,1.0,1.0,1.0]
10746,[4534,5592,5661,6978,8280,9000,9298],[1.0,1.0,1.0,1.0,1.0,1.0,1.0]
10746,[1326,4534,4611,6819,7084,8114,8595,8673,9465],[1.0,1.0,1.0,1.0,1.0,1.0,1.0,1.0,1.0]
10746,[573,837,3965,4191,4332,5226,5343,9273,9460,10108],[1.0,1.0,1.0,1.0,1.0,1.0,1.0,1.0,1.0,1.0]
10746,[121,234,1683,2114,3433,3586,3708,5604,9420],[1.0,1.0,1.0,1.0,1.0,1.0,1.0,1.0,1.0]
10746,[2954,3136,4276,4534,5703,7502,8543,9460,9903],[1.0,1.0,1.0,1.0,1.0,1.0,1.0,1.0,1.0]
10746,[2916,3131,4409,4534,6164,6626,7566,7672,9730],[1.0,1.0,1.0,1.0,1.0,1.0,1.0,1.0,1.0]
10746,[2419,3457,3651,4496,7225,9270,10225],[1.0,1.0,1.0,1.0,1.0,1.0,1.0]
10746,[342,1084,1255,3457,6335,7905,9407],[1.0,1.0,1.0,1.0,1.0,1.0,1.0]
