10746,[2200,3277,3282,4616,5279,6502,8867,9491,9996],[1.0,1.0,1.0,1.0,1.0,1.0,1.0,1.0,1.0]
10746,[2200,2531,3277,4440,4809,5090,9491,9996],[1.0,1.0,1.0,1.0,1.0,1.0,1.0,1.0]
10746,[851,2785,3844,5090,5358,5486,5845],[1.0,1.0,1.0,1.0,1.0,1.0,1.0]
10746,[877,2518,3277,3844,4778,5358,10187,10360],[1.0,1.0,1.0,1.0,1.0,1.0,1.0,1.0]
10746,[213,2200,3277,3844,5358,9491,9996,10152,10463],[1.0,1.0,1.0,1.0,1.0,1.0,1.0,1.0,1.0]
10746,[39,936,3844,6131,6753,10187,10201],[1.0,1.0,1.0,1.0,1.0,1.0,1.0]
10746,[936,4217,4750,6515,6753,6985,7506,9289,9831],[1.0,1.0,1.0,1.0,1.0,1.0,1.0,1.0,1.0]
10746,[975,1036,2708,3940,4611,7384,10438],[1.0,1.0,1.0,1.0,1.0,1.0,1.0]
10746,[844,1481,3089,3544,4066,5061,10082,10480],[1.0,1.0,1.0,1.0,1.0,1.0,1.0,1.0]
10746,[1036,2022,2476,3089,4008,4534,9270,10024,10621],[1.0,1.0,1.0,1.0,1.0,1.0,1.0,1.0,1.0]
10746,[2828,5443,7821,8333,9642],[1.0,1.0,1.0,1.0,1.0]
10746,[463,1099,2476,3442,4008,4891,9393,10024,10309],[1.0,1.0,1.0,1.0,1.0,1.0,1.0,1.0,1.0]
10746,[2074,5845,7390],[1.0,1.0,1.0]
