10746,[2200,3277,4440,5090,5767,5845,9491,9996],[1.0,1.0,1.0,1.0,1.0,1.0,1.0,1.0]
10746,[213,2493,3277,4961,7506,7937,9025,9632,9973,10360],[1.0,1.0,1.0,1.0,1.0,1.0,1.0,1.0,1.0,1.0]
10746,[2200,2233,2518,3277,4778,5820,9491,9996,10152,10463],[1.0,1.0,1.0,1.0,1.0,1.0,1.0,1.0,1.0,1.0]
10746,[442,936,2233,3096,5187,9491,9534,9920],[1.0,1.0,1.0,1.0,1.0,1.0,1.0,1.0]
10746,[2182,2950,4007,5404,5428,6610,9632],[1.0,1.0,1.0,1.0,1.0,1.0,1.0]
10746,[223,4007,4217,6375,6621,7610],[1.0,1.0,1.0,1.0,1.0,1.0]
10746,[957,3712,4622,5737,6375,8831,10288],[1.0,1.0,1.0,1.0,1.0,1.0,1.0]
10746,[252,1438,2950,4525,5624,7869,8476,8490],[1.0,1.0,1.0,1.0,1.0,1.0,1.0,1.0]
10746,[356,724,2708,3216,3651,3694,5938,7813,8673],[1.0,1.0,1.0,1.0,1.0,1.0,1.0,1.0,1.0]
10746,[1255,3712,4393,7610,7930,8347,8673,8689],[1.0,1.0,1.0,1.0,1.0,1.0,1.0,1.0]
10746,[223,356,2182,3080,7266,8347,8673,8902],[1.0,1.0,1.0,1.0,1.0,1.0,1.0,1.0]
10746,[2618,2916,4611,6392,7506,7610,8199,8917,9851,10056],[1.0,1.0,1.0,1.0,1.0,1.0,1.0,1.0,1.0,1.0]
10746,[252,722,1255,4007,4217,4950,5938,9051,9475,10222],[1.0,1.0,1.0,1.0,1.0,1.0,1.0,1.0,1.0,1.0]
10746,[2047,3080,3813,4191,5655,9051,9435,9851],[1.0,1.0,1.0,1.0,1.0,1.0,1.0,1.0]
10746,[223,1255,1715,2455,3080,3257,5737,7610],[1.0,1.0,1.0,1.0,1.0,1.0,1.0,1.0]
10746,[747,896,3290,4525,7580,7742,8904,9424],[1.0,1.0,1.0,1.0,1.0,1.0,1.0,1.0]
10746,[1234,3747,4007,6341,6883,7856,8642,9270,9273],[1.0,1.0,1.0,1.0,1.0,1.0,1.0,1.0,1.0]
10746,[2904,5309,5328,6341,6607,7451,9289,9851,10433],[1.0,1.0,1.0,1.0,1.0,1.0,1.0,1.0,1.0]
10746,[14,1558,3341,5641,7399,7649,9289,9851],[1.0,1.0,1.0,1.0,1.0,1.0,1.0,1.0]
10746,[1558,4149,4420,6341,6423,8576,9851,10621],[1.0,1.0,1.0,1.0,1.0,1.0,1.0,1.0]
10746,[2547,2596,2649,3712,4534,9462,9851,10058,10419],[1.0,1.0,1.0,1.0,1.0,1.0,1.0,1.0,1.0]
10746,[567,860,1706,2193,6335,6603,9851],[1.0,1.0,1.0,1.0,1.0,1.0,1.0]
10746,[1234,1465,2020,2708,4191,6341,8329],[1.0,1.0,1.0,1.0,1.0,1.0,1.0]
10746,[252,957,3327,5628,7845,8114,9289,9298,9851],[1.0,1.0,1.0,1.0,1.0,1.0,1.0,1.0,1.0]
10746,[442,2123,4804,5294,5755,6066,7843,8280,9611],[1.0,1.0,1.0,1.0,1.0,1.0,1.0,1.0,1.0]
10746,[838,2280,3662,5791,5940,6015,7506,8416],[1.0,1.0,1.0,1.0,1.0,1.0,1.0,1.0]
10746,[153,1136,4755,4807,5622,5991,6497,7297,7610,9955],[1.0,1.0,1.0,1.0,1.0,1.0,1.0,1.0,1.0,1.0]
10746,[1706,2916,2950,4534,4611,6225,8576,8709,9851,10056],[1.0,1.0,1.0,1.0,1.0,1.0,1.0,1.0,1.0,1.0]
10746,[2574,5845],[1.0,1.0]
