10746,[39,3844,4440,6131,6753,8635,10201],[1.0,1.0,1.0,1.0,1.0,1.0,1.0]
10746,[213,1237,2518,4055,4778,5017,7463,9865,10152,10360],[1.0,1.0,1.0,1.0,1.0,1.0,1.0,1.0,1.0,1.0]
10746,[3844,5975,6022,6753,8104,8140,10188],[1.0,1.0,1.0,1.0,1.0,1.0,1.0]
10746,[567,896,936,3089,3651,5507,5628,7038,7502],[1.0,1.0,1.0,1.0,1.0,1.0,1.0,1.0,1.0]
10746,[1817,2799,3270,3835,6802,8280,9289],[1.0,1.0,1.0,1.0,1.0,1.0,1.0]
10746,[1817,2799,3270,3783,8280,9465,9632],[1.0,1.0,1.0,1.0,1.0,1.0,1.0]
10746,[1326,3783,4114,5050,5641,6229,7012,9289,9344],[1.0,1.0,1.0,1.0,1.0,1.0,1.0,1.0,1.0]
10746,[1817,3270,5050,6035,9632],[1.0,1.0,1.0,1.0,1.0]
10746,[4191,4232,6229,6335,6650,8004,8842,8942,9317,10176],[1.0,1.0,1.0,1.0,1.0,1.0,1.0,1.0,1.0,1.0]
10746,[1817,3192,3270,3813,5207,6802,10139],[1.0,1.0,1.0,1.0,1.0,1.0,1.0]
10746,[1920,2425,4149,8807,8942,9523,9972,10176],[1.0,1.0,1.0,1.0,1.0,1.0,1.0,1.0]
10746,[126,1479,6359,6590,8942,9676,10281],[1.0,1.0,1.0,1.0,1.0,1.0,1.0]
10746,[1479,4439,8114,8942,9270,9523,9972,10176],[1.0,1.0,1.0,1.0,1.0,1.0,1.0,1.0]
10746,[2455,3669,4191,4405,6229,7317],[1.0,1.0,1.0,1.0,1.0,1.0]
10746,[822,827,1255,4534,6564,8991,9523,9618,9910],[1.0,1.0,1.0,1.0,1.0,1.0,1.0,1.0,1.0]
10746,[2492,6229,6457,7316,8114,8646],[1.0,1.0,1.0,1.0,1.0,1.0]
10746,[822,2916,6819,7421,9523],[1.0,1.0,1.0,1.0,1.0]
10746,[822,3890,6457,6547,9000,9523,10433],[1.0,1.0,1.0,1.0,1.0,1.0,1.0]
10746,[766,822,3549,4066,5304,6547,7645,8114],[1.0,1.0,1.0,1.0,1.0,1.0,1.0,1.0]
10746,[822,1238,1706,6457,9523],[1.0,1.0,1.0,1.0,1.0]
10746,[822,979,2916,4534,7552,8712,9523],[1.0,1.0,1.0,1.0,1.0,1.0,1.0]
10746,[14,4066,6167,6457,6603,6650,8551,9107,10222],[1.0,1.0,1.0,1.0,1.0,1.0,1.0,1.0,1.0]
10746,[414,2799,2824,5304,6762,9465],[1.0,1.0,1.0,1.0,1.0,1.0]
10746,[2799,4066,5304,6335,8041,8253,10281],[1.0,1.0,1.0,1.0,1.0,1.0,1.0]
10746,[2295,3732,5877,6819,8942,9107,9965,10281],[1.0,1.0,1.0,1.0,1.0,1.0,1.0,1.0]
10746,[463,3472,3741,8551,9107,9448],[1.0,1.0,1.0,1.0,1.0,1.0]
10746,[13,3380,4534,4611,4888,5144,6335,9550,10621],[1.0,1.0,1.0,1.0,1.0,1.0,1.0,1.0,1.0]
10746,[1726,2455,3304,4428,6547,7339,10419,10617],[1.0,1.0,1.0,1.0,1.0,1.0,1.0,1.0]
10746,[1187,1673,2101,2916,5582,7090,7324,8729],[1.0,1.0,1.0,1.0,1.0,1.0,1.0,1.0]
10746,[4031,4671,5564,5641,8211,10139],[1.0,1.0,1.0,1.0,1.0,1.0]
10746,[902,4611,5142,6277,7506,9323,9460,9851],[1.0,1.0,1.0,1.0,1.0,1.0,1.0,1.0]
10746,[1275,1766,2708,3380,5537,5877,7379,9851,10414],[1.0,1.0,1.0,1.0,1.0,1.0,1.0,1.0,1.0]
10746,[4110,4601,8114,9523,9851,9910,10671],[1.0,1.0,1.0,1.0,1.0,1.0,1.0]
10746,[172,4031,4534,6277,7718,7774,8576,9555],[1.0,1.0,1.0,1.0,1.0,1.0,1.0,1.0]
10746,[1255,1478,1910,4110,4240,5021,5443],[1.0,1.0,1.0,1.0,1.0,1.0,1.0]
10746,[133,417,1157,1299,5604,7302],[1.0,1.0,1.0,1.0,1.0,1.0]
10746,[1535,2313,3462,4148,4698,7611,9558],[1.0,1.0,1.0,1.0,1.0,1.0,1.0]
10746,[416,1048,1099,1341,4332,4534,4843,7379,8114],[1.0,1.0,1.0,1.0,1.0,1.0,1.0,1.0,1.0]
10746,[515,1255,2916,4110,5499,6098,8034,10108],[1.0,1.0,1.0,1.0,1.0,1.0,1.0,1.0]
10746,[217,515,5926,8034,9541],[1.0,1.0,1.0,1.0,1.0]
10746,[515,709,2708,3380,4534,4790,8034,8246],[1.0,1.0,1.0,1.0,1.0,1.0,1.0,1.0]
10746,[2728,4074,4110,6229,6335,8114,8280,9528,10734],[1.0,1.0,1.0,1.0,1.0,1.0,1.0,1.0,1.0]
10746,[1099,2916,3835,4110,4217,5181,6524,9270,9465],[1.0,1.0,1.0,1.0,1.0,1.0,1.0,1.0,1.0]
10746,[822,2455,3806,4405,5345,7718,8280,9270],[1.0,1.0,1.0,1.0,1.0,1.0,1.0,1.0]
10746,[3783,5294,5978,6229,7317,9270,9323],[1.0,1.0,1.0,1.0,1.0,1.0,1.0]
10746,[1066,4031,5294,6229,6335,7933,9851],[1.0,1.0,1.0,1.0,1.0,1.0,1.0]
10746,[4031,5628,6753,9851],[1.0,1.0,1.0,1.0]
