10746,[1237,2505,2727,3798,4440,4814,6463,8900],[1.0,1.0,1.0,1.0,1.0,1.0,1.0,1.0]
10746,[213,772,4814,6463,7858,8448,8900,10654],[1.0,1.0,1.0,1.0,1.0,1.0,1.0,1.0]
10746,[936,1706,2505,3798,4239,7506,7733,8904,9292],[1.0,1.0,1.0,1.0,1.0,1.0,1.0,1.0,1.0]
10746,[1173,1920,2455,3339,3538,4367],[1.0,1.0,1.0,1.0,1.0,1.0]
10746,[1368,2294,3545,5911,6466,8310,9298],[1.0,1.0,1.0,1.0,1.0,1.0,1.0]
10746,[635,941,1255,1535,2369,3298,6776,7598,8924],[1.0,1.0,1.0,1.0,1.0,1.0,1.0,1.0,1.0]
10746,[4042,4217,5023,5485,5911,8318,9289,10018,10710],[1.0,1.0,1.0,1.0,1.0,1.0,1.0,1.0,1.0]
10746,[4489,6982,8246,9586,10606],[1.0,1.0,1.0,1.0,1.0]
10746,[1317,4258,6982,7461,7502,8582,9586,10604,10658],[1.0,1.0,1.0,1.0,1.0,1.0,1.0,1.0,1.0]
10746,[725,1474,3375,3380,5932,9367,9586,10604],[1.0,1.0,1.0,1.0,1.0,1.0,1.0,1.0]
10746,[1063,1317,2589,5305,5990,6753,7858,10201,10658],[1.0,1.0,1.0,1.0,1.0,1.0,1.0,1.0,1.0]
10746,[902,2505,3565,3798,6982,7465,7519,8448,9586],[1.0,1.0,1.0,1.0,1.0,1.0,1.0,1.0,1.0]
10746,[2455,4259,4576,4618,6047,6494,7796,10419],[1.0,1.0,1.0,1.0,1.0,1.0,1.0,1.0]
10746,[2093,4191,5628,8002,10220,10489,10518],[1.0,1.0,1.0,1.0,1.0,1.0,1.0]
