10746,[11,838,3310,3501,4440,5118,7829,8700],[1.0,1.0,1.0,1.0,1.0,1.0,1.0,1.0]
10746,[213,1304,1652,3501,3979,5836,10054,10360,10362],[1.0,1.0,1.0,1.0,1.0,1.0,1.0,1.0,1.0]
10746,[11,936,3501,5118,7829,8323,10463],[1.0,1.0,1.0,1.0,1.0,1.0,1.0]
10746,[463,936,1369,4217,5983,6229,8700,9851,10621],[1.0,1.0,1.0,1.0,1.0,1.0,1.0,1.0,1.0]
10746,[7877,8924,9831,10536],[1.0,1.0,1.0,1.0]
10746,[51,902,1255,1493,4217,5988,6047,10536],[1.0,1.0,1.0,1.0,1.0,1.0,1.0,1.0]
10746,[51,463,2916,3592,3646,4534,5988,10536],[1.0,1.0,1.0,1.0,1.0,1.0,1.0,1.0]
10746,[143,191,860,6244,7831,9851],[1.0,1.0,1.0,1.0,1.0,1.0]
10746,[1275,7831,8249,9851,10106,10682],[1.0,1.0,1.0,1.0,1.0,1.0]
10746,[902,3426,3691,3741,4258,7934,8558,9650,9964],[1.0,1.0,1.0,1.0,1.0,1.0,1.0,1.0,1.0]
10746,[1948,3380,8688,9528,9762,10014,10536,10621],[1.0,1.0,1.0,1.0,1.0,1.0,1.0,1.0]
10746,[1726,4268,6007,9851,9903,10573,10621],[1.0,1.0,1.0,1.0,1.0,1.0,1.0]
10746,[1036,1255,2088,4525,6335,7502,8114,9289,10222,10621],[1.0,1.0,1.0,1.0,1.0,1.0,1.0,1.0,1.0,1.0]
10746,[463,1963,4217,6341,8249,8558,10621],[1.0,1.0,1.0,1.0,1.0,1.0,1.0]
10746,[125,902,2455,6335,7831,8893,9744,9851,9964],[1.0,1.0,1.0,1.0,1.0,1.0,1.0,1.0,1.0]
10746,[1706,1977,2916,6508,7700,10617,10682],[1.0,1.0,1.0,1.0,1.0,1.0,1.0]
10746,[125,1954,2455,6172,8582,8893,9744,9964],[1.0,1.0,1.0,1.0,1.0,1.0,1.0,1.0]
10746,[1626,1706,1954,3276,4893,6229,6335,8582,9270],[1.0,1.0,1.0,1.0,1.0,1.0,1.0,1.0,1.0]
10746,[365,1706,2407,3532,3545,3842,8114,10536],[1.0,1.0,1.0,1.0,1.0,1.0,1.0,1.0]
10746,[838,1369,2828,4217,5647,6080,9365,10362,10494],[1.0,1.0,1.0,1.0,1.0,1.0,1.0,1.0,1.0]
10746,[252,463,4191,9290,9595,10362],[1.0,1.0,1.0,1.0,1.0,1.0]
10746,[3523,4332,4929,5142,5647,5985,6952,8041],[1.0,1.0,1.0,1.0,1.0,1.0,1.0,1.0]
10746,[252,2621,3523,3824,4191,6160,8729,10185],[1.0,1.0,1.0,1.0,1.0,1.0,1.0,1.0]
10746,[252,662,3969,7117,8114],[1.0,1.0,1.0,1.0,1.0]
10746,[1054,1255,1310,2088,4258,7074,7317,8553],[1.0,1.0,1.0,1.0,1.0,1.0,1.0,1.0]
10746,[14,1099,3502,5985,7727,8106,8302,9298],[1.0,1.0,1.0,1.0,1.0,1.0,1.0,1.0]
10746,[789,2916,4525,4954,10362],[1.0,1.0,1.0,1.0,1.0]
10746,[330,3651,4534,4632,5031,6500,10104],[1.0,1.0,1.0,1.0,1.0,1.0,1.0]
10746,[356,507,1291,2182,9494],[1.0,1.0,1.0,1.0,1.0]
10746,[186,6500,8614,10362],[1.0,1.0,1.0,1.0]
10746,[6500,9528,10362],[1.0,1.0,1.0]
10746,[514,5078,6500,10362,10433],[1.0,1.0,1.0,1.0,1.0]
10746,[2121,6500,8576,9534,10362,10433],[1.0,1.0,1.0,1.0,1.0,1.0]
10746,[6500,8576,8615,10060,10229,10362,10433],[1.0,1.0,1.0,1.0,1.0,1.0,1.0]
10746,[2618,5761,6500,8644,10362,10433],[1.0,1.0,1.0,1.0,1.0,1.0]
10746,[1283,2530,2708,5885,6500,6706,10362,10433],[1.0,1.0,1.0,1.0,1.0,1.0,1.0,1.0]
10746,[1260,2325,2530,3577,5040,6330,7025,9494,10222],[1.0,1.0,1.0,1.0,1.0,1.0,1.0,1.0,1.0]
10746,[902,956,1180,4205,4387,6229,8114,9716],[1.0,1.0,1.0,1.0,1.0,1.0,1.0,1.0]
10746,[330,447,777,1948,6500,10104,10362],[1.0,1.0,1.0,1.0,1.0,1.0,1.0]
10746,[66,3545,4632,5647,6500,7649,10362],[1.0,1.0,1.0,1.0,1.0,1.0,1.0]
10746,[2123,3304,5647,8114,9851],[1.0,1.0,1.0,1.0,1.0]
10746,[447,463,5647,6098,9851],[1.0,1.0,1.0,1.0,1.0]
10746,[1643,1706,1948,2901,2916,5142,6098,8033,10645],[1.0,1.0,1.0,1.0,1.0,1.0,1.0,1.0,1.0]
10746,[1255,1266,4606,4998,8033,8114,8729,9494],[1.0,1.0,1.0,1.0,1.0,1.0,1.0,1.0]
10746,[1596,1948,6035,9298,9397,10362],[1.0,1.0,1.0,1.0,1.0,1.0]
10746,[330,1948,2123,6229,6500,9397,10104],[1.0,1.0,1.0,1.0,1.0,1.0,1.0]
10746,[112,2074,2123,4632,5647,7390,8729,10362],[1.0,1.0,1.0,1.0,1.0,1.0,1.0,1.0]
10746,[2325,4936,5040,8172,8280,9258,9611],[1.0,1.0,1.0,1.0,1.0,1.0,1.0]
10746,[1036,1099,3669,4576,5181,6229,6609,7813],[1.0,1.0,1.0,1.0,1.0,1.0,1.0,1.0]
10746,[2325,2530,2708,3577,5564,6330,8073,10222],[1.0,1.0,1.0,1.0,1.0,1.0,1.0,1.0]
10746,[463,1291,2074,4042,5040,5592,5647,9851],[1.0,1.0,1.0,1.0,1.0,1.0,1.0,1.0]
10746,[2987,4534,4936,5647,8690,9258,9289,9611],[1.0,1.0,1.0,1.0,1.0,1.0,1.0,1.0]
10746,[447,1948,2901,5564,6098,6172,9270],[1.0,1.0,1.0,1.0,1.0,1.0,1.0]
10746,[1643,1706,4998,8033,8729,9494,9534,10222,10645],[1.0,1.0,1.0,1.0,1.0,1.0,1.0,1.0,1.0]
10746,[356,507,1643,1706,2443,4611,5713,9494],[1.0,1.0,1.0,1.0,1.0,1.0,1.0,1.0]
10746,[2530,5049,5146,6581,7843,9494,10424],[1.0,1.0,1.0,1.0,1.0,1.0,1.0]
10746,[191,838,5412,5803,8073,8729,9494,9708,9903],[1.0,1.0,1.0,1.0,1.0,1.0,1.0,1.0,1.0]
10746,[956,2123,2201,3426,3741,4268,9871],[1.0,1.0,1.0,1.0,1.0,1.0,1.0]
10746,[13,463,1911,2256,3215,5767,7144,10188],[1.0,1.0,1.0,1.0,1.0,1.0,1.0,1.0]
10746,[549,731,5142,5767,6590,7045,8033,8729,9494],[1.0,1.0,1.0,1.0,1.0,1.0,1.0,1.0,1.0]
10746,[1255,1266,1920,2916,3318,4534,7554],[1.0,1.0,1.0,1.0,1.0,1.0,1.0]
10746,[1036,2201,4606,5113,5868,7874,8034,8070,10714],[1.0,1.0,1.0,1.0,1.0,1.0,1.0,1.0,1.0]
10746,[567,2812,3089,4534,5205,8114,8398,9364,10115],[1.0,1.0,1.0,1.0,1.0,1.0,1.0,1.0,1.0]
10746,[330,4033,4344,6229,10104,10362],[1.0,1.0,1.0,1.0,1.0,1.0]
10746,[1948,2422,4632,5243,6500,9397],[1.0,1.0,1.0,1.0,1.0,1.0]
10746,[4534,4632,4936,6603,7083,8998,9851,10362],[1.0,1.0,1.0,1.0,1.0,1.0,1.0,1.0]
10746,[1920,1948,3070,5647,9397,10621,10714],[1.0,1.0,1.0,1.0,1.0,1.0,1.0]
10746,[896,1920,3651,6841,7502,7515,9494,10203,10419,10557],[1.0,1.0,1.0,1.0,1.0,1.0,1.0,1.0,1.0,1.0]
10746,[154,4434,4534,4600,5652],[1.0,1.0,1.0,1.0,1.0]
10746,[3965,4077,4434,8114,9397,9494],[1.0,1.0,1.0,1.0,1.0,1.0]
10746,[303,894,1920,2455,3070,4962,9702,10645],[1.0,1.0,1.0,1.0,1.0,1.0,1.0,1.0]
10746,[896,1255,4217,4414,4962,10139,10203,10419,10645],[1.0,1.0,1.0,1.0,1.0,1.0,1.0,1.0,1.0]
10746,[35,3545,3661,4534,6673],[1.0,1.0,1.0,1.0,1.0]
10746,[838,896,1708,1920,2618,4217,4534,6834,7923],[1.0,1.0,1.0,1.0,1.0,1.0,1.0,1.0,1.0]
10746,[838,884,2812,8114,8280,8615,9434,9528],[1.0,1.0,1.0,1.0,1.0,1.0,1.0,1.0]
10746,[11,2861,3501,5118,7829,8700],[1.0,1.0,1.0,1.0,1.0,1.0]
