10746,[1779,2687,4111,4440,4792,7944,8774,9096],[1.0,1.0,1.0,1.0,1.0,1.0,1.0,1.0]
10746,[69,1308,3006,3632,4302,4878,6736,9160,10053],[1.0,1.0,1.0,1.0,1.0,1.0,1.0,1.0,1.0]
10746,[427,2651,4013,5868,7478,9160,10360,10715],[1.0,1.0,1.0,1.0,1.0,1.0,1.0,1.0]
10746,[69,213,3632,4013,9160,10463],[1.0,1.0,1.0,1.0,1.0,1.0]
10746,[936,3545,4217,4421,6335,8145,9739,10621],[1.0,1.0,1.0,1.0,1.0,1.0,1.0,1.0]
10746,[297,5343,5433,6047,7273,7649,8145,9165,10743],[1.0,1.0,1.0,1.0,1.0,1.0,1.0,1.0,1.0]
10746,[844,956,3347,3754,4217,4421,4603,6335,10621],[1.0,1.0,1.0,1.0,1.0,1.0,1.0,1.0,1.0]
10746,[1411,1496,1965,4278,5294,6002,6335,7390,8431,9851],[1.0,1.0,1.0,1.0,1.0,1.0,1.0,1.0,1.0,1.0]
10746,[1275,3192,3545,4421,4791,8114,8950,10068],[1.0,1.0,1.0,1.0,1.0,1.0,1.0,1.0]
10746,[2916,3846,6002,8505,8630,8673,9534],[1.0,1.0,1.0,1.0,1.0,1.0,1.0]
10746,[3094,3347,3515,5440,6002,9273,9776,9831,10222],[1.0,1.0,1.0,1.0,1.0,1.0,1.0,1.0,1.0]
10746,[1686,1826,3318,6335,7733,8280,9832,9841,10068],[1.0,1.0,1.0,1.0,1.0,1.0,1.0,1.0,1.0]
10746,[1706,1826,1927,2629,3347,6747,9056,10082,10222],[1.0,1.0,1.0,1.0,1.0,1.0,1.0,1.0,1.0]
10746,[1588,1990,2950,4603,7325,7923,9270,10621],[1.0,1.0,1.0,1.0,1.0,1.0,1.0,1.0]
10746,[172,2627,2916,4355,4804,5537,8065,10222],[1.0,1.0,1.0,1.0,1.0,1.0,1.0,1.0]
10746,[1073,4804,5328,5645],[1.0,1.0,1.0,1.0]
