10746,[39,3844,4440,6131,6457,6753,10201],[1.0,1.0,1.0,1.0,1.0,1.0,1.0]
10746,[213,1237,4055,5017,7463,8635,9632,9865,9972,10360],[1.0,1.0,1.0,1.0,1.0,1.0,1.0,1.0,1.0,1.0]
10746,[2518,2845,3788,3844,4778,7011,8540,9491,10152],[1.0,1.0,1.0,1.0,1.0,1.0,1.0,1.0,1.0]
10746,[936,1870,2845,3343,4405,5181,5320,9972],[1.0,1.0,1.0,1.0,1.0,1.0,1.0,1.0]
10746,[1411,1706,2074,8249,8630,8991,9523,10056,10281],[1.0,1.0,1.0,1.0,1.0,1.0,1.0,1.0,1.0]
10746,[463,774,3835,6128,7122,7923,8114,9270],[1.0,1.0,1.0,1.0,1.0,1.0,1.0,1.0]
10746,[1776,3669,6457,7257,9972],[1.0,1.0,1.0,1.0,1.0]
10746,[1706,1847,2694,4332,6335,7548,10068],[1.0,1.0,1.0,1.0,1.0,1.0,1.0]
10746,[822,1238,4405,5181,5320,6457,8398,10621],[1.0,1.0,1.0,1.0,1.0,1.0,1.0,1.0]
10746,[2425,3707,4405,5181,5320,6753,9910,9972],[1.0,1.0,1.0,1.0,1.0,1.0,1.0,1.0]
