10746,[2348,4294,4440,4582,7367,7582,7997,9748],[1.0,1.0,1.0,1.0,1.0,1.0,1.0,1.0]
10746,[213,510,3254,7687,7818,10360,10463],[1.0,1.0,1.0,1.0,1.0,1.0,1.0]
10746,[510,936,2343,3851,4595],[1.0,1.0,1.0,1.0,1.0]
10746,[2651,3851,4294,4440,4595,6078,7478,9693,9748,10463],[1.0,1.0,1.0,1.0,1.0,1.0,1.0,1.0,1.0,1.0]
10746,[11,936,3501,5118,5336,7829,8700],[1.0,1.0,1.0,1.0,1.0,1.0,1.0]
10746,[896,936,1469,4595,5336,5885,7858,8448,9491],[1.0,1.0,1.0,1.0,1.0,1.0,1.0,1.0,1.0]
10746,[3470,4191,4405,4520,9046,9460,10068],[1.0,1.0,1.0,1.0,1.0,1.0,1.0]
10746,[351,902,2073,2857,2916,2966,3389,4606,8582],[1.0,1.0,1.0,1.0,1.0,1.0,1.0,1.0,1.0]
10746,[1690,2493,3472,4380,6590,7237,10433],[1.0,1.0,1.0,1.0,1.0,1.0,1.0]
10746,[2493,4369,4462,4520,6054,8154,8595,10276],[1.0,1.0,1.0,1.0,1.0,1.0,1.0,1.0]
10746,[1690,2079,2123,3472,5127,7317],[1.0,1.0,1.0,1.0,1.0,1.0]
10746,[1857,3470,4369,4380,4462,9470,9817],[1.0,1.0,1.0,1.0,1.0,1.0,1.0]
10746,[2185,2518,3442,3528,7502,8114,10276],[1.0,1.0,1.0,1.0,1.0,1.0,1.0]
10746,[348,3470,4405,4622,4971,7317,8661,9046,10068],[1.0,1.0,1.0,1.0,1.0,1.0,1.0,1.0,1.0]
10746,[186,2596,2916,2966,5266,6054,9632],[1.0,1.0,1.0,1.0,1.0,1.0,1.0]
10746,[14,869,1411,1673,4998,6603,6650,9632,10222],[1.0,1.0,1.0,1.0,1.0,1.0,1.0,1.0,1.0]
10746,[477,1829,3133,4405,4439,5320,9733,10463],[1.0,1.0,1.0,1.0,1.0,1.0,1.0,1.0]
10746,[447,896,3442,4592,4971,5266,5911,8056,9424],[1.0,1.0,1.0,1.0,1.0,1.0,1.0,1.0,1.0]
10746,[2079,3888,4191,4534,6298,7709,8582,8700,10714],[1.0,1.0,1.0,1.0,1.0,1.0,1.0,1.0,1.0]
10746,[956,1304,4154,4205,7117,9379,9595],[1.0,1.0,1.0,1.0,1.0,1.0,1.0]
10746,[2562,3257,3888,6298,7117,8700,9555],[1.0,1.0,1.0,1.0,1.0,1.0,1.0]
10746,[631,1572,1746,3343,8700,9049,9056,9379,10068],[1.0,1.0,1.0,1.0,1.0,1.0,1.0,1.0,1.0]
10746,[1458,3318,3523,3545,4149,7033,8114,8700,8729],[1.0,1.0,1.0,1.0,1.0,1.0,1.0,1.0,1.0]
10746,[51,967,1134,2185,7069,10617],[1.0,1.0,1.0,1.0,1.0,1.0]
10746,[11,3501,4374,5118,5771,6877,7829,8700],[1.0,1.0,1.0,1.0,1.0,1.0,1.0,1.0]
10746,[1157,1696,2350,2916,3470,3472,4144,4380,9783,10276],[1.0,1.0,1.0,1.0,1.0,1.0,1.0,1.0,1.0,1.0]
10746,[1857,2238,4149,4405,5651,7813,8842,9783,10445],[1.0,1.0,1.0,1.0,1.0,1.0,1.0,1.0,1.0]
10746,[2493,2728,4611,5304,6054,6229,6483,7390,7423,10140],[1.0,1.0,1.0,1.0,1.0,1.0,1.0,1.0,1.0,1.0]
10746,[5457,6483,7423,7813,7923,8114,9470,10445,10539],[1.0,1.0,1.0,1.0,1.0,1.0,1.0,1.0,1.0]
10746,[4144,4380,5266,7205,9298,9379,9814,10115,10276],[1.0,1.0,1.0,1.0,1.0,1.0,1.0,1.0,1.0]
10746,[25,2114,2455,4149,4268,4891,6054,6335,9576],[1.0,1.0,1.0,1.0,1.0,1.0,1.0,1.0,1.0]
10746,[1255,2938,3509,4582,7278,8179,9440,9814],[1.0,1.0,1.0,1.0,1.0,1.0,1.0,1.0]
