10746,[2200,3277,4440,5090,5845,7813,9491,9996],[1.0,1.0,1.0,1.0,1.0,1.0,1.0,1.0]
10746,[213,463,3277,4534,4778,7074,9972,10360,10445],[1.0,1.0,1.0,1.0,1.0,1.0,1.0,1.0,1.0]
10746,[1175,2200,2518,2953,3277,3422,9491,9996,10152,10463],[1.0,1.0,1.0,1.0,1.0,1.0,1.0,1.0,1.0,1.0]
10746,[463,936,1317,2596,3835,6549,9130,10658],[1.0,1.0,1.0,1.0,1.0,1.0,1.0,1.0]
10746,[1302,1903,3198,3892,5580,6564],[1.0,1.0,1.0,1.0,1.0,1.0]
10746,[1903,2618,4868,5820,7495,9214,9364,10082],[1.0,1.0,1.0,1.0,1.0,1.0,1.0,1.0]
10746,[567,1099,1706,2618,6042,7223,7574,9049,9262,9632],[1.0,1.0,1.0,1.0,1.0,1.0,1.0,1.0,1.0,1.0]
10746,[1302,1903,2596,3741,6347,7649,8595],[1.0,1.0,1.0,1.0,1.0,1.0,1.0]
10746,[3661,4534,5580,6347,7502,9049,9364,10401],[1.0,1.0,1.0,1.0,1.0,1.0,1.0,1.0]
10746,[769,2596,3590,5128,6457,8684,9324],[1.0,1.0,1.0,1.0,1.0,1.0,1.0]
10746,[198,4102,4332,4707,6457,9972],[1.0,1.0,1.0,1.0,1.0,1.0]
10746,[1098,1903,4599,5628,7923,8908,9247,10028],[1.0,1.0,1.0,1.0,1.0,1.0,1.0,1.0]
10746,[2493,3741,4217,4344,6347,6394,9528,9595],[1.0,1.0,1.0,1.0,1.0,1.0,1.0,1.0]
10746,[1903,2206,5309,6182,8903],[1.0,1.0,1.0,1.0,1.0]
10746,[2123,3426,4217,4934,5102,6335,9407,10621],[1.0,1.0,1.0,1.0,1.0,1.0,1.0,1.0]
10746,[463,2511,3590,3741,4888,4934,6457,10222],[1.0,1.0,1.0,1.0,1.0,1.0,1.0,1.0]
10746,[5102,5845,6457],[1.0,1.0,1.0]
