10746,[39,3844,4440,6131,6753,8635,10201],[1.0,1.0,1.0,1.0,1.0,1.0,1.0]
10746,[213,1237,2518,4055,4778,5017,7463,9865,10152,10360],[1.0,1.0,1.0,1.0,1.0,1.0,1.0,1.0,1.0,1.0]
10746,[936,1870,2845,3788,3844,5975,7011,9491],[1.0,1.0,1.0,1.0,1.0,1.0,1.0,1.0]
10746,[797,896,4159,6080,6400,9270,9289,9953,10336],[1.0,1.0,1.0,1.0,1.0,1.0,1.0,1.0,1.0]
10746,[1099,2455,3993,5443,6080,9938],[1.0,1.0,1.0,1.0,1.0,1.0]
10746,[1718,2455,4159,6080,6400,6590,6735],[1.0,1.0,1.0,1.0,1.0,1.0,1.0]
10746,[357,747,3265,4891,8680,9632,9711],[1.0,1.0,1.0,1.0,1.0,1.0,1.0]
10746,[143,1544,1965,1994,4217,4349,7131,7379],[1.0,1.0,1.0,1.0,1.0,1.0,1.0,1.0]
10746,[896,3447,4332,5443,6073,8005,9270,9953],[1.0,1.0,1.0,1.0,1.0,1.0,1.0,1.0]
10746,[1920,2522,2589,4895,6229,9564,9953],[1.0,1.0,1.0,1.0,1.0,1.0,1.0]
10746,[6753],[1.0]
