10746,[1652,4440,4649,5351,6980,8177,8323,10054,10360],[1.0,1.0,1.0,1.0,1.0,1.0,1.0,1.0,1.0]
10746,[213,936,956,1369,2748,5373,6522,10463],[1.0,1.0,1.0,1.0,1.0,1.0,1.0,1.0]
10746,[902,1099,2074,2206,3829,7390,9851,9882,10082],[1.0,1.0,1.0,1.0,1.0,1.0,1.0,1.0,1.0]
10746,[4771,5828,6171,9611,9882,9953,10508,10536],[1.0,1.0,1.0,1.0,1.0,1.0,1.0,1.0]
10746,[2665,3543,3783,4755,5345,6335,7317],[1.0,1.0,1.0,1.0,1.0,1.0,1.0]
10746,[1098,1255,6335,8114,8595,9407,9702,9882],[1.0,1.0,1.0,1.0,1.0,1.0,1.0,1.0]
10746,[158,365,1098,1706,1944,2346,3537,4550,9882,9883],[1.0,1.0,1.0,1.0,1.0,1.0,1.0,1.0,1.0,1.0]
10746,[2596,4888,4934,7775,8595,10621],[1.0,1.0,1.0,1.0,1.0,1.0]
10746,[956,1098,2206,6229,6335,8595,9882],[1.0,1.0,1.0,1.0,1.0,1.0,1.0]
10746,[288,1255,5626,5820,8453,9298,9882],[1.0,1.0,1.0,1.0,1.0,1.0,1.0]
10746,[650,2916,3106,3741,4534,5524,9254,9279],[1.0,1.0,1.0,1.0,1.0,1.0,1.0,1.0]
10746,[191,1005,1098,2123,3340,5375,9254],[1.0,1.0,1.0,1.0,1.0,1.0,1.0]
10746,[164,1098,1255,2472,3106,3426,4042,4332,4520,9254],[1.0,1.0,1.0,1.0,1.0,1.0,1.0,1.0,1.0,1.0]
10746,[902,2530,2916,3340,4534,5626,6802,9247],[1.0,1.0,1.0,1.0,1.0,1.0,1.0,1.0]
10746,[1099,1965,2074,2530,3426,3813,4258,7390,9247],[1.0,1.0,1.0,1.0,1.0,1.0,1.0,1.0,1.0]
10746,[1255,2530,3339,4066,4191,6115,8219,8907,9851],[1.0,1.0,1.0,1.0,1.0,1.0,1.0,1.0,1.0]
10746,[1255,1706,3366,6457,8026,8475,9557,9882],[1.0,1.0,1.0,1.0,1.0,1.0,1.0,1.0]
10746,[172,288,1255,1369,4576,6035,9086,10617],[1.0,1.0,1.0,1.0,1.0,1.0,1.0,1.0]
10746,[1920,4534,5146,5596,5853,7325,8170,8919],[1.0,1.0,1.0,1.0,1.0,1.0,1.0,1.0]
10746,[4520,6335,7502,8844,10054],[1.0,1.0,1.0,1.0,1.0]
