10746,[1965,4440,4750,6167,6753,9851,10187],[1.0,1.0,1.0,1.0,1.0,1.0,1.0]
10746,[213,1652,2518,2661,3669,4681,4778,5820,7937,10360],[1.0,1.0,1.0,1.0,1.0,1.0,1.0,1.0,1.0,1.0]
10746,[209,989,1193,1478,4981,9491,10152,10187,10463],[1.0,1.0,1.0,1.0,1.0,1.0,1.0,1.0,1.0]
10746,[209,887,989,1478,3511,3534,6077,9491],[1.0,1.0,1.0,1.0,1.0,1.0,1.0,1.0]
10746,[753,936,1535,2518,5895,7123,7266,8068,9270],[1.0,1.0,1.0,1.0,1.0,1.0,1.0,1.0,1.0]
10746,[3191,8042,8701,8904,9355,9632,10325,10733],[1.0,1.0,1.0,1.0,1.0,1.0,1.0,1.0]
10746,[3089,4205,4440,4649,9270,9595,9632,10463],[1.0,1.0,1.0,1.0,1.0,1.0,1.0,1.0]
10746,[769,1028,4405,5181,5661,6446,9558,10463],[1.0,1.0,1.0,1.0,1.0,1.0,1.0,1.0]
10746,[1233,2518,4332,6035,8196,10263,10445],[1.0,1.0,1.0,1.0,1.0,1.0,1.0]
10746,[2518,3433,3997,4292,4603,6938,7366,8068],[1.0,1.0,1.0,1.0,1.0,1.0,1.0,1.0]
10746,[1028,2247,3110,4258,8592,8903,9393,10082],[1.0,1.0,1.0,1.0,1.0,1.0,1.0,1.0]
10746,[1673,4191,6650,7205,7654,8520,8701,10139,10433],[1.0,1.0,1.0,1.0,1.0,1.0,1.0,1.0,1.0]
10746,[105,121,4409,5523,5947,6385,8701,10687],[1.0,1.0,1.0,1.0,1.0,1.0,1.0,1.0]
10746,[878,4937,5862,6349,7287,8815,10413],[1.0,1.0,1.0,1.0,1.0,1.0,1.0]
10746,[189,978,1585,4137,4544,4595,6725,10421],[1.0,1.0,1.0,1.0,1.0,1.0,1.0,1.0]
10746,[1284,3295,4864,6634,7722,9491,10421],[1.0,1.0,1.0,1.0,1.0,1.0,1.0]
10746,[661,2247,3464,3582,7262,8120,9406],[1.0,1.0,1.0,1.0,1.0,1.0,1.0]
10746,[463,853,1406,1965,3143,7653,9465],[1.0,1.0,1.0,1.0,1.0,1.0,1.0]
10746,[14,3890,4534,5604,6442,8416,9564,9611,10419],[1.0,1.0,1.0,1.0,1.0,1.0,1.0,1.0,1.0]
10746,[4787,4934,6098,6985,9273],[1.0,1.0,1.0,1.0,1.0]
