10746,[207,4440,5737,6547,7903,8323,8403,10054],[1.0,1.0,1.0,1.0,1.0,1.0,1.0,1.0]
10746,[213,1652,2348,5351,6980,7367,7582,8177,10360,10463],[1.0,1.0,1.0,1.0,1.0,1.0,1.0,1.0,1.0,1.0]
10746,[936,1369,2348,4582,7367,7582,7997],[1.0,1.0,1.0,1.0,1.0,1.0,1.0]
10746,[1185,5876,7506,8552,8582,8917,9290,10621],[1.0,1.0,1.0,1.0,1.0,1.0,1.0,1.0]
10746,[1275,2126,2732,2866,4405,6818,8554,8917,9465,10398],[1.0,1.0,1.0,1.0,1.0,1.0,1.0,1.0,1.0,1.0]
10746,[122,125,448,2737,2982,4671,5819,5940,8904],[1.0,1.0,1.0,1.0,1.0,1.0,1.0,1.0,1.0]
10746,[297,499,1457,1706,2325,7346,8595],[1.0,1.0,1.0,1.0,1.0,1.0,1.0]
10746,[1021,1613,2530,4058,5384,6349,8070,8386,10222],[1.0,1.0,1.0,1.0,1.0,1.0,1.0,1.0,1.0]
10746,[1369,3036,3741,3850,6983,8498,9328,10398],[1.0,1.0,1.0,1.0,1.0,1.0,1.0,1.0]
10746,[26,1275,2627,4534,7506,10093,10222,10398],[1.0,1.0,1.0,1.0,1.0,1.0,1.0,1.0]
10746,[2118,2916,2996,3070,4652,6035,7923,9270,10621],[1.0,1.0,1.0,1.0,1.0,1.0,1.0,1.0,1.0]
10746,[1255,2530,3509,4058,8056,8907,9270,10093,10222,10621],[1.0,1.0,1.0,1.0,1.0,1.0,1.0,1.0,1.0,1.0]
10746,[1099,1665,4058,4534,6762,9031,9364,9953,10621],[1.0,1.0,1.0,1.0,1.0,1.0,1.0,1.0,1.0]
10746,[896,1255,3442,5737,6341,6401,6607,9270,10280],[1.0,1.0,1.0,1.0,1.0,1.0,1.0,1.0,1.0]
10746,[631,1099,1665,2530,3426,9841,10068,10093],[1.0,1.0,1.0,1.0,1.0,1.0,1.0,1.0]
10746,[1099,3585,3741,3754,4405,5230,5820,7506,8041,10613],[1.0,1.0,1.0,1.0,1.0,1.0,1.0,1.0,1.0,1.0]
10746,[631,1588,2708,2769,6298,8690,9632],[1.0,1.0,1.0,1.0,1.0,1.0,1.0]
10746,[1150,1315,2443,2530,5942,8280,9270,9896],[1.0,1.0,1.0,1.0,1.0,1.0,1.0,1.0]
10746,[1275,3658,7117,9270],[1.0,1.0,1.0,1.0]
10746,[1673,4405,7654,8073,8170,8184,10054],[1.0,1.0,1.0,1.0,1.0,1.0,1.0]
