10746,[2348,4440,4582,7367,7582,7997,10433],[1.0,1.0,1.0,1.0,1.0,1.0,1.0]
10746,[213,2876,2992,7687,7818,9748,10360,10463],[1.0,1.0,1.0,1.0,1.0,1.0,1.0,1.0]
10746,[936,2272,2876,7101,7381],[1.0,1.0,1.0,1.0,1.0]
10746,[2272,2876,2992,4440,7101,7381,9748,10433],[1.0,1.0,1.0,1.0,1.0,1.0,1.0,1.0]
10746,[2348,2651,6078,7367,7478,7582,9693,10463],[1.0,1.0,1.0,1.0,1.0,1.0,1.0,1.0]
10746,[936,1099,2596,4582,7367,7582,7997,9298,9748],[1.0,1.0,1.0,1.0,1.0,1.0,1.0,1.0,1.0]
10746,[447,1076,5570,7074,7830,7898,7993,10137],[1.0,1.0,1.0,1.0,1.0,1.0,1.0,1.0]
10746,[4052,6341,7610,9270,9290,10024,10066,10621],[1.0,1.0,1.0,1.0,1.0,1.0,1.0,1.0]
10746,[1187,1616,1990,6170,7339,7390],[1.0,1.0,1.0,1.0,1.0,1.0]
10746,[1634,6130,7857,8983,9270,9909,10645],[1.0,1.0,1.0,1.0,1.0,1.0,1.0]
10746,[2079,2708,4442,6035,6399,9270,9851],[1.0,1.0,1.0,1.0,1.0,1.0,1.0]
10746,[4561,5743,7156,7390,7898,8630,8993,10355,10725],[1.0,1.0,1.0,1.0,1.0,1.0,1.0,1.0,1.0]
10746,[1237,2815,5069,5205,5570,6229,7830,8114,10419],[1.0,1.0,1.0,1.0,1.0,1.0,1.0,1.0,1.0]
10746,[143,4582,6170,7379,7381,8935,9748],[1.0,1.0,1.0,1.0,1.0,1.0,1.0]
10746,[1275,1634,1706,2493,5564,8462,8595,9270],[1.0,1.0,1.0,1.0,1.0,1.0,1.0,1.0]
10746,[121,1943,3681,3726,3740,5820,9433],[1.0,1.0,1.0,1.0,1.0,1.0,1.0]
10746,[441,635,1237,1845,7502,8360,8701,9270],[1.0,1.0,1.0,1.0,1.0,1.0,1.0,1.0]
10746,[1920,6335,6358,7877,8595,9595,9851],[1.0,1.0,1.0,1.0,1.0,1.0,1.0]
10746,[1237,5440,6768,7091,7929,9595,10433,10490,10673],[1.0,1.0,1.0,1.0,1.0,1.0,1.0,1.0,1.0]
10746,[2194,3290,4016,7974,8576,9292,9298],[1.0,1.0,1.0,1.0,1.0,1.0,1.0]
10746,[447,3442,5580,8150,8257,9379],[1.0,1.0,1.0,1.0,1.0,1.0]
10746,[4582,4687,4804,10222],[1.0,1.0,1.0,1.0]
