10746,[1237,2505,2727,3798,4440,4814,6463,8900],[1.0,1.0,1.0,1.0,1.0,1.0,1.0,1.0]
10746,[213,772,936,1237,2852,3128,3651,5293],[1.0,1.0,1.0,1.0,1.0,1.0,1.0,1.0]
10746,[991,2530,2591,3651,4771,9851],[1.0,1.0,1.0,1.0,1.0,1.0]
10746,[1299,1463,2530,4332,4375,5793,8595,9851],[1.0,1.0,1.0,1.0,1.0,1.0,1.0,1.0]
10746,[1237,1706,2014,2425,2615,7890,8041,8073,9420,9611],[1.0,1.0,1.0,1.0,1.0,1.0,1.0,1.0,1.0,1.0]
10746,[129,991,3651,3997,4217,6341,6529,7419],[1.0,1.0,1.0,1.0,1.0,1.0,1.0,1.0]
10746,[121,2493,3628,6533,7864,8584,8957,9186,9270],[1.0,1.0,1.0,1.0,1.0,1.0,1.0,1.0,1.0]
10746,[1829,2425,3144,6530,7328,7890,8170,8354,8584],[1.0,1.0,1.0,1.0,1.0,1.0,1.0,1.0,1.0]
10746,[357,463,1174,1497,2615,3442,4405,6002],[1.0,1.0,1.0,1.0,1.0,1.0,1.0,1.0]
10746,[121,896,1255,1455,1562,4534,6335,7890,8584,9339],[1.0,1.0,1.0,1.0,1.0,1.0,1.0,1.0,1.0,1.0]
10746,[463,561,1794,6031,9632,10419],[1.0,1.0,1.0,1.0,1.0,1.0]
10746,[558,4202,4217,4701,5530,7948,9273,9632,9920],[1.0,1.0,1.0,1.0,1.0,1.0,1.0,1.0,1.0]
10746,[558,4217,7923,8114,8509,8552,9273,9819,10433],[1.0,1.0,1.0,1.0,1.0,1.0,1.0,1.0,1.0]
10746,[561,656,896,2114,3993,4534,4649,9273,9985],[1.0,1.0,1.0,1.0,1.0,1.0,1.0,1.0,1.0]
10746,[558,2425,6341,8917,9953,10419],[1.0,1.0,1.0,1.0,1.0,1.0]
10746,[121,4649,6047,9632,9749,9837,10381],[1.0,1.0,1.0,1.0,1.0,1.0,1.0]
10746,[558,2182,2320,2630,3890,5741,9379,9632],[1.0,1.0,1.0,1.0,1.0,1.0,1.0,1.0]
10746,[121,896,2182,3433,4217,6035,6341,7746,8114,10056],[1.0,1.0,1.0,1.0,1.0,1.0,1.0,1.0,1.0,1.0]
10746,[1005,5436,5738,7890,8729,10381],[1.0,1.0,1.0,1.0,1.0,1.0]
10746,[2341,3258,3993,4191,6917,7094,8761,8864,9406,9420],[1.0,1.0,1.0,1.0,1.0,1.0,1.0,1.0,1.0,1.0]
10746,[121,1326,2114,4035,4804,5343,6047,9182,10222],[1.0,1.0,1.0,1.0,1.0,1.0,1.0,1.0,1.0]
10746,[501,2037,2618,4258,5181,6329,7211,7959,9420],[1.0,1.0,1.0,1.0,1.0,1.0,1.0,1.0,1.0]
10746,[705,896,1411,4587,7323,9465],[1.0,1.0,1.0,1.0,1.0,1.0]
10746,[121,896,1326,2123,2530,6047,8394,9289,10222],[1.0,1.0,1.0,1.0,1.0,1.0,1.0,1.0,1.0]
10746,[902,1098,2123,3835,8114,8170,8842,10068],[1.0,1.0,1.0,1.0,1.0,1.0,1.0,1.0]
10746,[65,1152,1174,1825,3257,4217,7506,9555,10082,10621],[1.0,1.0,1.0,1.0,1.0,1.0,1.0,1.0,1.0,1.0]
10746,[121,922,2916,6341,8610,9851],[1.0,1.0,1.0,1.0,1.0,1.0]
10746,[121,365,705,3257,4117,4217,5711,7649,8686],[1.0,1.0,1.0,1.0,1.0,1.0,1.0,1.0,1.0]
10746,[121,217,705,4042,5626,6229,8729,10490,10621],[1.0,1.0,1.0,1.0,1.0,1.0,1.0,1.0,1.0]
10746,[121,705,6098,7746,8584,10536,10621,10655],[1.0,1.0,1.0,1.0,1.0,1.0,1.0,1.0]
10746,[1965,3027,4268,4587,7317,9364,9420],[1.0,1.0,1.0,1.0,1.0,1.0,1.0]
10746,[4494,5429,5990,6304,7079,7317,8893],[1.0,1.0,1.0,1.0,1.0,1.0,1.0]
10746,[463,634,991,2692,3340,3651,4534],[1.0,1.0,1.0,1.0,1.0,1.0,1.0]
10746,[195,2530,4081,4405,6603,7558,8280,8576,9851,9882],[1.0,1.0,1.0,1.0,1.0,1.0,1.0,1.0,1.0,1.0]
10746,[634,705,896,991,4611,7421,7502,8934,9851],[1.0,1.0,1.0,1.0,1.0,1.0,1.0,1.0,1.0]
10746,[463,1291,4332,4611,8892,9528,10316,10743],[1.0,1.0,1.0,1.0,1.0,1.0,1.0,1.0]
10746,[991,1706,2185,5626,6330,8665,9528,9673,10289],[1.0,1.0,1.0,1.0,1.0,1.0,1.0,1.0,1.0]
10746,[372,1237,1255,5348,6872,7896,8996,9270],[1.0,1.0,1.0,1.0,1.0,1.0,1.0,1.0]
10746,[3545,5066,6341,7105,7199,9851,9891,10289,10716],[1.0,1.0,1.0,1.0,1.0,1.0,1.0,1.0,1.0]
10746,[705,1099,1255,3528,4649,9119,9424,10716],[1.0,1.0,1.0,1.0,1.0,1.0,1.0,1.0]
10746,[634,2649,2916,3005,3327,3743,8416,10419,10433],[1.0,1.0,1.0,1.0,1.0,1.0,1.0,1.0,1.0]
10746,[634,896,1222,1768,3651,3824,6668,10621],[1.0,1.0,1.0,1.0,1.0,1.0,1.0,1.0]
10746,[1255,2493,4084,4261,5205,5882,7068,7325,9270],[1.0,1.0,1.0,1.0,1.0,1.0,1.0,1.0,1.0]
10746,[991,2505,3798,3917,5160,7900,9675,9851,10115],[1.0,1.0,1.0,1.0,1.0,1.0,1.0,1.0,1.0]
10746,[902,2455,4259,4618,6047,6494,7519,7796],[1.0,1.0,1.0,1.0,1.0,1.0,1.0,1.0]
10746,[2093,4191,4576,5628,8002,10220,10419,10489,10518],[1.0,1.0,1.0,1.0,1.0,1.0,1.0,1.0,1.0]
