10746,[64,540,1211,2530,2566,2763,4440,8811,9972],[1.0,1.0,1.0,1.0,1.0,1.0,1.0,1.0,1.0]
10746,[213,1411,1652,2763,3336,4682,7153,8859,10360],[1.0,1.0,1.0,1.0,1.0,1.0,1.0,1.0,1.0]
10746,[1853,2333,3450,3532,3608,5076,9305,9491,10742],[1.0,1.0,1.0,1.0,1.0,1.0,1.0,1.0,1.0]
10746,[1358,2049,4865,7481,9000,10463],[1.0,1.0,1.0,1.0,1.0,1.0]
10746,[936,1284,2530,4240,8917,9000,9054,10189],[1.0,1.0,1.0,1.0,1.0,1.0,1.0,1.0]
10746,[2087,2404,2530,4092,8917,9002,9960,10621],[1.0,1.0,1.0,1.0,1.0,1.0,1.0,1.0]
10746,[2443,4240,4260,4534,4576,5181,5836,6360,9632],[1.0,1.0,1.0,1.0,1.0,1.0,1.0,1.0,1.0]
10746,[1318,1535,2406,2530,2710,3286,5204,6536,9611,10093],[1.0,1.0,1.0,1.0,1.0,1.0,1.0,1.0,1.0,1.0]
10746,[2485,3528,5836,8480,9611,10057],[1.0,1.0,1.0,1.0,1.0,1.0]
10746,[1829,5836,8480,8729,9420,9632],[1.0,1.0,1.0,1.0,1.0,1.0]
10746,[425,4191,5326,6603,8518,9420,10222,10438],[1.0,1.0,1.0,1.0,1.0,1.0,1.0,1.0]
10746,[3592,5836,6681,7744,8056,8916,10716],[1.0,1.0,1.0,1.0,1.0,1.0,1.0]
10746,[1683,4253,4611,5181,5762,6197,6590,7261,9851],[1.0,1.0,1.0,1.0,1.0,1.0,1.0,1.0,1.0]
10746,[1255,4253,5725,6501,7261,8236,9420,9435],[1.0,1.0,1.0,1.0,1.0,1.0,1.0,1.0]
10746,[436,700,6022,6197,6501,6938,7649,9590],[1.0,1.0,1.0,1.0,1.0,1.0,1.0,1.0]
10746,[1550,2573,4260,6197,6938,8678,10350,10500],[1.0,1.0,1.0,1.0,1.0,1.0,1.0,1.0]
10746,[534,1255,1726,1803,4534,6392,8991,9079,9669],[1.0,1.0,1.0,1.0,1.0,1.0,1.0,1.0,1.0]
10746,[534,956,1543,2618,4022,8400,9871,9903],[1.0,1.0,1.0,1.0,1.0,1.0,1.0,1.0]
10746,[14,354,1150,6197,7699,7721,8642],[1.0,1.0,1.0,1.0,1.0,1.0,1.0]
10746,[348,874,1099,2234,4601,4640,4844,6197],[1.0,1.0,1.0,1.0,1.0,1.0,1.0,1.0]
10746,[354,534,3090,6197,6901,7535,8114,8350],[1.0,1.0,1.0,1.0,1.0,1.0,1.0,1.0]
10746,[1099,1681,5636,6907,8350,10434,10522],[1.0,1.0,1.0,1.0,1.0,1.0,1.0]
10746,[534,917,1204,1592,2084,4188,4844,6603],[1.0,1.0,1.0,1.0,1.0,1.0,1.0,1.0]
10746,[161,1411,1726,2035,2836,5867,6286,9168,10580],[1.0,1.0,1.0,1.0,1.0,1.0,1.0,1.0,1.0]
10746,[534,2728,3511,7951,8426,8755,10139],[1.0,1.0,1.0,1.0,1.0,1.0,1.0]
10746,[286,520,1204,3685,4084,6351,9413,9841,10159],[1.0,1.0,1.0,1.0,1.0,1.0,1.0,1.0,1.0]
10746,[286,520,1920,2111,2518,4660,9298,9816],[1.0,1.0,1.0,1.0,1.0,1.0,1.0,1.0]
10746,[286,520,2147,3333,5823,8781,9360,9765],[1.0,1.0,1.0,1.0,1.0,1.0,1.0,1.0]
10746,[2111,2123,2530,3089,3544,5003,7506,9632,10670],[1.0,1.0,1.0,1.0,1.0,1.0,1.0,1.0,1.0]
10746,[1036,1298,2111,2404,4202,7027,7923,9002],[1.0,1.0,1.0,1.0,1.0,1.0,1.0,1.0]
10746,[26,51,1298,3206,3545,5997,6524,10419],[1.0,1.0,1.0,1.0,1.0,1.0,1.0,1.0]
10746,[170,2111,2433,3646,4598,5505,6616,9420],[1.0,1.0,1.0,1.0,1.0,1.0,1.0,1.0]
10746,[2078,2530,5102,5604,6229,9290,9909,10057],[1.0,1.0,1.0,1.0,1.0,1.0,1.0,1.0]
10746,[4888,5836,6167,7084,8114,8480,8630,10222],[1.0,1.0,1.0,1.0,1.0,1.0,1.0,1.0]
10746,[561,1099,3192,4891,6603,6615,7407],[1.0,1.0,1.0,1.0,1.0,1.0,1.0]
10746,[26,4589,4947,6524,8278,9270,10419],[1.0,1.0,1.0,1.0,1.0,1.0,1.0]
10746,[1298,3206,4191,4355,4589,7843,9420,10222],[1.0,1.0,1.0,1.0,1.0,1.0,1.0,1.0]
10746,[14,2409,2455,3592,5150,7338,8928],[1.0,1.0,1.0,1.0,1.0,1.0,1.0]
10746,[768,2407,3318,4258,7407,9237,9973,10419],[1.0,1.0,1.0,1.0,1.0,1.0,1.0,1.0]
10746,[175,714,743,2409,3318,3592,4895,5985,6616],[1.0,1.0,1.0,1.0,1.0,1.0,1.0,1.0,1.0]
10746,[499,4259,5051,5889,9298,9632,9890],[1.0,1.0,1.0,1.0,1.0,1.0,1.0]
10746,[592,4066,5051,5219,7843,9433,9890],[1.0,1.0,1.0,1.0,1.0,1.0,1.0]
10746,[1726,2063,2123,2685,4066,5219,5877,9453],[1.0,1.0,1.0,1.0,1.0,1.0,1.0,1.0]
10746,[25,1299,3184,4871,4921,8508,9298,9632,10621],[1.0,1.0,1.0,1.0,1.0,1.0,1.0,1.0,1.0]
10746,[869,1118,2443,2530,3741,4066,4576,9378,10093],[1.0,1.0,1.0,1.0,1.0,1.0,1.0,1.0,1.0]
10746,[1706,2799,3601,4576,4690,5991,7813,10445],[1.0,1.0,1.0,1.0,1.0,1.0,1.0,1.0]
10746,[417,1099,2493,3601,7813,9632,10308,10445],[1.0,1.0,1.0,1.0,1.0,1.0,1.0,1.0]
10746,[1099,1718,4205,4576,4589,5916,7205,9292,10093,10670],[1.0,1.0,1.0,1.0,1.0,1.0,1.0,1.0,1.0,1.0]
10746,[417,454,2455,3601,4576,5991,9298,10445],[1.0,1.0,1.0,1.0,1.0,1.0,1.0,1.0]
10746,[902,1255,2114,2993,5069,5944,6603,10049,10093],[1.0,1.0,1.0,1.0,1.0,1.0,1.0,1.0,1.0]
10746,[417,2916,2993,3002,4149,4534,8729,9611,10233],[1.0,1.0,1.0,1.0,1.0,1.0,1.0,1.0,1.0]
10746,[417,1745,3601,4066,6280,7643,8370,8905],[1.0,1.0,1.0,1.0,1.0,1.0,1.0,1.0]
10746,[3298,3919,4576,8015,8072,8114,9528,10445],[1.0,1.0,1.0,1.0,1.0,1.0,1.0,1.0]
10746,[1099,3326,3515,3601,3698,9298,9693,10014,10445],[1.0,1.0,1.0,1.0,1.0,1.0,1.0,1.0,1.0]
10746,[2406,2455,3290,3601,8904,10036,10419,10445],[1.0,1.0,1.0,1.0,1.0,1.0,1.0,1.0]
10746,[1220,2502,3965,4534,5983,8278,8729,9534],[1.0,1.0,1.0,1.0,1.0,1.0,1.0,1.0]
10746,[746,2325,4058,5563,5707,6237,9595,9632,9706],[1.0,1.0,1.0,1.0,1.0,1.0,1.0,1.0,1.0]
10746,[1420,4552,5815,5877,8050,8928,9523,10057],[1.0,1.0,1.0,1.0,1.0,1.0,1.0,1.0]
10746,[2382,6050,6244,6353,8991,9312,10057],[1.0,1.0,1.0,1.0,1.0,1.0,1.0]
10746,[626,680,2425,2455,5836,8417,10419],[1.0,1.0,1.0,1.0,1.0,1.0,1.0]
10746,[2088,4534,8729,9312,9420,9528],[1.0,1.0,1.0,1.0,1.0,1.0]
10746,[3586,4865,5154,5744,8074,8114,10068,10714],[1.0,1.0,1.0,1.0,1.0,1.0,1.0,1.0]
10746,[5142,6059,10068,10621,10686],[1.0,1.0,1.0,1.0,1.0]
10746,[143,631,2079,2971,4534,10068,10621],[1.0,1.0,1.0,1.0,1.0,1.0,1.0]
10746,[4405,4871,5661,8040,8090,9270,10716],[1.0,1.0,1.0,1.0,1.0,1.0,1.0]
10746,[245,5641,6172,7649,7843,8114,8595],[1.0,1.0,1.0,1.0,1.0,1.0,1.0]
10746,[2017,4606,5783,6335,7898,10068],[1.0,1.0,1.0,1.0,1.0,1.0]
10746,[631,2079,4405,4534,8090,8236,9420],[1.0,1.0,1.0,1.0,1.0,1.0,1.0]
10746,[2123,2351,2407,2916,6002,7766,9988],[1.0,1.0,1.0,1.0,1.0,1.0,1.0]
10746,[172,1144,3714,5229,6940,7125,8114,10641],[1.0,1.0,1.0,1.0,1.0,1.0,1.0,1.0]
10746,[2596,2916,6901,7045,7923,9420],[1.0,1.0,1.0,1.0,1.0,1.0]
10746,[2123,2442,5438,5819,9262,9895,10539],[1.0,1.0,1.0,1.0,1.0,1.0,1.0]
10746,[172,1144,2079,3584,4084,5438,6080,7379,8041,10438],[1.0,1.0,1.0,1.0,1.0,1.0,1.0,1.0,1.0,1.0]
10746,[626,2040,2455,3366,5641,7122,7423,8041,9691,9925],[1.0,1.0,1.0,1.0,1.0,1.0,1.0,1.0,1.0,1.0]
10746,[766,1647,3216,3438,3584,8307,8463,9002],[1.0,1.0,1.0,1.0,1.0,1.0,1.0,1.0]
10746,[2455,3755,4472,6244,6285,6534,7748,9002],[1.0,1.0,1.0,1.0,1.0,1.0,1.0,1.0]
10746,[55,1185,1420,2404,7307,9464,10057],[1.0,1.0,1.0,1.0,1.0,1.0,1.0]
10746,[2366,2420,6524,8050,8928,10543],[1.0,1.0,1.0,1.0,1.0,1.0]
10746,[1098,1647,3758,4202,6534,9002,9851],[1.0,1.0,1.0,1.0,1.0,1.0,1.0]
10746,[175,1817,2493,3545,6397,6430,6798,8886,8934,10056],[1.0,1.0,1.0,1.0,1.0,1.0,1.0,1.0,1.0,1.0]
10746,[608,671,3545,3584,7423,7748,9895],[1.0,1.0,1.0,1.0,1.0,1.0,1.0]
10746,[26,965,2767,3442,6901,7390,7748],[1.0,1.0,1.0,1.0,1.0,1.0,1.0]
10746,[869,4191,4891,5661,6901,9420],[1.0,1.0,1.0,1.0,1.0,1.0]
10746,[1220,2423,2521,2799,3584,4191,6080,9270,10115],[1.0,1.0,1.0,1.0,1.0,1.0,1.0,1.0,1.0]
10746,[831,4217,5150,6687,7423,9528],[1.0,1.0,1.0,1.0,1.0,1.0]
10746,[66,1106,2382,4247,5885,8411,8895,9420],[1.0,1.0,1.0,1.0,1.0,1.0,1.0,1.0]
10746,[1965,2799,3732,4420,6536,8114,9118,9289],[1.0,1.0,1.0,1.0,1.0,1.0,1.0,1.0]
10746,[902,3089,7506,8416,8928,10057,10173],[1.0,1.0,1.0,1.0,1.0,1.0,1.0]
10746,[902,1420,3651,4512,5181,7506,8050,8928],[1.0,1.0,1.0,1.0,1.0,1.0,1.0,1.0]
10746,[463,591,1720,2530,3089,3528,8955,8976],[1.0,1.0,1.0,1.0,1.0,1.0,1.0,1.0]
10746,[2123,2530,4669,5954,5983,6047,8114,8976,9270],[1.0,1.0,1.0,1.0,1.0,1.0,1.0,1.0,1.0]
10746,[172,218,5294,6172,7843,8114,10673],[1.0,1.0,1.0,1.0,1.0,1.0,1.0]
10746,[1865,2087,4058,4871,6335,10068],[1.0,1.0,1.0,1.0,1.0,1.0]
10746,[1099,2472,3098,4058,4669,8041,8567,9298],[1.0,1.0,1.0,1.0,1.0,1.0,1.0,1.0]
10746,[1978,2087,3651,4258,4376,6128,6335],[1.0,1.0,1.0,1.0,1.0,1.0,1.0]
10746,[549,2701,5069,5752,5885,6229,7187,7379],[1.0,1.0,1.0,1.0,1.0,1.0,1.0,1.0]
10746,[3545,4058,4102,4520,8554,8729,8928,9851,9953],[1.0,1.0,1.0,1.0,1.0,1.0,1.0,1.0,1.0]
10746,[175,463,1795,1965,2673,8554,8729,8917,9298],[1.0,1.0,1.0,1.0,1.0,1.0,1.0,1.0,1.0]
10746,[55,549,1081,1299,6794,9290,10056,10621],[1.0,1.0,1.0,1.0,1.0,1.0,1.0,1.0]
10746,[143,2206,2576,4755,5003,5653,6952,9270],[1.0,1.0,1.0,1.0,1.0,1.0,1.0,1.0]
10746,[2070,2454,2530,4217,5672,6145,8928,9290],[1.0,1.0,1.0,1.0,1.0,1.0,1.0,1.0]
10746,[463,5737,6547,6638,7276,7506,7967,8917],[1.0,1.0,1.0,1.0,1.0,1.0,1.0,1.0]
10746,[549,673,2530,4217,4280,4376,6603,9327],[1.0,1.0,1.0,1.0,1.0,1.0,1.0,1.0]
10746,[2530,2708,6315,9095,9281,9289,9851,10617],[1.0,1.0,1.0,1.0,1.0,1.0,1.0,1.0]
10746,[2472,2530,4824,6289,8673,9281,9568,10398],[1.0,1.0,1.0,1.0,1.0,1.0,1.0,1.0]
10746,[1099,3144,3698,4060,7506,8582,8595,9270,9298],[1.0,1.0,1.0,1.0,1.0,1.0,1.0,1.0,1.0]
10746,[2247,3089,3549,5737,6638,7195],[1.0,1.0,1.0,1.0,1.0,1.0]
10746,[1036,1099,1557,4393,7276,8554,9281,10621],[1.0,1.0,1.0,1.0,1.0,1.0,1.0,1.0]
10746,[168,841,4929,5628,6626,6793,8114,8480],[1.0,1.0,1.0,1.0,1.0,1.0,1.0,1.0]
10746,[143,1255,2123,3155,4493,5628,7191,10621],[1.0,1.0,1.0,1.0,1.0,1.0,1.0,1.0]
10746,[115,520,1036,1972,3089,5050,5181,5404],[1.0,1.0,1.0,1.0,1.0,1.0,1.0,1.0]
10746,[2769,3206,5588,6216,7338,8114,9413],[1.0,1.0,1.0,1.0,1.0,1.0,1.0]
10746,[896,2521,2530,4576,6170,9851,9953,10093],[1.0,1.0,1.0,1.0,1.0,1.0,1.0,1.0]
10746,[175,4576,5349,6335,7343,7506,8344,8398,9953],[1.0,1.0,1.0,1.0,1.0,1.0,1.0,1.0,1.0]
10746,[902,5349,7506,8280,9106,9270,9632],[1.0,1.0,1.0,1.0,1.0,1.0,1.0]
10746,[902,2016,6616,7506,9420,10139,10159],[1.0,1.0,1.0,1.0,1.0,1.0,1.0]
10746,[3002,4149,4338,5349,7354,7506,8729,9420],[1.0,1.0,1.0,1.0,1.0,1.0,1.0,1.0]
10746,[1535,2079,4534,6298,8475,8729,9611,10398],[1.0,1.0,1.0,1.0,1.0,1.0,1.0,1.0]
10746,[921,4217,5350,6280,6370,6388,7023,7205,7506,8159],[1.0,1.0,1.0,1.0,1.0,1.0,1.0,1.0,1.0,1.0]
10746,[1242,1289,2769,6720,7895,8114,9270],[1.0,1.0,1.0,1.0,1.0,1.0,1.0]
10746,[520,1706,3513,4599,5395,5814,6677,9172],[1.0,1.0,1.0,1.0,1.0,1.0,1.0,1.0]
10746,[126,4440,5200,5877,7117,7429,9413],[1.0,1.0,1.0,1.0,1.0,1.0,1.0]
10746,[2530,2828,3264,4597,5814,10093],[1.0,1.0,1.0,1.0,1.0,1.0]
10746,[673,1255,3438,4576,4597,7466,8398],[1.0,1.0,1.0,1.0,1.0,1.0,1.0]
10746,[902,2828,3264,3290,8114,9270,9420,9482,9851],[1.0,1.0,1.0,1.0,1.0,1.0,1.0,1.0,1.0]
10746,[469,1535,2079,2120,4149,4240,4534,6002],[1.0,1.0,1.0,1.0,1.0,1.0,1.0,1.0]
10746,[986,1920,3685,6369,8041,8344,8475,8813,9611,9687],[1.0,1.0,1.0,1.0,1.0,1.0,1.0,1.0,1.0,1.0]
10746,[64,191,2566,3061,6017,8953,9802],[1.0,1.0,1.0,1.0,1.0,1.0,1.0]
10746,[1847,2763,4345,4955,5170,7890,8811],[1.0,1.0,1.0,1.0,1.0,1.0,1.0]
10746,[540,1847,2763,3336,9600],[1.0,1.0,1.0,1.0,1.0]
