10746,[213,871,1316,4440,5918,6367,7031,8494],[1.0,1.0,1.0,1.0,1.0,1.0,1.0,1.0]
10746,[871,936,3839,4046,4595,4722,5794,5934],[1.0,1.0,1.0,1.0,1.0,1.0,1.0,1.0]
10746,[2492,2621,2950,6511,7923,9270,10405,10609,10617],[1.0,1.0,1.0,1.0,1.0,1.0,1.0,1.0,1.0]
10746,[871,957,4094,5328,5428,5580,6819,7353,10405],[1.0,1.0,1.0,1.0,1.0,1.0,1.0,1.0,1.0]
10746,[1230,2364,2493,3993,6637,8607],[1.0,1.0,1.0,1.0,1.0,1.0]
10746,[1143,1706,2809,4217,5696,6186,6732,7384,10613],[1.0,1.0,1.0,1.0,1.0,1.0,1.0,1.0,1.0]
10746,[200,871,2538,2816,3993,5181,6734],[1.0,1.0,1.0,1.0,1.0,1.0,1.0]
10746,[1288,1291,1673,2195,2479,5181,6539,8987,10644],[1.0,1.0,1.0,1.0,1.0,1.0,1.0,1.0,1.0]
10746,[1411,2206,3993,5181,5662,5991,8280],[1.0,1.0,1.0,1.0,1.0,1.0,1.0]
10746,[365,2511,3225,4098,4520,8476,10223,10362],[1.0,1.0,1.0,1.0,1.0,1.0,1.0,1.0]
10746,[74,1288,1639,2278,3514,4597,6167,9632,9716],[1.0,1.0,1.0,1.0,1.0,1.0,1.0,1.0,1.0]
10746,[2206,3714,3839,4647,6690,9462,9632,10028,10471],[1.0,1.0,1.0,1.0,1.0,1.0,1.0,1.0,1.0]
10746,[2530,2828,7146,8114,8494,8935,9148,10251],[1.0,1.0,1.0,1.0,1.0,1.0,1.0,1.0]
10746,[1316,4757,5183,6626,7031,8114,10489],[1.0,1.0,1.0,1.0,1.0,1.0,1.0]
10746,[2530,2916,5033,5914,6394,6450,7031,8935],[1.0,1.0,1.0,1.0,1.0,1.0,1.0,1.0]
