10746,[1310,1652,4440,4686,6980,8177,8323,10054,10360],[1.0,1.0,1.0,1.0,1.0,1.0,1.0,1.0,1.0]
10746,[213,1175,1317,2953,3422,5351,9130,10463,10658],[1.0,1.0,1.0,1.0,1.0,1.0,1.0,1.0,1.0]
10746,[936,1369,3165,3192,3535,4217,4285,4534],[1.0,1.0,1.0,1.0,1.0,1.0,1.0,1.0]
10746,[2455,3535,4285,4534,5962,6341,8114,10682],[1.0,1.0,1.0,1.0,1.0,1.0,1.0,1.0]
10746,[589,878,2618,6349,8286,8522,8580,10433],[1.0,1.0,1.0,1.0,1.0,1.0,1.0,1.0]
10746,[1755,2334,2618,3891,4336,4525,8767],[1.0,1.0,1.0,1.0,1.0,1.0,1.0]
10746,[355,896,1033,3651,4217,6341,8580,8729],[1.0,1.0,1.0,1.0,1.0,1.0,1.0,1.0]
10746,[258,1234,1846,1903,2618,6750,9607,10060],[1.0,1.0,1.0,1.0,1.0,1.0,1.0,1.0]
10746,[79,1255,5181,5517,5968,7311,9456,9714,10540],[1.0,1.0,1.0,1.0,1.0,1.0,1.0,1.0,1.0]
10746,[11,1054,1673,2627,4669,5592,8070,10139],[1.0,1.0,1.0,1.0,1.0,1.0,1.0,1.0]
10746,[3651,3741,4525,4686,6047,7506,8558,8841,8936,10222],[1.0,1.0,1.0,1.0,1.0,1.0,1.0,1.0,1.0,1.0]
10746,[463,1255,3651,7506,7803,8558,10536],[1.0,1.0,1.0,1.0,1.0,1.0,1.0]
10746,[561,3056,5319,7718,7941,8073,8439,10419,10536],[1.0,1.0,1.0,1.0,1.0,1.0,1.0,1.0,1.0]
10746,[1255,3516,4548,5505,5544,6212,9972,10268],[1.0,1.0,1.0,1.0,1.0,1.0,1.0,1.0]
10746,[1255,3512,3516,4231,4548,5146,5959],[1.0,1.0,1.0,1.0,1.0,1.0,1.0]
10746,[10054],[1.0]
