10746,[1870,2845,3788,4191,4440,4561,7011,9491],[1.0,1.0,1.0,1.0,1.0,1.0,1.0,1.0]
10746,[213,265,1296,1431,3579,7367,7582,10360,10463],[1.0,1.0,1.0,1.0,1.0,1.0,1.0,1.0,1.0]
10746,[265,567,728,1249,4069,7367,7582,8904,9000],[1.0,1.0,1.0,1.0,1.0,1.0,1.0,1.0,1.0]
10746,[172,365,463,2074,2238,2916,4042,7074],[1.0,1.0,1.0,1.0,1.0,1.0,1.0,1.0]
10746,[1673,5236,6138,6522,7914,8070,8729],[1.0,1.0,1.0,1.0,1.0,1.0,1.0]
10746,[372,936,1613,3216,4258,6257,6394,8114],[1.0,1.0,1.0,1.0,1.0,1.0,1.0,1.0]
10746,[5324,7494,7826,7922,8070,8073,8941,9448,9632],[1.0,1.0,1.0,1.0,1.0,1.0,1.0,1.0,1.0]
10746,[3442,3828,4405,5236,6002,6368,7074,7914,8554,10714],[1.0,1.0,1.0,1.0,1.0,1.0,1.0,1.0,1.0,1.0]
10746,[878,2160,5868,5985,6257,6394,7649,9383],[1.0,1.0,1.0,1.0,1.0,1.0,1.0,1.0]
10746,[365,2492,2776,4042,5948,6002,8554,9270,10086,10536],[1.0,1.0,1.0,1.0,1.0,1.0,1.0,1.0,1.0,1.0]
10746,[1535,2114,2123,5738,9270,10028,10357],[1.0,1.0,1.0,1.0,1.0,1.0,1.0]
10746,[878,1255,4247,5596,8442,9383,10554,10564],[1.0,1.0,1.0,1.0,1.0,1.0,1.0,1.0]
10746,[1870,2845,3549,3755,4247,5236,6196,7074,7914,8092],[1.0,1.0,1.0,1.0,1.0,1.0,1.0,1.0,1.0,1.0]
10746,[1128,1479,1760,3788,6597,7011,9491,10041],[1.0,1.0,1.0,1.0,1.0,1.0,1.0,1.0]
