10746,[1310,3146,4213,4440,7384,8290,8315,9887],[1.0,1.0,1.0,1.0,1.0,1.0,1.0,1.0]
10746,[2518,4778,4895,5622,7702,8290,9988,10152,10360,10362],[1.0,1.0,1.0,1.0,1.0,1.0,1.0,1.0,1.0,1.0]
10746,[213,698,1652,2272,2876,7101,10463],[1.0,1.0,1.0,1.0,1.0,1.0,1.0]
10746,[936,971,2916,4603,6394,7101,7381,8571],[1.0,1.0,1.0,1.0,1.0,1.0,1.0,1.0]
10746,[463,4611,6500,7728,9379,9489,9607],[1.0,1.0,1.0,1.0,1.0,1.0,1.0]
10746,[1255,2455,2618,3186,4042,4204,6500,9607],[1.0,1.0,1.0,1.0,1.0,1.0,1.0,1.0]
10746,[143,896,5799,6341,7055,9379,10288],[1.0,1.0,1.0,1.0,1.0,1.0,1.0]
10746,[1255,2627,3490,7032,8917,9748,10438],[1.0,1.0,1.0,1.0,1.0,1.0,1.0]
10746,[935,2114,4374,8701,9534,9680,9748,10115,10617],[1.0,1.0,1.0,1.0,1.0,1.0,1.0,1.0,1.0]
10746,[2901,3435,5056,5181,6298,8701,9748,10693],[1.0,1.0,1.0,1.0,1.0,1.0,1.0,1.0]
10746,[447,880,2928,6901,7098,7155,9289,10184],[1.0,1.0,1.0,1.0,1.0,1.0,1.0,1.0]
10746,[2131,4881,7415,7733,9290,10433],[1.0,1.0,1.0,1.0,1.0,1.0]
10746,[381,1517,3545,6257,6860,7218,9748],[1.0,1.0,1.0,1.0,1.0,1.0,1.0]
10746,[121,561,1438,1487,4198,6385,9575],[1.0,1.0,1.0,1.0,1.0,1.0,1.0]
10746,[2114,3192,4984,5181,6753,7461,9612,9748,10227],[1.0,1.0,1.0,1.0,1.0,1.0,1.0,1.0,1.0]
10746,[168,837,2394,2828,4077,4332,4984,8068,10398],[1.0,1.0,1.0,1.0,1.0,1.0,1.0,1.0,1.0]
10746,[168,3545,5324,5564,6047,9262,9632,10093],[1.0,1.0,1.0,1.0,1.0,1.0,1.0,1.0]
10746,[168,2472,3545,4659,7323,7381,8475,9748],[1.0,1.0,1.0,1.0,1.0,1.0,1.0,1.0]
10746,[121,416,3940,4113,4239,8630,9290],[1.0,1.0,1.0,1.0,1.0,1.0,1.0]
10746,[631,1965,3944,5928,8960,10115,10690],[1.0,1.0,1.0,1.0,1.0,1.0,1.0]
10746,[121,168,3106,4659,7381,8475,9748,10493],[1.0,1.0,1.0,1.0,1.0,1.0,1.0,1.0]
10746,[27,42,168,1099,2201,8836],[1.0,1.0,1.0,1.0,1.0,1.0]
10746,[168,1098,2916,4659,6167,7381,8475,9748],[1.0,1.0,1.0,1.0,1.0,1.0,1.0,1.0]
10746,[971,4603,6394,6500,8571,9379,9489],[1.0,1.0,1.0,1.0,1.0,1.0,1.0]
10746,[463,2455,2618,4042,4611,7728,9607],[1.0,1.0,1.0,1.0,1.0,1.0,1.0]
10746,[896,1255,3186,4204,5799,6500,7055,10288],[1.0,1.0,1.0,1.0,1.0,1.0,1.0,1.0]
10746,[143,1488,6341,7381,8041,9379,9748,9839],[1.0,1.0,1.0,1.0,1.0,1.0,1.0,1.0]
10746,[121,3607,4755,4903,6385,9417,9794],[1.0,1.0,1.0,1.0,1.0,1.0,1.0]
10746,[838,3146,5622,8092,8290,8315,9887,10230],[1.0,1.0,1.0,1.0,1.0,1.0,1.0,1.0]
10746,[856,1652,4895,5184,5740,8290,9988],[1.0,1.0,1.0,1.0,1.0,1.0,1.0]
