10746,[3139,4440,6777,7813,8295,10032,10270],[1.0,1.0,1.0,1.0,1.0,1.0,1.0]
10746,[463,1652,4534,7074,8460,9972,10360,10411,10445],[1.0,1.0,1.0,1.0,1.0,1.0,1.0,1.0,1.0]
10746,[213,936,2953,4750,6753,10187,10463],[1.0,1.0,1.0,1.0,1.0,1.0,1.0]
10746,[936,1175,1317,3422,5069,5628,8960,9130,10658],[1.0,1.0,1.0,1.0,1.0,1.0,1.0,1.0,1.0]
10746,[55,2325,3340,5069,5628,9988,10419],[1.0,1.0,1.0,1.0,1.0,1.0,1.0]
10746,[55,556,561,5069,5628,8041,8810,9701,10419],[1.0,1.0,1.0,1.0,1.0,1.0,1.0,1.0,1.0]
10746,[55,896,1255,2079,2844,4217,5207,9247],[1.0,1.0,1.0,1.0,1.0,1.0,1.0,1.0]
10746,[1195,2598,2801,2916,5345,6819,7379,7593],[1.0,1.0,1.0,1.0,1.0,1.0,1.0,1.0]
10746,[55,5069,5181,5628,6394,10056,10419],[1.0,1.0,1.0,1.0,1.0,1.0,1.0]
10746,[55,561,677,1992,2493,3741,5181,5628,10419],[1.0,1.0,1.0,1.0,1.0,1.0,1.0,1.0,1.0]
10746,[245,417,1478,5710,6341,7240,9211],[1.0,1.0,1.0,1.0,1.0,1.0,1.0]
10746,[1375,1652,3139,4080,4335,8460,8610,9222],[1.0,1.0,1.0,1.0,1.0,1.0,1.0,1.0]
10746,[2047,3139,4953,5668,6820,7063,7341,9989,10411],[1.0,1.0,1.0,1.0,1.0,1.0,1.0,1.0,1.0]
10746,[433,1255,2009,4755,6777,8295,9222,10032],[1.0,1.0,1.0,1.0,1.0,1.0,1.0,1.0]
10746,[435,3601,5123,7205],[1.0,1.0,1.0,1.0]
