10746,[121,4440,4722,5373,6385,8170,8752],[1.0,1.0,1.0,1.0,1.0,1.0,1.0]
10746,[121,1673,2518,4891,5653,6385,8068,9654,9841],[1.0,1.0,1.0,1.0,1.0,1.0,1.0,1.0,1.0]
10746,[121,2829,5373,5820,6172,7478,7937,8170,9527,10360],[1.0,1.0,1.0,1.0,1.0,1.0,1.0,1.0,1.0,1.0]
10746,[121,180,213,1749,5373,5657,6385,7979,8752,10381],[1.0,1.0,1.0,1.0,1.0,1.0,1.0,1.0,1.0,1.0]
10746,[121,2134,3832,4682,5657,5661,6915,8752,9868,10381],[1.0,1.0,1.0,1.0,1.0,1.0,1.0,1.0,1.0,1.0]
10746,[121,4722,4763,5373,5868,8752,9913,10463],[1.0,1.0,1.0,1.0,1.0,1.0,1.0,1.0]
10746,[121,1817,2285,4416,5315,7785,7959,8752,10508],[1.0,1.0,1.0,1.0,1.0,1.0,1.0,1.0,1.0]
10746,[2511,3223,5079,7487,10617,10670,10734],[1.0,1.0,1.0,1.0,1.0,1.0,1.0]
10746,[662,1099,1673,2256,2493,2916,6761,7075],[1.0,1.0,1.0,1.0,1.0,1.0,1.0,1.0]
10746,[2016,4191,5438,7923,8450,9118,9270,10463,10735],[1.0,1.0,1.0,1.0,1.0,1.0,1.0,1.0,1.0]
10746,[2074,3354,6867,7959,8740,9285,10463],[1.0,1.0,1.0,1.0,1.0,1.0,1.0]
10746,[975,1517,1706,3156,4649,5990,7643],[1.0,1.0,1.0,1.0,1.0,1.0,1.0]
10746,[14,975,3354,5181,5990,6385,8010,9271],[1.0,1.0,1.0,1.0,1.0,1.0,1.0,1.0]
10746,[121,202,635,956,1517,4191,6603,9632,10093],[1.0,1.0,1.0,1.0,1.0,1.0,1.0,1.0,1.0]
10746,[975,1481,4294,4891,10463,10735],[1.0,1.0,1.0,1.0,1.0,1.0]
10746,[662,975,1085,3544,4347,6935,7074,10173],[1.0,1.0,1.0,1.0,1.0,1.0,1.0,1.0]
10746,[14,975,1299,1775,4611,5181,6670,8170],[1.0,1.0,1.0,1.0,1.0,1.0,1.0,1.0]
10746,[121,1517,2418,3741,3824,5689,6385,8433,10433],[1.0,1.0,1.0,1.0,1.0,1.0,1.0,1.0,1.0]
10746,[838,1670,4332,4405,5320,5831,7826,8558,10536],[1.0,1.0,1.0,1.0,1.0,1.0,1.0,1.0,1.0]
10746,[3647,4191,4650,5181,5804,5885,6536,8041,10217],[1.0,1.0,1.0,1.0,1.0,1.0,1.0,1.0,1.0]
10746,[121,273,956,4191,6172,6341,8114,8558,10621],[1.0,1.0,1.0,1.0,1.0,1.0,1.0,1.0,1.0]
10746,[121,1237,2530,4191,5146,5444,5852,8347,8475],[1.0,1.0,1.0,1.0,1.0,1.0,1.0,1.0,1.0]
10746,[1098,2123,2530,5505,6255,8595],[1.0,1.0,1.0,1.0,1.0,1.0]
10746,[121,2278,2640,4649,5440,5447,8091],[1.0,1.0,1.0,1.0,1.0,1.0,1.0]
10746,[121,2640,4294,7204,7316,7338,7643,8989,10139],[1.0,1.0,1.0,1.0,1.0,1.0,1.0,1.0,1.0]
10746,[121,2278,2530,4336,5146,6784,7376,8475,9912],[1.0,1.0,1.0,1.0,1.0,1.0,1.0,1.0,1.0]
10746,[1098,1535,2067,2123,2530,4891],[1.0,1.0,1.0,1.0,1.0,1.0]
10746,[1225,1237,1706,2278,4191,6301],[1.0,1.0,1.0,1.0,1.0,1.0]
10746,[121,1706,2618,3911,6035,6590,8475,8595,9882],[1.0,1.0,1.0,1.0,1.0,1.0,1.0,1.0,1.0]
10746,[2530,3850,4332,4473,7074,7288,9882,10203,10419],[1.0,1.0,1.0,1.0,1.0,1.0,1.0,1.0,1.0]
10746,[365,1884,2530,3166,6394,6819,8114,8614,9831],[1.0,1.0,1.0,1.0,1.0,1.0,1.0,1.0,1.0]
10746,[1098,2123,2916,3514,3862,6784,8630,9106],[1.0,1.0,1.0,1.0,1.0,1.0,1.0,1.0]
10746,[8280,8595,8614,9502,9528],[1.0,1.0,1.0,1.0,1.0]
10746,[2916,3106,6172,6295,7218,8614,8690,9528],[1.0,1.0,1.0,1.0,1.0,1.0,1.0,1.0]
10746,[2690,4486,5181,7044,9289,10621],[1.0,1.0,1.0,1.0,1.0,1.0]
10746,[556,1294,2854,4223,8374,8515,8569,9632,9653],[1.0,1.0,1.0,1.0,1.0,1.0,1.0,1.0,1.0]
10746,[121,2278,5095,5328,6287,9029,10433],[1.0,1.0,1.0,1.0,1.0,1.0,1.0]
10746,[66,700,1195,4191,4202,4785,5142,5592,8374],[1.0,1.0,1.0,1.0,1.0,1.0,1.0,1.0,1.0]
10746,[4331,4606,5328,7117,10068,10433],[1.0,1.0,1.0,1.0,1.0,1.0]
10746,[2206,2472,2530,2775,5592,6416,7218,9639],[1.0,1.0,1.0,1.0,1.0,1.0,1.0,1.0]
10746,[143,365,1225,4534,5294,5328,6363,7195],[1.0,1.0,1.0,1.0,1.0,1.0,1.0,1.0]
10746,[4649,5023,5985,6295,7327,7843,10024],[1.0,1.0,1.0,1.0,1.0,1.0,1.0]
10746,[121,2182,2640,3651,4217,4888,7044,8374,10539],[1.0,1.0,1.0,1.0,1.0,1.0,1.0,1.0,1.0]
10746,[121,2278,2493,3741,4587,4934,10539],[1.0,1.0,1.0,1.0,1.0,1.0,1.0]
10746,[3651,4611,4649,4934,5223,6363,8582,10222],[1.0,1.0,1.0,1.0,1.0,1.0,1.0,1.0]
10746,[1237,1706,4405,4534,5102,6008,6580,7649],[1.0,1.0,1.0,1.0,1.0,1.0,1.0,1.0]
10746,[463,1237,2182,2530,6335,7117,8595],[1.0,1.0,1.0,1.0,1.0,1.0,1.0]
10746,[1237,1706,3669,6819,7084,8595,9988],[1.0,1.0,1.0,1.0,1.0,1.0,1.0]
10746,[126,365,1275,4405,9338,10398,10621],[1.0,1.0,1.0,1.0,1.0,1.0,1.0]
10746,[121,464,902,1825,3651,6485,7195],[1.0,1.0,1.0,1.0,1.0,1.0,1.0]
10746,[121,126,365,758,4649,7506,9327,9338,10595],[1.0,1.0,1.0,1.0,1.0,1.0,1.0,1.0,1.0]
10746,[1237,2530,3651,4420,7518,8690,8740,10627],[1.0,1.0,1.0,1.0,1.0,1.0,1.0,1.0]
10746,[27,164,1453,4188,5940,8558,9888],[1.0,1.0,1.0,1.0,1.0,1.0,1.0]
10746,[1098,1237,2530,4332,6035,7376,7379,10115],[1.0,1.0,1.0,1.0,1.0,1.0,1.0,1.0]
10746,[1453,2472,2530,4611,6819,7502,8114,9420,9851],[1.0,1.0,1.0,1.0,1.0,1.0,1.0,1.0,1.0]
10746,[902,1326,3651,4114,6590,7942,8280,8475],[1.0,1.0,1.0,1.0,1.0,1.0,1.0,1.0]
10746,[902,1326,2123,2182,4332,4336,9903,10716],[1.0,1.0,1.0,1.0,1.0,1.0,1.0,1.0]
10746,[956,1098,1389,1706,4338,4592,10350,10419],[1.0,1.0,1.0,1.0,1.0,1.0,1.0,1.0]
10746,[556,1255,5641,5983,7840,9705,10711],[1.0,1.0,1.0,1.0,1.0,1.0,1.0]
10746,[556,966,5595,5641,7218,7548,8369,9882],[1.0,1.0,1.0,1.0,1.0,1.0,1.0,1.0]
10746,[597,1225,2530,4344,8475,9989],[1.0,1.0,1.0,1.0,1.0,1.0]
10746,[337,902,1225,1453,4562,7205,8875],[1.0,1.0,1.0,1.0,1.0,1.0,1.0]
10746,[1098,2123,2530,6590,7718,8280,8475],[1.0,1.0,1.0,1.0,1.0,1.0,1.0]
10746,[3783,3892,4680,7516,7942,9976,10508,10734],[1.0,1.0,1.0,1.0,1.0,1.0,1.0,1.0]
10746,[956,1098,2123,2182,7699,7718,8280],[1.0,1.0,1.0,1.0,1.0,1.0,1.0]
10746,[1453,3089,3892,4562,6394,6673],[1.0,1.0,1.0,1.0,1.0,1.0]
10746,[1706,1965,3209,4154,4332,4512,6172,9976,10242,10508],[1.0,1.0,1.0,1.0,1.0,1.0,1.0,1.0,1.0,1.0]
10746,[902,2728,3209,3783,4258,4332,6394,6819,10242],[1.0,1.0,1.0,1.0,1.0,1.0,1.0,1.0,1.0]
10746,[902,1255,1453,4332,4520,4611,5505,5632,9931,9944],[1.0,1.0,1.0,1.0,1.0,1.0,1.0,1.0,1.0,1.0]
10746,[1098,1326,4074,4534,6335,7165,9262,9851],[1.0,1.0,1.0,1.0,1.0,1.0,1.0,1.0]
10746,[1098,4355,5142,5592,7718,9420,9851],[1.0,1.0,1.0,1.0,1.0,1.0,1.0]
10746,[869,991,3426,4066,6335,7645,7890,9851],[1.0,1.0,1.0,1.0,1.0,1.0,1.0,1.0]
10746,[282,1326,3426,4534,5347,7079,8595,9851],[1.0,1.0,1.0,1.0,1.0,1.0,1.0,1.0]
10746,[1098,2472,2530,2771,3892,5181,7390,7718,10492],[1.0,1.0,1.0,1.0,1.0,1.0,1.0,1.0,1.0]
10746,[259,1326,2530,2648,3209,4258,4606,7390,10242],[1.0,1.0,1.0,1.0,1.0,1.0,1.0,1.0,1.0]
10746,[1098,3668,4649,7670,8630,10492,10572],[1.0,1.0,1.0,1.0,1.0,1.0,1.0]
10746,[1098,2123,2530,3257,3892,4534,6603,8589],[1.0,1.0,1.0,1.0,1.0,1.0,1.0,1.0]
10746,[121,1726,2278,2530,2799,3196,4650,10433],[1.0,1.0,1.0,1.0,1.0,1.0,1.0,1.0]
10746,[2472,2530,2618,4074,9030,9493,9771,9851,10135,10278],[1.0,1.0,1.0,1.0,1.0,1.0,1.0,1.0,1.0,1.0]
10746,[1326,1453,2251,3921,4614,5347,6172,7785,8558],[1.0,1.0,1.0,1.0,1.0,1.0,1.0,1.0,1.0]
10746,[463,1326,2251,2472,2530,6172,10508,10595],[1.0,1.0,1.0,1.0,1.0,1.0,1.0,1.0]
10746,[501,1098,1326,2123,3426,6172,8070,10508],[1.0,1.0,1.0,1.0,1.0,1.0,1.0,1.0]
10746,[769,1700,2251,2472,2530,6901,8614,8729,10536],[1.0,1.0,1.0,1.0,1.0,1.0,1.0,1.0,1.0]
10746,[2251,2472,2530,7649,8614,8661,8729,10536],[1.0,1.0,1.0,1.0,1.0,1.0,1.0,1.0]
10746,[51,2472,3965,4344,7942,8606,9346,9816],[1.0,1.0,1.0,1.0,1.0,1.0,1.0,1.0]
10746,[1619,2333,2530,8114,9364,9460,9631,10621],[1.0,1.0,1.0,1.0,1.0,1.0,1.0,1.0]
10746,[227,1255,2530,2782,6590,7423,8729,9888,10398],[1.0,1.0,1.0,1.0,1.0,1.0,1.0,1.0,1.0]
10746,[1241,1275,4377,5142,7307,9273,9874],[1.0,1.0,1.0,1.0,1.0,1.0,1.0]
10746,[227,1255,2530,5142,6590,7423,9888,10398],[1.0,1.0,1.0,1.0,1.0,1.0,1.0,1.0]
10746,[1255,2123,3669,7423,9262,10051,10398],[1.0,1.0,1.0,1.0,1.0,1.0,1.0]
10746,[1099,1237,1275,1791,2123,2530,3651,8729],[1.0,1.0,1.0,1.0,1.0,1.0,1.0,1.0]
10746,[586,1255,1706,2472,7218,7423,10051,10398],[1.0,1.0,1.0,1.0,1.0,1.0,1.0,1.0]
10746,[227,637,1026,2530,5710,9029,9453,9632,10617],[1.0,1.0,1.0,1.0,1.0,1.0,1.0,1.0,1.0]
10746,[227,1222,1434,2530,4294,7205,10051],[1.0,1.0,1.0,1.0,1.0,1.0,1.0]
10746,[319,637,1275,3097,4191,5142,5422,5662,6118,10508],[1.0,1.0,1.0,1.0,1.0,1.0,1.0,1.0,1.0,1.0]
10746,[896,4430,4534,5537,7079,8673,9273,9433,9655],[1.0,1.0,1.0,1.0,1.0,1.0,1.0,1.0,1.0]
10746,[956,1098,1706,5592,6172,6229,6335],[1.0,1.0,1.0,1.0,1.0,1.0,1.0]
10746,[121,501,902,5146,6485,6819,7195,7205,8114],[1.0,1.0,1.0,1.0,1.0,1.0,1.0,1.0,1.0]
10746,[882,1847,2916,3557,4066,6392,6536,7195],[1.0,1.0,1.0,1.0,1.0,1.0,1.0,1.0]
10746,[758,1847,1991,3850,5985,7487,9810,10397],[1.0,1.0,1.0,1.0,1.0,1.0,1.0,1.0]
10746,[365,758,2376,3741,3842,4534,9528,10716],[1.0,1.0,1.0,1.0,1.0,1.0,1.0,1.0]
10746,[758,2206,4671,8280,8575,8837,9065,10716],[1.0,1.0,1.0,1.0,1.0,1.0,1.0,1.0]
10746,[245,1255,5402,6330,6401,7843,9289,10716],[1.0,1.0,1.0,1.0,1.0,1.0,1.0,1.0]
10746,[758,2904,7593,8524,10222,10691,10716],[1.0,1.0,1.0,1.0,1.0,1.0,1.0]
10746,[1706,2206,3528,7593,7843,8114,8524,8907,9273],[1.0,1.0,1.0,1.0,1.0,1.0,1.0,1.0,1.0]
10746,[34,1510,5217,9379,9407,10189,10203,10419],[1.0,1.0,1.0,1.0,1.0,1.0,1.0,1.0]
10746,[143,1023,3730,6244,6341,6401,8411,8971,10419],[1.0,1.0,1.0,1.0,1.0,1.0,1.0,1.0,1.0]
10746,[121,501,1036,3089,3099,6819],[1.0,1.0,1.0,1.0,1.0,1.0]
10746,[501,2990,4074,5146,5244,5852,6145,8893,10536,10621],[1.0,1.0,1.0,1.0,1.0,1.0,1.0,1.0,1.0,1.0]
10746,[1315,2530,4191,4650,5146,7654,8101,8584,10217],[1.0,1.0,1.0,1.0,1.0,1.0,1.0,1.0,1.0]
10746,[365,2178,3022,4191,5996,8686,8824,9771],[1.0,1.0,1.0,1.0,1.0,1.0,1.0,1.0]
10746,[121,2443,3340,4332,5146,7084,10536],[1.0,1.0,1.0,1.0,1.0,1.0,1.0]
10746,[1315,2074,3022,4092,4650,6919,8729,9873,10217],[1.0,1.0,1.0,1.0,1.0,1.0,1.0,1.0,1.0]
10746,[121,501,626,956,2655,3340,3651,6053,7088],[1.0,1.0,1.0,1.0,1.0,1.0,1.0,1.0,1.0]
10746,[501,1697,3904,4271,4332,5641,6080,6125,6163,9988],[1.0,1.0,1.0,1.0,1.0,1.0,1.0,1.0,1.0,1.0]
10746,[121,637,4928,5146,8114,8412,9988,10536],[1.0,1.0,1.0,1.0,1.0,1.0,1.0,1.0]
10746,[3545,4393,4868,7205,8227,8584,9298,10536,10605],[1.0,1.0,1.0,1.0,1.0,1.0,1.0,1.0,1.0]
10746,[121,1299,2916,3668,4102,4331,8280,8545,9950],[1.0,1.0,1.0,1.0,1.0,1.0,1.0,1.0,1.0]
10746,[365,2074,2665,4191,4650,6033,7390,8688,10350],[1.0,1.0,1.0,1.0,1.0,1.0,1.0,1.0,1.0]
10746,[376,585,1237,1920,3192,4066,5939,6033,8545,8688],[1.0,1.0,1.0,1.0,1.0,1.0,1.0,1.0,1.0,1.0]
10746,[2708,2806,3257,3426,3983,4440,5939,10508],[1.0,1.0,1.0,1.0,1.0,1.0,1.0,1.0]
10746,[1144,1535,2182,2665,4074,8688,9988,10222,10350],[1.0,1.0,1.0,1.0,1.0,1.0,1.0,1.0,1.0]
10746,[1706,4955,6442,7394,9831],[1.0,1.0,1.0,1.0,1.0]
10746,[1237,2665,4032,4332,4650,7390,8688,10139],[1.0,1.0,1.0,1.0,1.0,1.0,1.0,1.0]
10746,[631,1376,1683,4948,8584,9049,9249,9289,10068],[1.0,1.0,1.0,1.0,1.0,1.0,1.0,1.0,1.0]
10746,[1273,1376,3965,4486,5142,8398,8584,9290],[1.0,1.0,1.0,1.0,1.0,1.0,1.0,1.0]
10746,[2455,3779,4671,5102,5146,5505,6810,8280,8584,8748],[1.0,1.0,1.0,1.0,1.0,1.0,1.0,1.0,1.0,1.0]
10746,[121,1376,2443,3340,4332,7084,9988],[1.0,1.0,1.0,1.0,1.0,1.0,1.0]
10746,[501,754,1237,2037,3741,3921,4534,5983,6271,8584],[1.0,1.0,1.0,1.0,1.0,1.0,1.0,1.0,1.0,1.0]
10746,[902,1817,4344,4428,5633,6810,8280],[1.0,1.0,1.0,1.0,1.0,1.0,1.0]
10746,[1099,1237,1255,2902,3651,3993,9457,10433],[1.0,1.0,1.0,1.0,1.0,1.0,1.0,1.0]
10746,[29,2472,4671,5146,8582,8584,8748,9611,10398],[1.0,1.0,1.0,1.0,1.0,1.0,1.0,1.0,1.0]
10746,[121,3340,3668,5738,7084,8630,9420,10108],[1.0,1.0,1.0,1.0,1.0,1.0,1.0,1.0]
10746,[121,1203,2278,6033,7205,8114,8630,9460,10222],[1.0,1.0,1.0,1.0,1.0,1.0,1.0,1.0,1.0]
10746,[629,2037,3426,3750,4066,4649,6244,6341,8748],[1.0,1.0,1.0,1.0,1.0,1.0,1.0,1.0,1.0]
10746,[585,1098,2123,2530,3741,9970,10327],[1.0,1.0,1.0,1.0,1.0,1.0,1.0]
10746,[121,501,637,5633,6080,6377,7382,7674],[1.0,1.0,1.0,1.0,1.0,1.0,1.0,1.0]
10746,[191,387,2407,3732,4166,4393,5580],[1.0,1.0,1.0,1.0,1.0,1.0,1.0]
10746,[121,164,1557,4931,5440,6212,7942],[1.0,1.0,1.0,1.0,1.0,1.0,1.0]
10746,[501,2074,3741,4344,4534,7334,7382,9290,9557,10536],[1.0,1.0,1.0,1.0,1.0,1.0,1.0,1.0,1.0,1.0]
10746,[501,1237,1726,4888,7382,8041,9851],[1.0,1.0,1.0,1.0,1.0,1.0,1.0]
10746,[991,1085,1237,1774,4014,4191,4650,7545],[1.0,1.0,1.0,1.0,1.0,1.0,1.0,1.0]
10746,[991,1085,1541,4649,6505,7441,7843,9903,10536],[1.0,1.0,1.0,1.0,1.0,1.0,1.0,1.0,1.0]
10746,[1237,2596,3070,3237,3503,4066,4424,10278],[1.0,1.0,1.0,1.0,1.0,1.0,1.0,1.0]
10746,[121,361,1726,2618,4355,4577,4784,6341,9851],[1.0,1.0,1.0,1.0,1.0,1.0,1.0,1.0,1.0]
10746,[121,3592,4611,4622,5983,6172,8073,8162,8661],[1.0,1.0,1.0,1.0,1.0,1.0,1.0,1.0,1.0]
10746,[1237,3192,3651,6383,7382,8208,8621,9903],[1.0,1.0,1.0,1.0,1.0,1.0,1.0,1.0]
10746,[501,893,1920,3426,3741,6035,6172,6358,10508],[1.0,1.0,1.0,1.0,1.0,1.0,1.0,1.0,1.0]
10746,[372,501,1237,1983,2402,4223,4332,5604,7382],[1.0,1.0,1.0,1.0,1.0,1.0,1.0,1.0,1.0]
10746,[1029,1997,3153,5106,6697,8495,8621,9632],[1.0,1.0,1.0,1.0,1.0,1.0,1.0,1.0]
10746,[3545,3993,4145,8019,8956,9298,10189,10642],[1.0,1.0,1.0,1.0,1.0,1.0,1.0,1.0]
10746,[1997,2888,3022,3321,5737,9707,9851,10082,10142],[1.0,1.0,1.0,1.0,1.0,1.0,1.0,1.0,1.0]
10746,[121,204,262,558,1997,3741,3993,4405,4925],[1.0,1.0,1.0,1.0,1.0,1.0,1.0,1.0,1.0]
10746,[1315,3779,4416,5106,5345,7922,9316,10320],[1.0,1.0,1.0,1.0,1.0,1.0,1.0,1.0]
10746,[1237,1461,2618,4191,4405,7384,7419,9903],[1.0,1.0,1.0,1.0,1.0,1.0,1.0,1.0]
10746,[1965,2493,5181,5739,6033,7502,8114,8641,9851,10536],[1.0,1.0,1.0,1.0,1.0,1.0,1.0,1.0,1.0,1.0]
10746,[2182,2950,6497,8398,8956],[1.0,1.0,1.0,1.0,1.0]
10746,[1726,3585,3993,4145,4332,5104,10617],[1.0,1.0,1.0,1.0,1.0,1.0,1.0]
10746,[302,463,6335,8114,8491,9066,10536],[1.0,1.0,1.0,1.0,1.0,1.0,1.0]
10746,[121,637,3993,8165,9831],[1.0,1.0,1.0,1.0,1.0]
10746,[3993,4145,8934,9863,10642],[1.0,1.0,1.0,1.0,1.0]
10746,[501,1211,2493,3514,5146,5739,6950,10595],[1.0,1.0,1.0,1.0,1.0,1.0,1.0,1.0]
10746,[2916,3993,4606,4720,7297,10056,10536],[1.0,1.0,1.0,1.0,1.0,1.0,1.0]
10746,[501,4606,5146,5181,7297,8114,8582,8729,9365],[1.0,1.0,1.0,1.0,1.0,1.0,1.0,1.0,1.0]
10746,[463,3998,4534,5739,5997,6536,7205,8558],[1.0,1.0,1.0,1.0,1.0,1.0,1.0,1.0]
10746,[14,501,893,2087,2182,3651,8259,9557],[1.0,1.0,1.0,1.0,1.0,1.0,1.0,1.0]
10746,[1020,1222,2009,3426,3651,3697,5972,8635,10354],[1.0,1.0,1.0,1.0,1.0,1.0,1.0,1.0,1.0]
10746,[501,1211,1411,3338,3441,6243,8206,8763,9851],[1.0,1.0,1.0,1.0,1.0,1.0,1.0,1.0,1.0]
10746,[501,1411,3945,3998,4066,5382,5739,9851],[1.0,1.0,1.0,1.0,1.0,1.0,1.0,1.0]
10746,[463,529,1237,2618,2708,7502,9903,10621],[1.0,1.0,1.0,1.0,1.0,1.0,1.0,1.0]
10746,[517,902,2530,3754,3799,4217,4405,4757,7506],[1.0,1.0,1.0,1.0,1.0,1.0,1.0,1.0,1.0]
10746,[4217,4611,4757,6244,8107,9037,10433],[1.0,1.0,1.0,1.0,1.0,1.0,1.0]
10746,[35,3257,3545,4534,4757,5592,6335,8582,10433],[1.0,1.0,1.0,1.0,1.0,1.0,1.0,1.0,1.0]
10746,[517,1340,3426,3799,3824,6590,7074,9851,10304],[1.0,1.0,1.0,1.0,1.0,1.0,1.0,1.0,1.0]
10746,[501,4149,6590,9851,10172,10368],[1.0,1.0,1.0,1.0,1.0,1.0]
10746,[149,501,517,1453,3514,5146,6341,6919],[1.0,1.0,1.0,1.0,1.0,1.0,1.0,1.0]
10746,[1706,3257,4277,6383,6590,6901,8582,8729,9775,10103],[1.0,1.0,1.0,1.0,1.0,1.0,1.0,1.0,1.0,1.0]
10746,[3754,4239,4405,4622,4757,6244,9185,10433],[1.0,1.0,1.0,1.0,1.0,1.0,1.0,1.0]
10746,[869,956,2618,3426,4622,8131,8922,9185,9611],[1.0,1.0,1.0,1.0,1.0,1.0,1.0,1.0,1.0]
10746,[3338,3824,5946,6962,8206,8763,10433,10621],[1.0,1.0,1.0,1.0,1.0,1.0,1.0,1.0]
10746,[902,1237,4405,4649,4776,6335,7506,8729,9549,9555],[1.0,1.0,1.0,1.0,1.0,1.0,1.0,1.0,1.0,1.0]
10746,[501,902,1237,3651,9513,9549,9611],[1.0,1.0,1.0,1.0,1.0,1.0,1.0]
10746,[501,1134,1237,2366,4191,4534],[1.0,1.0,1.0,1.0,1.0,1.0]
10746,[4191,4999,5179,5628,5641,9549,9851],[1.0,1.0,1.0,1.0,1.0,1.0,1.0]
10746,[464,933,1237,1437,3426,3441,4066,5294,9549],[1.0,1.0,1.0,1.0,1.0,1.0,1.0,1.0,1.0]
10746,[121,1237,4405,5996,6250,6819,7518,7701,9292],[1.0,1.0,1.0,1.0,1.0,1.0,1.0,1.0,1.0]
10746,[121,966,1255,1548,2708,3545,4336,7984,10229],[1.0,1.0,1.0,1.0,1.0,1.0,1.0,1.0,1.0]
10746,[463,3651,4188,6240,6844,7518,10229,10671],[1.0,1.0,1.0,1.0,1.0,1.0,1.0,1.0]
10746,[501,2640,4336,5154,6033,6170,7973,10229,10539,10595],[1.0,1.0,1.0,1.0,1.0,1.0,1.0,1.0,1.0,1.0]
10746,[463,1237,2530,3635,6432,8595,8690,9692,10203],[1.0,1.0,1.0,1.0,1.0,1.0,1.0,1.0,1.0]
10746,[463,1222,3969,6467,7506,9298,9485,10203],[1.0,1.0,1.0,1.0,1.0,1.0,1.0,1.0]
10746,[121,501,1366,2921,3940,6819,7382,9290],[1.0,1.0,1.0,1.0,1.0,1.0,1.0,1.0]
10746,[1275,2057,2407,2871,2916,3592,6173,8114],[1.0,1.0,1.0,1.0,1.0,1.0,1.0,1.0]
10746,[3651,4191,4217,7572,8114,9084,9630,10433],[1.0,1.0,1.0,1.0,1.0,1.0,1.0,1.0]
10746,[501,2708,3257,3651,4217,4649,4948,8729,8893],[1.0,1.0,1.0,1.0,1.0,1.0,1.0,1.0,1.0]
10746,[1237,3327,3669,4191,5683,7569,8576,8582],[1.0,1.0,1.0,1.0,1.0,1.0,1.0,1.0]
10746,[501,997,1275,2057,2407,4217,4649,6173,8041,10536],[1.0,1.0,1.0,1.0,1.0,1.0,1.0,1.0,1.0,1.0]
10746,[51,956,1275,3651,4217,5683,7699,9376,10536],[1.0,1.0,1.0,1.0,1.0,1.0,1.0,1.0,1.0]
10746,[4405,4534,5524,5885,6035,6298,7218,9299],[1.0,1.0,1.0,1.0,1.0,1.0,1.0,1.0]
10746,[121,1817,2057,2614,4217,5633,5877,10536],[1.0,1.0,1.0,1.0,1.0,1.0,1.0,1.0]
10746,[896,1237,1255,2997,4868,6229,6401,7339,10203,10419],[1.0,1.0,1.0,1.0,1.0,1.0,1.0,1.0,1.0,1.0]
10746,[501,1706,2530,4217,6335,8572,8595,9851],[1.0,1.0,1.0,1.0,1.0,1.0,1.0,1.0]
10746,[902,1237,1262,2269,3426,5425,6172,9851,10422],[1.0,1.0,1.0,1.0,1.0,1.0,1.0,1.0,1.0]
10746,[541,2206,3426,4046,6070,6172,9851,10068],[1.0,1.0,1.0,1.0,1.0,1.0,1.0,1.0]
10746,[1706,3310,6172,6589,7094,8097,9766,9851],[1.0,1.0,1.0,1.0,1.0,1.0,1.0,1.0]
10746,[236,2684,3426,3651,4353,4650,5146,6589,8729,10327],[1.0,1.0,1.0,1.0,1.0,1.0,1.0,1.0,1.0,1.0]
10746,[1237,1910,2530,3426,4121,4191,5710,9462],[1.0,1.0,1.0,1.0,1.0,1.0,1.0,1.0]
10746,[1080,1216,2407,5983,9799],[1.0,1.0,1.0,1.0,1.0]
10746,[348,1237,1686,1726,7264,7924,9611],[1.0,1.0,1.0,1.0,1.0,1.0,1.0]
10746,[26,83,1237,6125,6547,7924,8114,9555,10419],[1.0,1.0,1.0,1.0,1.0,1.0,1.0,1.0,1.0]
10746,[501,2260,2530,4217,5244,7330,9289,9972],[1.0,1.0,1.0,1.0,1.0,1.0,1.0,1.0]
10746,[26,1237,2530,5983,6335,6547,7987,8729,9851],[1.0,1.0,1.0,1.0,1.0,1.0,1.0,1.0,1.0]
10746,[1726,2916,3741,6383,8114,8530,9972,10621],[1.0,1.0,1.0,1.0,1.0,1.0,1.0,1.0]
10746,[87,172,747,3075,4113,4223,5988,6125],[1.0,1.0,1.0,1.0,1.0,1.0,1.0,1.0]
10746,[793,844,956,1255,1633,3657,5142,5304,9851],[1.0,1.0,1.0,1.0,1.0,1.0,1.0,1.0,1.0]
10746,[922,1237,3075,4066,5207,5628,5928,7382],[1.0,1.0,1.0,1.0,1.0,1.0,1.0,1.0]
10746,[1237,3651,4188,5997,6125,6444,7415,10281],[1.0,1.0,1.0,1.0,1.0,1.0,1.0,1.0]
10746,[815,1275,4611,5633,6295,6547,7518,9164,9523,9851],[1.0,1.0,1.0,1.0,1.0,1.0,1.0,1.0,1.0,1.0]
10746,[956,1255,3493,3754,4113,6035,7506,9762,9851,10621],[1.0,1.0,1.0,1.0,1.0,1.0,1.0,1.0,1.0,1.0]
10746,[902,1275,4713,6295,6335,9851,10068],[1.0,1.0,1.0,1.0,1.0,1.0,1.0]
10746,[118,121,1920,4191,4217,9164,10433,10539],[1.0,1.0,1.0,1.0,1.0,1.0,1.0,1.0]
10746,[902,1996,2618,2623,3651,4217,4344,8394,10433],[1.0,1.0,1.0,1.0,1.0,1.0,1.0,1.0,1.0]
10746,[118,501,1920,2618,6033,8394,9164,9289,10539],[1.0,1.0,1.0,1.0,1.0,1.0,1.0,1.0,1.0]
10746,[2182,2623,5541,5564,7682,8056,9595,10656],[1.0,1.0,1.0,1.0,1.0,1.0,1.0,1.0]
10746,[262,878,1535,5526,5820,6349,7266,8114],[1.0,1.0,1.0,1.0,1.0,1.0,1.0,1.0]
10746,[878,4258,5031,5928,6349,6451,7649,9632],[1.0,1.0,1.0,1.0,1.0,1.0,1.0,1.0]
10746,[1003,1099,1615,2182,3257,3344,8595,9273,10433],[1.0,1.0,1.0,1.0,1.0,1.0,1.0,1.0,1.0]
10746,[2108,4576,5089,6167,7308,8673,9183],[1.0,1.0,1.0,1.0,1.0,1.0,1.0]
10746,[2493,2530,4787,5684,8161,9667,10438],[1.0,1.0,1.0,1.0,1.0,1.0,1.0]
10746,[447,1948,2524,3782,5604,9542,10716],[1.0,1.0,1.0,1.0,1.0,1.0,1.0]
10746,[160,639,1276,1404,3023,8554,8612,8730],[1.0,1.0,1.0,1.0,1.0,1.0,1.0,1.0]
10746,[92,501,902,4649,7850,8114,9364],[1.0,1.0,1.0,1.0,1.0,1.0,1.0]
10746,[2455,2728,8380,8901,9442,9842,9972,10360,10621],[1.0,1.0,1.0,1.0,1.0,1.0,1.0,1.0,1.0]
10746,[766,2026,2425,2493,3810,3946,4159,6214,7813],[1.0,1.0,1.0,1.0,1.0,1.0,1.0,1.0,1.0]
10746,[2425,3946,4298,7561,8041,8476,9290,9841,9851],[1.0,1.0,1.0,1.0,1.0,1.0,1.0,1.0,1.0]
10746,[549,952,4671,5595,7813,8321,8367,8476,9841],[1.0,1.0,1.0,1.0,1.0,1.0,1.0,1.0,1.0]
10746,[1159,1980,3518,4178,5808,7316,7813,9841,9973],[1.0,1.0,1.0,1.0,1.0,1.0,1.0,1.0,1.0]
10746,[1222,2123,8554,8719,9338,9958,10536],[1.0,1.0,1.0,1.0,1.0,1.0,1.0]
10746,[902,4332,4649,4888,6125,6394,6547,6892,9972],[1.0,1.0,1.0,1.0,1.0,1.0,1.0,1.0,1.0]
10746,[902,1036,1237,4332,6394,7317,9289,9972],[1.0,1.0,1.0,1.0,1.0,1.0,1.0,1.0]
10746,[1237,1948,3651,4405,4948,5181,9972,10690],[1.0,1.0,1.0,1.0,1.0,1.0,1.0,1.0]
10746,[121,501,2123,2278,3257,4217,4888,7105,10185],[1.0,1.0,1.0,1.0,1.0,1.0,1.0,1.0,1.0]
10746,[121,1036,1907,2123,3768,5836,6547,9289],[1.0,1.0,1.0,1.0,1.0,1.0,1.0,1.0]
10746,[112,758,896,4066,4405,5885,6002,6341,9164],[1.0,1.0,1.0,1.0,1.0,1.0,1.0,1.0,1.0]
10746,[991,1237,3651,6547,7548,7645,8114,9831],[1.0,1.0,1.0,1.0,1.0,1.0,1.0,1.0]
10746,[51,1237,2443,4113,5985,8280,8875,9972,10093],[1.0,1.0,1.0,1.0,1.0,1.0,1.0,1.0,1.0]
10746,[206,1275,3251,4113,5294,5820,7518,10203,10419],[1.0,1.0,1.0,1.0,1.0,1.0,1.0,1.0,1.0]
10746,[991,1237,3545,6170,7548,8041,9289,9555,10182,10343],[1.0,1.0,1.0,1.0,1.0,1.0,1.0,1.0,1.0,1.0]
10746,[1903,2530,5644,7055,10424,10433,10536],[1.0,1.0,1.0,1.0,1.0,1.0,1.0]
10746,[1237,2728,4611,5324,6146,7384,10433],[1.0,1.0,1.0,1.0,1.0,1.0,1.0]
10746,[2708,2728,5294,8476,8917,9851,10536],[1.0,1.0,1.0,1.0,1.0,1.0,1.0]
10746,[501,1255,1910,2221,6033,7184,8551,9851,10082,10621],[1.0,1.0,1.0,1.0,1.0,1.0,1.0,1.0,1.0,1.0]
10746,[137,1237,2708,3018,8546,9851,10115],[1.0,1.0,1.0,1.0,1.0,1.0,1.0]
10746,[869,2708,3473,4766,8546,9031,9524,10115],[1.0,1.0,1.0,1.0,1.0,1.0,1.0,1.0]
10746,[2068,2325,2455,2916,7649,8067,8558,8609,9851],[1.0,1.0,1.0,1.0,1.0,1.0,1.0,1.0,1.0]
10746,[501,4280,4935,5604,6033,7303,9708],[1.0,1.0,1.0,1.0,1.0,1.0,1.0]
10746,[2673,3668,4713,5983,6172,6271,8026,8149],[1.0,1.0,1.0,1.0,1.0,1.0,1.0,1.0]
10746,[121,758,2493,2916,4042,5505,9031],[1.0,1.0,1.0,1.0,1.0,1.0,1.0]
10746,[758,2074,2493,4534,7307,8844,9031],[1.0,1.0,1.0,1.0,1.0,1.0,1.0]
10746,[567,1237,2530,2618,4424,6335,7390,8114,8595],[1.0,1.0,1.0,1.0,1.0,1.0,1.0,1.0,1.0]
10746,[902,2708,3268,3651,7079,7384,8412,8421],[1.0,1.0,1.0,1.0,1.0,1.0,1.0,1.0]
10746,[896,966,2149,2461,2828,3147,5628,7384,7732],[1.0,1.0,1.0,1.0,1.0,1.0,1.0,1.0,1.0]
10746,[1099,1237,2530,4191,4258,5916,5978,8114,8595,9298],[1.0,1.0,1.0,1.0,1.0,1.0,1.0,1.0,1.0,1.0]
10746,[2708,2916,4611,5592,7746,7929,8595,10617,10621],[1.0,1.0,1.0,1.0,1.0,1.0,1.0,1.0,1.0]
10746,[1237,1548,4332,5505,5721,5763,8033,9528,10617],[1.0,1.0,1.0,1.0,1.0,1.0,1.0,1.0,1.0]
10746,[902,5142,5207,5534,8280,8595,9420],[1.0,1.0,1.0,1.0,1.0,1.0,1.0]
10746,[1237,5146,5983,7502,8114,8475,9420],[1.0,1.0,1.0,1.0,1.0,1.0,1.0]
10746,[2530,2618,3651,4066,5638,5647,7502,9851],[1.0,1.0,1.0,1.0,1.0,1.0,1.0,1.0]
10746,[14,501,1237,1948,4766,6382,10082,10222,10690],[1.0,1.0,1.0,1.0,1.0,1.0,1.0,1.0,1.0]
10746,[1150,2472,2530,3651,4084,9524,9708],[1.0,1.0,1.0,1.0,1.0,1.0,1.0]
10746,[517,869,1237,2530,3473,3495,5983,7515,9528],[1.0,1.0,1.0,1.0,1.0,1.0,1.0,1.0,1.0]
10746,[1225,1237,1706,2492,4191,5639,8114,10327],[1.0,1.0,1.0,1.0,1.0,1.0,1.0,1.0]
10746,[1237,1512,3437,4586,6299,7146,8313],[1.0,1.0,1.0,1.0,1.0,1.0,1.0]
10746,[902,2530,2664,3545,4332,5983,8506,9555],[1.0,1.0,1.0,1.0,1.0,1.0,1.0,1.0]
10746,[109,436,1255,5022,6706,7084,7195,9403,9989],[1.0,1.0,1.0,1.0,1.0,1.0,1.0,1.0,1.0]
10746,[1144,1237,2708,6169,7524,9534],[1.0,1.0,1.0,1.0,1.0,1.0]
10746,[230,463,7718,8041,9851],[1.0,1.0,1.0,1.0,1.0]
10746,[2530,6395,8595,9851,9943],[1.0,1.0,1.0,1.0,1.0]
10746,[191,1155,5466,6819,9056,9851,9989],[1.0,1.0,1.0,1.0,1.0,1.0,1.0]
10746,[91,1237,3651,4424,4576,4649,4848,6298,7247],[1.0,1.0,1.0,1.0,1.0,1.0,1.0,1.0,1.0]
10746,[4576,5102,5763,6229,9851,10530,10621],[1.0,1.0,1.0,1.0,1.0,1.0,1.0]
10746,[1545,1920,2618,3257,4031,5424,7390,8421,9851],[1.0,1.0,1.0,1.0,1.0,1.0,1.0,1.0,1.0]
10746,[956,3355,4217,4576,7033,8114,9183,9315],[1.0,1.0,1.0,1.0,1.0,1.0,1.0,1.0]
10746,[1908,2182,4424,4576,4649,6172,6341,9273,10433],[1.0,1.0,1.0,1.0,1.0,1.0,1.0,1.0,1.0]
10746,[770,1054,2237,4595,6080,7898,8635,9273,9523],[1.0,1.0,1.0,1.0,1.0,1.0,1.0,1.0,1.0]
10746,[1548,2366,3514,4344,5102,5633,7045,9568,10522],[1.0,1.0,1.0,1.0,1.0,1.0,1.0,1.0,1.0]
10746,[4576,4650,5102,5205,6394,10056,10222],[1.0,1.0,1.0,1.0,1.0,1.0,1.0]
10746,[631,1275,1299,2781,3089,5181,6394,8710,9298],[1.0,1.0,1.0,1.0,1.0,1.0,1.0,1.0,1.0]
10746,[1237,4191,4420,4576,5102,6515,8595,10621],[1.0,1.0,1.0,1.0,1.0,1.0,1.0,1.0]
10746,[4433,5102,6515,7070,8595,8636,9851,10621],[1.0,1.0,1.0,1.0,1.0,1.0,1.0,1.0]
10746,[126,869,896,1237,2366,3545,4576,5102,6085,10222],[1.0,1.0,1.0,1.0,1.0,1.0,1.0,1.0,1.0,1.0]
10746,[902,3494,3651,4622,6085,6544,9185,10557],[1.0,1.0,1.0,1.0,1.0,1.0,1.0,1.0]
10746,[26,3426,3970,5052,5793,6172,6606,10104],[1.0,1.0,1.0,1.0,1.0,1.0,1.0,1.0]
10746,[1275,1638,2427,6544,7465,8114,9614,10203,10621],[1.0,1.0,1.0,1.0,1.0,1.0,1.0,1.0,1.0]
10746,[2605,4611,5104,5592,8595,9851,10617],[1.0,1.0,1.0,1.0,1.0,1.0,1.0]
10746,[13,896,966,1341,2427,4258,4395,7303],[1.0,1.0,1.0,1.0,1.0,1.0,1.0,1.0]
10746,[1237,3585,4066,6271,6845,8280,8595,9851],[1.0,1.0,1.0,1.0,1.0,1.0,1.0,1.0]
10746,[1099,2708,4042,4611,5537,6760,7518,7746,8595],[1.0,1.0,1.0,1.0,1.0,1.0,1.0,1.0,1.0]
10746,[191,5205,6085,9328,9841,9851,10693],[1.0,1.0,1.0,1.0,1.0,1.0,1.0]
10746,[191,705,2068,2708,3545,4042,4322,7518,8473],[1.0,1.0,1.0,1.0,1.0,1.0,1.0,1.0,1.0]
10746,[747,1237,2193,3904,4258,5031,6335,9851],[1.0,1.0,1.0,1.0,1.0,1.0,1.0,1.0]
10746,[14,1036,1237,3651,6471,10445],[1.0,1.0,1.0,1.0,1.0,1.0]
10746,[2088,3651,4318,5885,9420,9816,9851],[1.0,1.0,1.0,1.0,1.0,1.0,1.0]
10746,[1706,2530,2728,8114,8475,9629,9851,9976],[1.0,1.0,1.0,1.0,1.0,1.0,1.0,1.0]
10746,[501,3013,5146,5628,8729,8895,10108,10208,10445],[1.0,1.0,1.0,1.0,1.0,1.0,1.0,1.0,1.0]
10746,[1237,2290,2530,6244,7518,8475,9262,9851],[1.0,1.0,1.0,1.0,1.0,1.0,1.0,1.0]
10746,[144,747,1616,2616,4200,4405,5340,9851],[1.0,1.0,1.0,1.0,1.0,1.0,1.0,1.0]
10746,[991,2618,3089,6033,6335,7506,9816,9831,10617],[1.0,1.0,1.0,1.0,1.0,1.0,1.0,1.0,1.0]
10746,[273,361,2640,4611,6033,8041,9871],[1.0,1.0,1.0,1.0,1.0,1.0,1.0]
10746,[121,2278,2596,3668,5177,5440,6047,7670],[1.0,1.0,1.0,1.0,1.0,1.0,1.0,1.0]
10746,[1237,2068,2278,5146,6212,7637,7649,8582,9912],[1.0,1.0,1.0,1.0,1.0,1.0,1.0,1.0,1.0]
10746,[991,1791,2618,3089,4611,6033,7649,10617],[1.0,1.0,1.0,1.0,1.0,1.0,1.0,1.0]
10746,[3545,4202,4534,6257,8114,8249,9557,9851],[1.0,1.0,1.0,1.0,1.0,1.0,1.0,1.0]
10746,[1049,2511,4650,4804,5580,8249,10018,10536,10621],[1.0,1.0,1.0,1.0,1.0,1.0,1.0,1.0,1.0]
10746,[501,966,2618,3545,4376,5294,7211,8131,9557],[1.0,1.0,1.0,1.0,1.0,1.0,1.0,1.0,1.0]
10746,[869,1234,1706,2329,3473,4145,6229,7494],[1.0,1.0,1.0,1.0,1.0,1.0,1.0,1.0]
10746,[896,1145,3535,5069,7379,7494,9316,9692],[1.0,1.0,1.0,1.0,1.0,1.0,1.0,1.0]
10746,[14,902,991,3473,3651,4932,6701,8595,8716],[1.0,1.0,1.0,1.0,1.0,1.0,1.0,1.0,1.0]
10746,[2211,2596,3727,4217,5189,5858,8041,8613,9238],[1.0,1.0,1.0,1.0,1.0,1.0,1.0,1.0,1.0]
10746,[589,991,1664,2570,2708,4191,4285,6053],[1.0,1.0,1.0,1.0,1.0,1.0,1.0,1.0]
10746,[501,3945,4611,5519,5545,9851,10238,10356],[1.0,1.0,1.0,1.0,1.0,1.0,1.0,1.0]
10746,[204,524,1324,4145,5723,8337,10500,10595],[1.0,1.0,1.0,1.0,1.0,1.0,1.0,1.0]
10746,[2972,3651,4520,5820,7344,8246,8621],[1.0,1.0,1.0,1.0,1.0,1.0,1.0]
10746,[14,501,2162,2240,3722,3962,5820,6511,9557],[1.0,1.0,1.0,1.0,1.0,1.0,1.0,1.0,1.0]
10746,[776,1237,2618,3755,4654,9066,10203,10419],[1.0,1.0,1.0,1.0,1.0,1.0,1.0,1.0]
10746,[51,2751,3257,3545,5150,5328,6257,9557,9851,10536],[1.0,1.0,1.0,1.0,1.0,1.0,1.0,1.0,1.0,1.0]
10746,[902,4042,4191,4650,5154,6257,8836,9557,10621],[1.0,1.0,1.0,1.0,1.0,1.0,1.0,1.0,1.0]
10746,[705,902,2627,2916,3651,7045,7826,8558,9528],[1.0,1.0,1.0,1.0,1.0,1.0,1.0,1.0,1.0]
10746,[1621,1706,2493,3651,6716,9851,10680],[1.0,1.0,1.0,1.0,1.0,1.0,1.0]
10746,[844,956,2068,3426,3433,3824,8463,9528,9851],[1.0,1.0,1.0,1.0,1.0,1.0,1.0,1.0,1.0]
10746,[896,2088,4649,5763,6257,6819,7074,10433],[1.0,1.0,1.0,1.0,1.0,1.0,1.0,1.0]
10746,[1324,3426,3741,4145,5940,7074,9298,9316],[1.0,1.0,1.0,1.0,1.0,1.0,1.0,1.0]
10746,[13,698,4145,4534,5213,5763,8576],[1.0,1.0,1.0,1.0,1.0,1.0,1.0]
10746,[1237,2114,2596,4066,5375,5763,5985,10433],[1.0,1.0,1.0,1.0,1.0,1.0,1.0,1.0]
10746,[5023,5146,6368,7074,8394,8524,9273,10316],[1.0,1.0,1.0,1.0,1.0,1.0,1.0,1.0]
10746,[2623,3257,3545,3824,4191,7074,9708,9724,10617],[1.0,1.0,1.0,1.0,1.0,1.0,1.0,1.0,1.0]
10746,[637,1708,2618,7074,7440,7923,8114,8586],[1.0,1.0,1.0,1.0,1.0,1.0,1.0,1.0]
10746,[1376,4373,4534,4589,4671,5710,5885,6547,7074],[1.0,1.0,1.0,1.0,1.0,1.0,1.0,1.0,1.0]
10746,[2447,2530,4934,5604,5710,5836,7506],[1.0,1.0,1.0,1.0,1.0,1.0,1.0]
10746,[26,896,2143,3886,6033,9270,10068],[1.0,1.0,1.0,1.0,1.0,1.0,1.0]
10746,[902,1617,2530,2986,5752,6898,7516,9270,9555,10621],[1.0,1.0,1.0,1.0,1.0,1.0,1.0,1.0,1.0,1.0]
10746,[2596,2916,2986,4649,5710,7384,7506,9289,10617],[1.0,1.0,1.0,1.0,1.0,1.0,1.0,1.0,1.0]
10746,[463,3290,3545,4331,5328,8114,9030,9270,10056],[1.0,1.0,1.0,1.0,1.0,1.0,1.0,1.0,1.0]
10746,[741,878,4611,5710,6035],[1.0,1.0,1.0,1.0,1.0]
10746,[1340,2199,2919,3257,3327,5142,7074,7484,8673],[1.0,1.0,1.0,1.0,1.0,1.0,1.0,1.0,1.0]
10746,[361,2616,3268,6033,6603,8114,10222,10438,10617],[1.0,1.0,1.0,1.0,1.0,1.0,1.0,1.0,1.0]
10746,[1098,2123,2290,2455,2530,5142,7649,9249],[1.0,1.0,1.0,1.0,1.0,1.0,1.0,1.0]
10746,[355,501,1706,2123,6033,6796,9427],[1.0,1.0,1.0,1.0,1.0,1.0,1.0]
10746,[365,2238,3740,4611,8032,9632,9883,9912],[1.0,1.0,1.0,1.0,1.0,1.0,1.0,1.0]
10746,[360,1211,2429,5885,6802,7228,7594,8475],[1.0,1.0,1.0,1.0,1.0,1.0,1.0,1.0]
10746,[282,2616,3268,6335,6650,7637,10222,10419,10438],[1.0,1.0,1.0,1.0,1.0,1.0,1.0,1.0,1.0]
10746,[1098,2290,5226,7390,8114,8630,9851],[1.0,1.0,1.0,1.0,1.0,1.0,1.0]
10746,[2455,4947,5885,6524,7637,7670,8032,9262,10419],[1.0,1.0,1.0,1.0,1.0,1.0,1.0,1.0,1.0]
10746,[1099,1237,1791,2640,4947,5983,7670,9912,9970],[1.0,1.0,1.0,1.0,1.0,1.0,1.0,1.0,1.0]
10746,[121,902,2325,3651,5069,5641,6047,7205,7506],[1.0,1.0,1.0,1.0,1.0,1.0,1.0,1.0,1.0]
10746,[357,372,896,991,1255,5146,9430,10222,10626],[1.0,1.0,1.0,1.0,1.0,1.0,1.0,1.0,1.0]
10746,[612,616,896,3651,4217,4881,7218,8595,9328],[1.0,1.0,1.0,1.0,1.0,1.0,1.0,1.0,1.0]
10746,[956,1237,3651,6080,6295,7081,7518,8123,9547],[1.0,1.0,1.0,1.0,1.0,1.0,1.0,1.0,1.0]
10746,[567,1718,3651,4287,4768,6080,7084,8595,9882,10536],[1.0,1.0,1.0,1.0,1.0,1.0,1.0,1.0,1.0,1.0]
10746,[40,1255,4217,4526,5191,9851,10714],[1.0,1.0,1.0,1.0,1.0,1.0,1.0]
10746,[126,702,902,2455,5820,5983,10419,10536],[1.0,1.0,1.0,1.0,1.0,1.0,1.0,1.0]
10746,[501,902,3426,3734,3741,4217,5191,5883,8614],[1.0,1.0,1.0,1.0,1.0,1.0,1.0,1.0,1.0]
10746,[304,3285,3514,5883,6172,7580,9523,9953,10536],[1.0,1.0,1.0,1.0,1.0,1.0,1.0,1.0,1.0]
10746,[293,956,3342,3651,5641,5820,7415,8114],[1.0,1.0,1.0,1.0,1.0,1.0,1.0,1.0]
10746,[463,637,5142,7532,8280,8558,9480],[1.0,1.0,1.0,1.0,1.0,1.0,1.0]
10746,[2182,2493,4066,5996,8558,9460,9871,10231],[1.0,1.0,1.0,1.0,1.0,1.0,1.0,1.0]
10746,[2713,4332,4650,7400,8558,8729,8824,10327],[1.0,1.0,1.0,1.0,1.0,1.0,1.0,1.0]
10746,[2074,2530,4066,4771,5983,7074,8308,8558],[1.0,1.0,1.0,1.0,1.0,1.0,1.0,1.0]
10746,[1920,2916,3873,5568,6716,8558,10203,10536,10539],[1.0,1.0,1.0,1.0,1.0,1.0,1.0,1.0,1.0]
10746,[754,1706,4405,7017,8394,9726,10056,10621],[1.0,1.0,1.0,1.0,1.0,1.0,1.0,1.0]
10746,[955,972,2472,2530,6655,9364,10433],[1.0,1.0,1.0,1.0,1.0,1.0,1.0]
10746,[902,2123,2530,2916,4331,10222,10433,10580],[1.0,1.0,1.0,1.0,1.0,1.0,1.0,1.0]
10746,[14,191,365,896,3547,5146,6074,9883],[1.0,1.0,1.0,1.0,1.0,1.0,1.0,1.0]
10746,[1237,3651,4217,5200,5985,7338,8582,8595],[1.0,1.0,1.0,1.0,1.0,1.0,1.0,1.0]
10746,[754,991,1275,2618,5985,7017,9726,9831],[1.0,1.0,1.0,1.0,1.0,1.0,1.0,1.0]
10746,[501,972,2493,4191,4225,4311,6080,6172,9726,10024],[1.0,1.0,1.0,1.0,1.0,1.0,1.0,1.0,1.0,1.0]
10746,[956,2206,3741,4405,5739,8114,8530,9552,10024,10627],[1.0,1.0,1.0,1.0,1.0,1.0,1.0,1.0,1.0,1.0]
10746,[289,754,1071,3651,4439,5604,7045,8576,9462],[1.0,1.0,1.0,1.0,1.0,1.0,1.0,1.0,1.0]
10746,[1662,1983,2618,4245,5181,6216,9552,9734,10582],[1.0,1.0,1.0,1.0,1.0,1.0,1.0,1.0,1.0]
10746,[1141,5146,5564,6047,9460,10391,10536],[1.0,1.0,1.0,1.0,1.0,1.0,1.0]
10746,[1141,3089,5181,7084,8227,10222,10244,10536],[1.0,1.0,1.0,1.0,1.0,1.0,1.0,1.0]
10746,[3586,3722,4361,5443,5938,7244,8530,9875],[1.0,1.0,1.0,1.0,1.0,1.0,1.0,1.0]
10746,[506,1255,4534,4948,5181,6080,7225,7643,7849,8576],[1.0,1.0,1.0,1.0,1.0,1.0,1.0,1.0,1.0,1.0]
10746,[1237,1633,4191,4361,4516,5985,7244,8400,8558,8626],[1.0,1.0,1.0,1.0,1.0,1.0,1.0,1.0,1.0,1.0]
10746,[2618,3722,4191,4361,5181,6035,6358,6541,6578,8259],[1.0,1.0,1.0,1.0,1.0,1.0,1.0,1.0,1.0,1.0]
10746,[2806,3082,5730,6424,6618,6749,6985,8649,9557],[1.0,1.0,1.0,1.0,1.0,1.0,1.0,1.0,1.0]
10746,[869,1052,2561,2916,4191,9557,9851,10082],[1.0,1.0,1.0,1.0,1.0,1.0,1.0,1.0]
10746,[501,956,2256,2618,3426,4361,6578,7252,7922],[1.0,1.0,1.0,1.0,1.0,1.0,1.0,1.0,1.0]
10746,[902,1255,2739,4361,5348,5983,5985,6023,10595],[1.0,1.0,1.0,1.0,1.0,1.0,1.0,1.0,1.0]
10746,[660,1633,3259,4611,5628,6394,10350,10536],[1.0,1.0,1.0,1.0,1.0,1.0,1.0,1.0]
10746,[2455,4217,4611,5628,6394,8595,8729,9002,10419,10433],[1.0,1.0,1.0,1.0,1.0,1.0,1.0,1.0,1.0,1.0]
10746,[3426,4217,5540,8227,10350,10433,10536],[1.0,1.0,1.0,1.0,1.0,1.0,1.0]
10746,[3373,6281,7105,7144,7338,8481,9528,10621],[1.0,1.0,1.0,1.0,1.0,1.0,1.0,1.0]
10746,[121,902,1237,3651,4948,6281,7297,7338],[1.0,1.0,1.0,1.0,1.0,1.0,1.0,1.0]
10746,[296,2708,3192,3545,4948,5181,6335,7502,8903],[1.0,1.0,1.0,1.0,1.0,1.0,1.0,1.0,1.0]
10746,[902,2455,4191,6125,6547,6901,8558,8582,10419],[1.0,1.0,1.0,1.0,1.0,1.0,1.0,1.0,1.0]
10746,[567,3668,4097,7548,7654,8903,9030,9270,9912],[1.0,1.0,1.0,1.0,1.0,1.0,1.0,1.0,1.0]
10746,[126,3209,4191,4576,4650,5102,10621],[1.0,1.0,1.0,1.0,1.0,1.0,1.0]
10746,[2912,3426,4042,4066,4576,7390,9270,9528],[1.0,1.0,1.0,1.0,1.0,1.0,1.0,1.0]
10746,[2493,2771,2916,4191,5628,6917,7285],[1.0,1.0,1.0,1.0,1.0,1.0,1.0]
10746,[1315,1990,3545,4597,4611,5142,8280],[1.0,1.0,1.0,1.0,1.0,1.0,1.0]
10746,[4888,5142,5628,7718,8280,8630,8938],[1.0,1.0,1.0,1.0,1.0,1.0,1.0]
10746,[567,2708,3545,3886,4611,5592,6335,8589,8595],[1.0,1.0,1.0,1.0,1.0,1.0,1.0,1.0,1.0]
10746,[1706,2805,4066,5639,6033,7003,9528,10617],[1.0,1.0,1.0,1.0,1.0,1.0,1.0,1.0]
10746,[869,1242,1673,3089,4722,5651,10463],[1.0,1.0,1.0,1.0,1.0,1.0,1.0]
10746,[13,1684,4682,5902,6362,6915,9868],[1.0,1.0,1.0,1.0,1.0,1.0,1.0]
10746,[1538,1830,4405,5373,6371,9868,10412],[1.0,1.0,1.0,1.0,1.0,1.0,1.0]
