10746,[2200,3277,4440,5090,5845,8635,9491,9996],[1.0,1.0,1.0,1.0,1.0,1.0,1.0,1.0]
10746,[213,1237,2200,2518,3277,4778,9996,10152,10360],[1.0,1.0,1.0,1.0,1.0,1.0,1.0,1.0,1.0]
10746,[39,3844,5358,6753,9491,10463],[1.0,1.0,1.0,1.0,1.0,1.0]
10746,[936,2200,3277,5090,5845,6131,9491,9996,10201],[1.0,1.0,1.0,1.0,1.0,1.0,1.0,1.0,1.0]
10746,[822,936,3075,4191,4272,4424,5142,5641,9851],[1.0,1.0,1.0,1.0,1.0,1.0,1.0,1.0,1.0]
10746,[4159,4191,5063,5142,6311,6442,7506,9851,10680],[1.0,1.0,1.0,1.0,1.0,1.0,1.0,1.0,1.0]
10746,[4332,5142,6442,7282,9351,9385,9851,10617],[1.0,1.0,1.0,1.0,1.0,1.0,1.0,1.0]
10746,[5142,6442,7506,7852,7877,9270,10617],[1.0,1.0,1.0,1.0,1.0,1.0,1.0]
10746,[3442,3669,5142,6442,7112,7282,9351,9385],[1.0,1.0,1.0,1.0,1.0,1.0,1.0,1.0]
10746,[902,4332,5022,5142,8898,9877,10082],[1.0,1.0,1.0,1.0,1.0,1.0,1.0]
10746,[637,3426,4191,6650,7036,7548,8638,8842,9289],[1.0,1.0,1.0,1.0,1.0,1.0,1.0,1.0,1.0]
10746,[1099,1535,1626,3592,3613,4223,4650,5790,7202,10522],[1.0,1.0,1.0,1.0,1.0,1.0,1.0,1.0,1.0,1.0]
10746,[365,589,2406,3440,4272,6125,10099],[1.0,1.0,1.0,1.0,1.0,1.0,1.0]
10746,[1255,2406,4332,6125,6650,8343,8917],[1.0,1.0,1.0,1.0,1.0,1.0,1.0]
10746,[869,7202,8227,9364,9465,9499,9523,9972],[1.0,1.0,1.0,1.0,1.0,1.0,1.0,1.0]
10746,[285,3440,4405,6125,8061,8822,9523,9972,10621],[1.0,1.0,1.0,1.0,1.0,1.0,1.0,1.0,1.0]
10746,[5845,7406],[1.0,1.0]
