10746,[845,3295,4440,7722,8407,9496,9878],[1.0,1.0,1.0,1.0,1.0,1.0,1.0]
10746,[1652,3295,4864,5820,6634,7937,9377,10360],[1.0,1.0,1.0,1.0,1.0,1.0,1.0,1.0]
10746,[1398,2518,4778,4864,4954,7722,8407,9769,10152],[1.0,1.0,1.0,1.0,1.0,1.0,1.0,1.0,1.0]
10746,[167,213,617,3974,5293,6352,9117,10463],[1.0,1.0,1.0,1.0,1.0,1.0,1.0,1.0]
10746,[936,1400,1853,3450,3608,7814,9305,9491],[1.0,1.0,1.0,1.0,1.0,1.0,1.0,1.0]
10746,[164,4344,6115,6524,7814,9262,9270,10098],[1.0,1.0,1.0,1.0,1.0,1.0,1.0,1.0]
10746,[164,2792,6115,6299,9262,9270,9976,10098],[1.0,1.0,1.0,1.0,1.0,1.0,1.0,1.0]
10746,[273,1706,3257,4552,6335,6524,6723,8199],[1.0,1.0,1.0,1.0,1.0,1.0,1.0,1.0]
10746,[217,4344,7814,8904,9289,9835,9976],[1.0,1.0,1.0,1.0,1.0,1.0,1.0]
10746,[365,1284,6271,6524,7218,7927,9835,9883],[1.0,1.0,1.0,1.0,1.0,1.0,1.0,1.0]
10746,[1107,1218,3295,4864,6730,7722,10247],[1.0,1.0,1.0,1.0,1.0,1.0,1.0]
10746,[1652,4864,7989],[1.0,1.0,1.0]
