10746,[11,3501,4440,5118,5767,7829,8700,9632],[1.0,1.0,1.0,1.0,1.0,1.0,1.0,1.0]
10746,[1304,1652,2493,3501,3979,4961,7506,9025,9973,10360],[1.0,1.0,1.0,1.0,1.0,1.0,1.0,1.0,1.0,1.0]
10746,[213,3562,4220,9532,9825,10166],[1.0,1.0,1.0,1.0,1.0,1.0]
10746,[159,936,4258,5542,8442,9298,10166,10621],[1.0,1.0,1.0,1.0,1.0,1.0,1.0,1.0]
10746,[936,4332,4405,7674,8673,8842,9121,9229],[1.0,1.0,1.0,1.0,1.0,1.0,1.0,1.0]
10746,[705,2386,4405,5542,5626,9273,9420,10327],[1.0,1.0,1.0,1.0,1.0,1.0,1.0,1.0]
10746,[3776,3816,4632,8070,8740,8959,9290,9903],[1.0,1.0,1.0,1.0,1.0,1.0,1.0,1.0]
10746,[356,1275,2126,3776,5885,6229,7074,9290],[1.0,1.0,1.0,1.0,1.0,1.0,1.0,1.0]
10746,[209,1442,4080,5767,6457,6603,9273,10630],[1.0,1.0,1.0,1.0,1.0,1.0,1.0,1.0]
10746,[353,838,1005,1700,4632,5767,7643],[1.0,1.0,1.0,1.0,1.0,1.0,1.0]
10746,[956,1960,2123,2442,5645,8582,8621,9298],[1.0,1.0,1.0,1.0,1.0,1.0,1.0,1.0]
10746,[507,902,2201,5181,7297,10544],[1.0,1.0,1.0,1.0,1.0,1.0]
10746,[1525,3268,4534,5547,6229,6335,8630,10621],[1.0,1.0,1.0,1.0,1.0,1.0,1.0,1.0]
10746,[420,507,593,1310,2904,5767,6341,10139],[1.0,1.0,1.0,1.0,1.0,1.0,1.0,1.0]
10746,[1700,3627,4258,4407,5767,6167,8621,10203],[1.0,1.0,1.0,1.0,1.0,1.0,1.0,1.0]
10746,[170,252,365,902,7502,7671,8114,8582],[1.0,1.0,1.0,1.0,1.0,1.0,1.0,1.0]
10746,[386,2285,2799,8041,8442,9000,9121,10621],[1.0,1.0,1.0,1.0,1.0,1.0,1.0,1.0]
10746,[159,6958,8041,8442,8635,8673,9121,10530],[1.0,1.0,1.0,1.0,1.0,1.0,1.0,1.0]
10746,[125,838,1673,3092,3816,4405,5295,9273,10308],[1.0,1.0,1.0,1.0,1.0,1.0,1.0,1.0,1.0]
10746,[1990,3776,4268,6172,7502,7843,9290,9420],[1.0,1.0,1.0,1.0,1.0,1.0,1.0,1.0]
10746,[1411,4191,4205,5181,6371,6819,8174,9595,9851,10082],[1.0,1.0,1.0,1.0,1.0,1.0,1.0,1.0,1.0,1.0]
10746,[420,2355,4191,4534,4721,5767,6810,8372,9632],[1.0,1.0,1.0,1.0,1.0,1.0,1.0,1.0,1.0]
10746,[1964,4202,7813,9320,9632,10445],[1.0,1.0,1.0,1.0,1.0,1.0]
10746,[3555,5255,6274,6497,7643,8492,10144],[1.0,1.0,1.0,1.0,1.0,1.0,1.0]
10746,[3155,3562,5767,8549,8582,8842,9143,9665],[1.0,1.0,1.0,1.0,1.0,1.0,1.0,1.0]
10746,[1211,1706,1910,1965,5767,5820,8549,9085],[1.0,1.0,1.0,1.0,1.0,1.0,1.0,1.0]
10746,[85,2644,2728,4191,4534,5181,6335,7665,8442],[1.0,1.0,1.0,1.0,1.0,1.0,1.0,1.0,1.0]
10746,[1255,6002,6229,6650,8635,8764,8895,9373,9420,10222],[1.0,1.0,1.0,1.0,1.0,1.0,1.0,1.0,1.0,1.0]
10746,[1673,2493,4534,7480,8442,8893,10463,10742],[1.0,1.0,1.0,1.0,1.0,1.0,1.0,1.0]
10746,[1454,3586,3882,4405,6668,8635,9273,10207],[1.0,1.0,1.0,1.0,1.0,1.0,1.0,1.0]
10746,[838,1076,1310,3930,4586,7382,7390,8673,8922,9273],[1.0,1.0,1.0,1.0,1.0,1.0,1.0,1.0,1.0,1.0]
10746,[337,1155,3965,5505,9903,10714],[1.0,1.0,1.0,1.0,1.0,1.0]
10746,[1673,2425,3092,3776,3816,6515,9290,10308,10683],[1.0,1.0,1.0,1.0,1.0,1.0,1.0,1.0,1.0]
10746,[463,2596,7606,7843,8052,8114,9379,10621],[1.0,1.0,1.0,1.0,1.0,1.0,1.0,1.0]
10746,[365,1738,2240,5641,8070,9420],[1.0,1.0,1.0,1.0,1.0,1.0]
10746,[2185,2331,4671,5547,9632,10082,10288],[1.0,1.0,1.0,1.0,1.0,1.0,1.0]
10746,[588,838,3741,3868,5150,7415,8574,9632],[1.0,1.0,1.0,1.0,1.0,1.0,1.0,1.0]
10746,[4945,6368,6676,8476,9000,9337,9973],[1.0,1.0,1.0,1.0,1.0,1.0,1.0]
10746,[567,918,5181,5328,8917,9337,10114,10433],[1.0,1.0,1.0,1.0,1.0,1.0,1.0,1.0]
10746,[2976,5181,5182,5596,6042,8842,9273,9379],[1.0,1.0,1.0,1.0,1.0,1.0,1.0,1.0]
10746,[956,2206,2375,2493,4332,9014,9030,9973],[1.0,1.0,1.0,1.0,1.0,1.0,1.0,1.0]
10746,[2201,3359,5767,6668,6686,8761],[1.0,1.0,1.0,1.0,1.0,1.0]
10746,[252,588,838,1700,3082,4191,5547,8761,9289],[1.0,1.0,1.0,1.0,1.0,1.0,1.0,1.0,1.0]
10746,[838,1441,2070,4205,7415,7421,8761,9292,10115],[1.0,1.0,1.0,1.0,1.0,1.0,1.0,1.0,1.0]
10746,[918,1493,2483,2509,5767,9632,10142],[1.0,1.0,1.0,1.0,1.0,1.0,1.0]
10746,[1288,3550,4755,5181,5547,5628,6047,8041,8842],[1.0,1.0,1.0,1.0,1.0,1.0,1.0,1.0,1.0]
10746,[3133,3651,4520,5628,6394,9480,9595,10621],[1.0,1.0,1.0,1.0,1.0,1.0,1.0,1.0]
10746,[1791,4405,4534,4998,5547,7509,7630,8114,10082],[1.0,1.0,1.0,1.0,1.0,1.0,1.0,1.0,1.0]
10746,[2201,2618,4405,4521,5628,5927,6274,10547],[1.0,1.0,1.0,1.0,1.0,1.0,1.0,1.0]
10746,[769,2916,3592,5737,7828,7987,8114,9270],[1.0,1.0,1.0,1.0,1.0,1.0,1.0,1.0]
10746,[252,1255,3319,6603,7649,7718,8274,9851],[1.0,1.0,1.0,1.0,1.0,1.0,1.0,1.0]
10746,[822,2201,2530,3965,4438,6229,7890],[1.0,1.0,1.0,1.0,1.0,1.0,1.0]
10746,[4223,5547,6444,6596,8073,8775],[1.0,1.0,1.0,1.0,1.0,1.0]
10746,[822,2011,2039,2618,4223,8898,10362],[1.0,1.0,1.0,1.0,1.0,1.0,1.0]
10746,[143,822,3850,7325,8073,8842,9040,9270,10714],[1.0,1.0,1.0,1.0,1.0,1.0,1.0,1.0,1.0]
10746,[2070,5542,5985,6229,8171,10115,10203,10433],[1.0,1.0,1.0,1.0,1.0,1.0,1.0,1.0]
10746,[1481,1948,1963,3547,3842,4191,5281],[1.0,1.0,1.0,1.0,1.0,1.0,1.0]
10746,[2285,2518,4440,5604,7813,9841,10362],[1.0,1.0,1.0,1.0,1.0,1.0,1.0]
10746,[838,4344,6673,7382,7926,8842],[1.0,1.0,1.0,1.0,1.0,1.0]
10746,[14,2708,3545,4434,4848,7501,7649,8109,9571],[1.0,1.0,1.0,1.0,1.0,1.0,1.0,1.0,1.0]
10746,[838,1005,1613,2916,5628,7501,10362],[1.0,1.0,1.0,1.0,1.0,1.0,1.0]
10746,[838,3547,4879,7944,8755,9270,10222,10536],[1.0,1.0,1.0,1.0,1.0,1.0,1.0,1.0]
10746,[1155,2840,4121,4891,6341,9289],[1.0,1.0,1.0,1.0,1.0,1.0]
10746,[838,2185,3265,5117,6540,7217,9270,10362,10463],[1.0,1.0,1.0,1.0,1.0,1.0,1.0,1.0,1.0]
10746,[217,2285,2518,2916,5547,5604,5767,7002,8699],[1.0,1.0,1.0,1.0,1.0,1.0,1.0,1.0,1.0]
10746,[1951,3965,4848,5181,5661,6938,9000,9165,10463],[1.0,1.0,1.0,1.0,1.0,1.0,1.0,1.0,1.0]
10746,[507,1127,4589,7913,9011,9494,10002],[1.0,1.0,1.0,1.0,1.0,1.0,1.0]
10746,[51,143,3688,5985,7423,8398,9799],[1.0,1.0,1.0,1.0,1.0,1.0,1.0]
10746,[2140,2812,7480,9799,10248],[1.0,1.0,1.0,1.0,1.0]
10746,[463,3545,4217,4611,6167,9494,9851,10002],[1.0,1.0,1.0,1.0,1.0,1.0,1.0,1.0]
10746,[252,2123,3109,4888,4921,8409,10595],[1.0,1.0,1.0,1.0,1.0,1.0,1.0]
10746,[838,2618,3426,4319,4921,8073,8761,9494],[1.0,1.0,1.0,1.0,1.0,1.0,1.0,1.0]
10746,[2182,3070,4258,5181,5983,6822,7610,9534],[1.0,1.0,1.0,1.0,1.0,1.0,1.0,1.0]
10746,[758,3868,3968,6167,9494,10259],[1.0,1.0,1.0,1.0,1.0,1.0]
10746,[356,465,1291,2123,3325,5052,9196,9289],[1.0,1.0,1.0,1.0,1.0,1.0,1.0,1.0]
10746,[465,838,4118,4217,4888,5052,6167,10617],[1.0,1.0,1.0,1.0,1.0,1.0,1.0,1.0]
10746,[108,143,1099,2493,5983,6229,7502],[1.0,1.0,1.0,1.0,1.0,1.0,1.0]
10746,[2201,5893,6229,7649,7769,8476,9523],[1.0,1.0,1.0,1.0,1.0,1.0,1.0]
10746,[606,1099,1543,2483,4382,8690,9851,10082],[1.0,1.0,1.0,1.0,1.0,1.0,1.0,1.0]
10746,[2374,4681,5939,7105,7316,8904,9307,9480,10445],[1.0,1.0,1.0,1.0,1.0,1.0,1.0,1.0,1.0]
10746,[13,1255,2132,2621,3867,9678],[1.0,1.0,1.0,1.0,1.0,1.0]
10746,[217,1255,1354,4071,5641,7548,10609],[1.0,1.0,1.0,1.0,1.0,1.0,1.0]
10746,[356,879,1535,6596,7515,7561,8621,8775,10222],[1.0,1.0,1.0,1.0,1.0,1.0,1.0,1.0,1.0]
10746,[356,608,3520,5820,7822,8621,9851,10082,10099],[1.0,1.0,1.0,1.0,1.0,1.0,1.0,1.0,1.0]
10746,[3094,4051,4382,6845,7198,7480,7548,8729,9691],[1.0,1.0,1.0,1.0,1.0,1.0,1.0,1.0,1.0]
10746,[838,2201,3867,4534,7813,7843,9192,9453],[1.0,1.0,1.0,1.0,1.0,1.0,1.0,1.0]
10746,[1377,4051,5662,6431,8114,8497,8729],[1.0,1.0,1.0,1.0,1.0,1.0,1.0]
10746,[838,4051,4154,5933,5972,7351,9270,9595],[1.0,1.0,1.0,1.0,1.0,1.0,1.0,1.0]
10746,[3165,3892,3965,4217,6976,7552,8419,8992],[1.0,1.0,1.0,1.0,1.0,1.0,1.0,1.0]
10746,[463,567,1310,2618,2812,3892,4051,6554,8337],[1.0,1.0,1.0,1.0,1.0,1.0,1.0,1.0,1.0]
10746,[55,838,2123,2126,4611,6976,7530],[1.0,1.0,1.0,1.0,1.0,1.0,1.0]
10746,[1920,2123,5391,6976],[1.0,1.0,1.0,1.0]
10746,[838,2123,4589,4888,5172,5737],[1.0,1.0,1.0,1.0,1.0,1.0]
10746,[699,902,956,1817,3165,5181,8114,8761],[1.0,1.0,1.0,1.0,1.0,1.0,1.0,1.0]
10746,[838,3623,3741,8343,9331,10082,10714],[1.0,1.0,1.0,1.0,1.0,1.0,1.0]
10746,[3075,3249,4623,4857,5639,6863,7649,8375],[1.0,1.0,1.0,1.0,1.0,1.0,1.0,1.0]
10746,[356,5793,7586,8359,8621,10374],[1.0,1.0,1.0,1.0,1.0,1.0]
10746,[224,2916,4110,4534,5820,6378,8842,10080],[1.0,1.0,1.0,1.0,1.0,1.0,1.0,1.0]
10746,[838,4611,5443,7913,8875,9270],[1.0,1.0,1.0,1.0,1.0,1.0]
10746,[4393,5542,6341,6976,8559,8842,9534],[1.0,1.0,1.0,1.0,1.0,1.0,1.0]
10746,[1634,2140,2182,3783,6229,6533,9270],[1.0,1.0,1.0,1.0,1.0,1.0,1.0]
10746,[838,1315,2919,3997,10327,10374],[1.0,1.0,1.0,1.0,1.0,1.0]
10746,[1054,1310,3098,5820,7649,8073,9632,9939],[1.0,1.0,1.0,1.0,1.0,1.0,1.0,1.0]
10746,[1054,1310,1591,5820,6159,8123,9632],[1.0,1.0,1.0,1.0,1.0,1.0,1.0]
10746,[463,838,2182,4848,7382,10374,10401],[1.0,1.0,1.0,1.0,1.0,1.0,1.0]
10746,[777,838,1054,1920,2351,3627,8005,9270],[1.0,1.0,1.0,1.0,1.0,1.0,1.0,1.0]
10746,[902,956,3106,5142,8875,10135],[1.0,1.0,1.0,1.0,1.0,1.0]
10746,[252,2201,3627,8005,8114,8903],[1.0,1.0,1.0,1.0,1.0,1.0]
10746,[252,662,2201,3627,5542,5641,8903,9270],[1.0,1.0,1.0,1.0,1.0,1.0,1.0,1.0]
10746,[838,3089,3509,4042,9270,9460,10206,10362],[1.0,1.0,1.0,1.0,1.0,1.0,1.0,1.0]
10746,[2992,4028,5207,5978,6229,7218],[1.0,1.0,1.0,1.0,1.0,1.0]
10746,[252,2375,8690,8903,9270,9494],[1.0,1.0,1.0,1.0,1.0,1.0]
10746,[1310,2069,2140,4857,5820,7671,9632,10615],[1.0,1.0,1.0,1.0,1.0,1.0,1.0,1.0]
10746,[2916,5443,5820,6626,8453,8903,9270,9988,10042],[1.0,1.0,1.0,1.0,1.0,1.0,1.0,1.0,1.0]
10746,[252,1262,3917,5542,9494,10374,10591],[1.0,1.0,1.0,1.0,1.0,1.0,1.0]
10746,[2140,4407,7382,7843,10158],[1.0,1.0,1.0,1.0,1.0]
10746,[766,3075,4735,4948,5181,5443,9015,9270],[1.0,1.0,1.0,1.0,1.0,1.0,1.0,1.0]
10746,[1054,4382,5031,7084],[1.0,1.0,1.0,1.0]
10746,[838,3586,5429,5985,7746,8041,8554,9270],[1.0,1.0,1.0,1.0,1.0,1.0,1.0,1.0]
10746,[1054,1621,6042,7382,9270,9903,10374],[1.0,1.0,1.0,1.0,1.0,1.0,1.0]
10746,[661,896,1634,3545,4042,6564,7045,7515],[1.0,1.0,1.0,1.0,1.0,1.0,1.0,1.0]
10746,[252,343,1557,1639,1706,4336,6229],[1.0,1.0,1.0,1.0,1.0,1.0,1.0]
10746,[5542,5651,6720,7923,9270,9328,9379,10617],[1.0,1.0,1.0,1.0,1.0,1.0,1.0,1.0]
10746,[705,4205,5294,6799,7671,8145,9595,9874],[1.0,1.0,1.0,1.0,1.0,1.0,1.0,1.0]
10746,[662,3018,4332,5542,6626,9270,10130,10445],[1.0,1.0,1.0,1.0,1.0,1.0,1.0,1.0]
10746,[838,1054,1139,1310,2493,3018,8114,8582],[1.0,1.0,1.0,1.0,1.0,1.0,1.0,1.0]
10746,[252,1255,4225,4405,4516,6229,8041,9776,9988,10272],[1.0,1.0,1.0,1.0,1.0,1.0,1.0,1.0,1.0,1.0]
10746,[463,662,1054,3965,5542,6626,9270,10670],[1.0,1.0,1.0,1.0,1.0,1.0,1.0,1.0]
10746,[172,463,2916,6877,8701,9270],[1.0,1.0,1.0,1.0,1.0,1.0]
10746,[838,1784,2238,3780,6229,7325,10617],[1.0,1.0,1.0,1.0,1.0,1.0,1.0]
10746,[2238,4191,4405,4410,4632,4998,5079,7423],[1.0,1.0,1.0,1.0,1.0,1.0,1.0,1.0]
10746,[838,2708,2919,4405,4434,8109,10203,10419],[1.0,1.0,1.0,1.0,1.0,1.0,1.0,1.0]
10746,[11,3501,5118,7829,8700],[1.0,1.0,1.0,1.0,1.0]
