10746,[1310,1870,2845,3788,4440,4686,7011,9491],[1.0,1.0,1.0,1.0,1.0,1.0,1.0,1.0]
10746,[213,1296,1431,3579,5241,6255,9644,10135,10360],[1.0,1.0,1.0,1.0,1.0,1.0,1.0,1.0,1.0]
10746,[463,966,2618,3713,7720,8114,8630,9433,9460],[1.0,1.0,1.0,1.0,1.0,1.0,1.0,1.0,1.0]
10746,[13,501,533,3835,4205,4225,4534],[1.0,1.0,1.0,1.0,1.0,1.0,1.0]
10746,[3513,3824,5642,7583,7843,9340],[1.0,1.0,1.0,1.0,1.0,1.0]
10746,[60,252,567,2890,3545,6403,9724,9768,9851],[1.0,1.0,1.0,1.0,1.0,1.0,1.0,1.0,1.0]
10746,[567,1755,3434,4804,8280,8398,9724,9851],[1.0,1.0,1.0,1.0,1.0,1.0,1.0,1.0]
10746,[436,1792,2781,3545,4066,4264,6335,10068],[1.0,1.0,1.0,1.0,1.0,1.0,1.0,1.0]
10746,[501,1965,2702,7960,8005,8922,9464,10497,10536],[1.0,1.0,1.0,1.0,1.0,1.0,1.0,1.0,1.0]
10746,[844,956,2916,3545,4126,7457,10680],[1.0,1.0,1.0,1.0,1.0,1.0,1.0]
10746,[2182,5142,5209,6021,8114,9387,9407,10497],[1.0,1.0,1.0,1.0,1.0,1.0,1.0,1.0]
10746,[956,1965,2407,3669,4671,8902,10135,10329,10536],[1.0,1.0,1.0,1.0,1.0,1.0,1.0,1.0,1.0]
10746,[515,2781,3699,4113,8004,8762,9298],[1.0,1.0,1.0,1.0,1.0,1.0,1.0]
10746,[3426,6395,7826,9756,10329,10539,10679],[1.0,1.0,1.0,1.0,1.0,1.0,1.0]
10746,[1870,2407,2618,2845,3788,4622,6255,7011,8092,9491],[1.0,1.0,1.0,1.0,1.0,1.0,1.0,1.0,1.0,1.0]
10746,[1128,1479,1760,6597,10041],[1.0,1.0,1.0,1.0,1.0]
