10746,[654,806,1310,2455,2518,4440,4778,6626,10152],[1.0,1.0,1.0,1.0,1.0,1.0,1.0,1.0,1.0]
10746,[213,1400,2287,3642,4683,9636,10326,10360,10463],[1.0,1.0,1.0,1.0,1.0,1.0,1.0,1.0,1.0]
10746,[513,1041,3864,5985,9000,9438,10326],[1.0,1.0,1.0,1.0,1.0,1.0,1.0]
10746,[902,1310,2711,2913,4225,9632,10025,10433],[1.0,1.0,1.0,1.0,1.0,1.0,1.0,1.0]
10746,[3571,4042,5737,7166,7842,8673,9884],[1.0,1.0,1.0,1.0,1.0,1.0,1.0]
10746,[143,365,2436,4080,4145,6661,8252,10419],[1.0,1.0,1.0,1.0,1.0,1.0,1.0,1.0]
10746,[2799,3426,4084,4863,6335,6656,7079],[1.0,1.0,1.0,1.0,1.0,1.0,1.0]
10746,[990,2452,4066,4405,9474,10379,10695],[1.0,1.0,1.0,1.0,1.0,1.0,1.0]
10746,[365,2079,3679,4885,9474,10105,10379],[1.0,1.0,1.0,1.0,1.0,1.0,1.0]
10746,[966,1673,3528,4881,9374,10617],[1.0,1.0,1.0,1.0,1.0,1.0]
10746,[2708,2913,6404,6953,7105,7316,10223],[1.0,1.0,1.0,1.0,1.0,1.0,1.0]
10746,[1359,4799,5203,9126,9474,9632,10379],[1.0,1.0,1.0,1.0,1.0,1.0,1.0]
10746,[902,1910,3106,4405,5877,8716,9353,9381,10379],[1.0,1.0,1.0,1.0,1.0,1.0,1.0,1.0,1.0]
10746,[902,3651,4071,5628,6603,8113,8582,9474],[1.0,1.0,1.0,1.0,1.0,1.0,1.0,1.0]
10746,[1634,2618,2812,4881,5181,6901,9474,10379],[1.0,1.0,1.0,1.0,1.0,1.0,1.0,1.0]
10746,[2665,4217,6005,7339,7390,7506,8189,9298],[1.0,1.0,1.0,1.0,1.0,1.0,1.0,1.0]
10746,[549,838,1817,4405,9474,10379],[1.0,1.0,1.0,1.0,1.0,1.0]
