10746,[192,1787,2282,3333,4320,4440,6003,8374],[1.0,1.0,1.0,1.0,1.0,1.0,1.0,1.0]
10746,[192,213,256,4320,6829,8669,10360,10463],[1.0,1.0,1.0,1.0,1.0,1.0,1.0,1.0]
10746,[256,548,2220,3006,7019,7800,9000,9072,9491],[1.0,1.0,1.0,1.0,1.0,1.0,1.0,1.0,1.0]
10746,[902,1144,1326,3514,4534,4688,6229,9569,10535],[1.0,1.0,1.0,1.0,1.0,1.0,1.0,1.0,1.0]
10746,[1098,1706,2114,2123,2530,2916,8114,10222],[1.0,1.0,1.0,1.0,1.0,1.0,1.0,1.0]
10746,[2627,3438,3514,4003,5544,8041,9262,10108,10621],[1.0,1.0,1.0,1.0,1.0,1.0,1.0,1.0,1.0]
10746,[245,3768,4606,4649,4868,8584,8680],[1.0,1.0,1.0,1.0,1.0,1.0,1.0]
10746,[245,282,463,4149,6047,8161,8257,8584,8872,9090],[1.0,1.0,1.0,1.0,1.0,1.0,1.0,1.0,1.0,1.0]
10746,[902,1493,1706,2455,2530,2667,5628,6033,9420],[1.0,1.0,1.0,1.0,1.0,1.0,1.0,1.0,1.0]
10746,[1185,2123,3327,4191,5522,7044],[1.0,1.0,1.0,1.0,1.0,1.0]
10746,[529,1237,1706,2193,3651,6229,6335,8257,8584],[1.0,1.0,1.0,1.0,1.0,1.0,1.0,1.0,1.0]
10746,[8,245,1069,5146,5711,8733,9882,10327,10621],[1.0,1.0,1.0,1.0,1.0,1.0,1.0,1.0,1.0]
10746,[902,1275,2240,4640,6524,9816,10426],[1.0,1.0,1.0,1.0,1.0,1.0,1.0]
10746,[902,1098,1258,4092,8475,8729,9420,9851,9882],[1.0,1.0,1.0,1.0,1.0,1.0,1.0,1.0,1.0]
10746,[2530,2916,4066,7017,8397,8690,9407],[1.0,1.0,1.0,1.0,1.0,1.0,1.0]
10746,[464,4640,5142,5146,7165,7465,8584,9611],[1.0,1.0,1.0,1.0,1.0,1.0,1.0,1.0]
10746,[1258,1275,3340,4584,5711,7379,9270,9420,10426],[1.0,1.0,1.0,1.0,1.0,1.0,1.0,1.0,1.0]
10746,[2941,3661,7117,8114,8554,9595,10426],[1.0,1.0,1.0,1.0,1.0,1.0,1.0]
10746,[42,2182,2885,4149,4430,6335,7643,10426],[1.0,1.0,1.0,1.0,1.0,1.0,1.0,1.0]
10746,[42,330,1455,5262,10426],[1.0,1.0,1.0,1.0,1.0]
10746,[463,2735,3514,8442,9263,10068,10079,10621],[1.0,1.0,1.0,1.0,1.0,1.0,1.0,1.0]
10746,[1216,1528,2242,3755,5142,6655,8114,9290,10401],[1.0,1.0,1.0,1.0,1.0,1.0,1.0,1.0,1.0]
10746,[1568,3592,6473,8023,8562,9172,9298,9446],[1.0,1.0,1.0,1.0,1.0,1.0,1.0,1.0]
10746,[1532,2185,3333,5181,6503,8023,8347,8729,9156],[1.0,1.0,1.0,1.0,1.0,1.0,1.0,1.0,1.0]
