10746,[845,4440,4750,6753,9496,10187],[1.0,1.0,1.0,1.0,1.0,1.0]
10746,[213,1652,2518,2661,3669,4681,4778,9878,10152,10360],[1.0,1.0,1.0,1.0,1.0,1.0,1.0,1.0,1.0,1.0]
10746,[1193,1788,2763,5265,10187,10463],[1.0,1.0,1.0,1.0,1.0,1.0]
10746,[878,936,2530,4881,9183,9262],[1.0,1.0,1.0,1.0,1.0,1.0]
10746,[164,2530,4552,5181,5592,6170,6527],[1.0,1.0,1.0,1.0,1.0,1.0,1.0]
10746,[878,979,2530,2746,5592,6170,9183,9262],[1.0,1.0,1.0,1.0,1.0,1.0,1.0,1.0]
10746,[631,4640,5181,6619,6819,9183,9463,10734],[1.0,1.0,1.0,1.0,1.0,1.0,1.0,1.0]
10746,[357,582,6619,7908,9262,9463],[1.0,1.0,1.0,1.0,1.0,1.0]
10746,[2123,2493,3561,5294,7548,9292,9639,10132],[1.0,1.0,1.0,1.0,1.0,1.0,1.0,1.0]
10746,[104,217,2916,6619,8904],[1.0,1.0,1.0,1.0,1.0]
10746,[3669,5713,6619,9270,9831],[1.0,1.0,1.0,1.0,1.0]
10746,[758,956,2916,4534,9513,10381],[1.0,1.0,1.0,1.0,1.0,1.0]
10746,[1535,4934,5003,5651,6295,7757,9611,10184],[1.0,1.0,1.0,1.0,1.0,1.0,1.0,1.0]
10746,[112,2123,3669,5713,5983,8630,9270,9273],[1.0,1.0,1.0,1.0,1.0,1.0,1.0,1.0]
10746,[971,1920,2425,2916,4603,6394,6500,8571],[1.0,1.0,1.0,1.0,1.0,1.0,1.0,1.0]
10746,[463,2618,4611,7728,9379,9489,9607],[1.0,1.0,1.0,1.0,1.0,1.0,1.0]
10746,[2272,2455,2876,4042,4204,6500,7101,7381,9748],[1.0,1.0,1.0,1.0,1.0,1.0,1.0,1.0,1.0]
10746,[356,2916,3832,5820,8343,9528],[1.0,1.0,1.0,1.0,1.0,1.0]
