10746,[2451,3083,4440,4591,6264,6626,9491,9747],[1.0,1.0,1.0,1.0,1.0,1.0,1.0,1.0]
10746,[213,548,654,806,1310,2455,4663,4778,7416,10360],[1.0,1.0,1.0,1.0,1.0,1.0,1.0,1.0,1.0,1.0]
10746,[851,936,2518,3428,4591,5727,6264,9491,10152,10463],[1.0,1.0,1.0,1.0,1.0,1.0,1.0,1.0,1.0,1.0]
10746,[654,758,1364,1868,2623,6342,8729,9632],[1.0,1.0,1.0,1.0,1.0,1.0,1.0,1.0]
10746,[654,1134,3533,4506,7981,8005],[1.0,1.0,1.0,1.0,1.0,1.0]
10746,[868,4191,4449,6341,6704,7923,8070,8398],[1.0,1.0,1.0,1.0,1.0,1.0,1.0,1.0]
10746,[4300,5893,6341,6342,8114],[1.0,1.0,1.0,1.0,1.0]
10746,[124,654,758,2407,2623,5641,7955,9273],[1.0,1.0,1.0,1.0,1.0,1.0,1.0,1.0]
10746,[73,3651,5222,7084,7870,7955,8041,9632],[1.0,1.0,1.0,1.0,1.0,1.0,1.0,1.0]
10746,[365,3582,5985,7870,8056],[1.0,1.0,1.0,1.0,1.0]
10746,[1902,2398,4405,6229,7117,8114,8582,10465],[1.0,1.0,1.0,1.0,1.0,1.0,1.0,1.0]
10746,[654,1005,4506,5308,6012,6172,7807],[1.0,1.0,1.0,1.0,1.0,1.0,1.0]
10746,[156,838,2799,3545,4484,9289],[1.0,1.0,1.0,1.0,1.0,1.0]
10746,[838,3469,3945,4336,5124,7218,8570],[1.0,1.0,1.0,1.0,1.0,1.0,1.0]
10746,[654,3415,6019,7218,8817,9298],[1.0,1.0,1.0,1.0,1.0,1.0]
10746,[464,902,2618,4576,5328,6383,7646,7928,8835],[1.0,1.0,1.0,1.0,1.0,1.0,1.0,1.0,1.0]
10746,[966,1952,2123,2206,6295,6958,7218,9273],[1.0,1.0,1.0,1.0,1.0,1.0,1.0,1.0]
10746,[126,252,1275,4279,7379,9005,9632,10508],[1.0,1.0,1.0,1.0,1.0,1.0,1.0,1.0]
10746,[2618,4525,4576,5328,6033,8728],[1.0,1.0,1.0,1.0,1.0,1.0]
10746,[2206,3741,4929,6295,8847,9903],[1.0,1.0,1.0,1.0,1.0,1.0]
10746,[2206,4576,4589,5328,5440,6971,9270],[1.0,1.0,1.0,1.0,1.0,1.0,1.0]
10746,[1965,3651,6626,7877,8835],[1.0,1.0,1.0,1.0,1.0]
10746,[3948,4217,6035,7248,8558,10068],[1.0,1.0,1.0,1.0,1.0,1.0]
10746,[2256,2986,3257,3741,4349,6033,6590,9066],[1.0,1.0,1.0,1.0,1.0,1.0,1.0,1.0]
10746,[127,2114,2455,3097,8337,8595,10419],[1.0,1.0,1.0,1.0,1.0,1.0,1.0]
10746,[654,735,4431,4688,5328,6510,7218,7752,8835],[1.0,1.0,1.0,1.0,1.0,1.0,1.0,1.0,1.0]
10746,[4223,4534,4920,6399,9066,9258,9273,10627],[1.0,1.0,1.0,1.0,1.0,1.0,1.0,1.0]
10746,[1139,1255,3609,8673,8729,9270,9930,10003,10051,10627],[1.0,1.0,1.0,1.0,1.0,1.0,1.0,1.0,1.0,1.0]
10746,[1920,5325,6035,6471,7653,8576,9717,9984],[1.0,1.0,1.0,1.0,1.0,1.0,1.0,1.0]
10746,[1829,3097,3539,4589,6205,8114,8728,9084],[1.0,1.0,1.0,1.0,1.0,1.0,1.0,1.0]
10746,[1203,1255,5155,5885,6877,7633,9270,9379],[1.0,1.0,1.0,1.0,1.0,1.0,1.0,1.0]
10746,[896,1517,3423,7045,7138,10024,10433],[1.0,1.0,1.0,1.0,1.0,1.0,1.0]
10746,[3443,3741,5267,6845,7161,8835,9632],[1.0,1.0,1.0,1.0,1.0,1.0,1.0]
10746,[2451,3083,5035,6597,6671,7196,8630,9747,9919,10473],[1.0,1.0,1.0,1.0,1.0,1.0,1.0,1.0,1.0,1.0]
10746,[10587],[1.0]
