10746,[39,2531,3844,4440,6131,6753,10201],[1.0,1.0,1.0,1.0,1.0,1.0,1.0]
10746,[213,2518,4055,4778,4809,5017,7463,9865,10152,10360],[1.0,1.0,1.0,1.0,1.0,1.0,1.0,1.0,1.0,1.0]
10746,[936,1099,2785,3651,3844,4217,5486,5975],[1.0,1.0,1.0,1.0,1.0,1.0,1.0,1.0]
10746,[2771,6229,7654,8519,8958,9632],[1.0,1.0,1.0,1.0,1.0,1.0]
10746,[501,1099,1237,3651,7643,9379,9431],[1.0,1.0,1.0,1.0,1.0,1.0,1.0]
10746,[131,1292,1920,4752,7515,9495,10082,10536],[1.0,1.0,1.0,1.0,1.0,1.0,1.0,1.0]
10746,[501,1255,1706,3502,4217,5592,10621],[1.0,1.0,1.0,1.0,1.0,1.0,1.0]
10746,[172,1099,1517,3592,4974,6229,9290],[1.0,1.0,1.0,1.0,1.0,1.0,1.0]
10746,[1099,1275,1706,6229,7813,9851],[1.0,1.0,1.0,1.0,1.0,1.0]
10746,[2842,3741,4181,4344,4961,8041,9851],[1.0,1.0,1.0,1.0,1.0,1.0,1.0]
10746,[1965,3651,5031,8690,9379],[1.0,1.0,1.0,1.0,1.0]
10746,[121,1099,1706,2173,2596,2771,3586,4217,6229,10536],[1.0,1.0,1.0,1.0,1.0,1.0,1.0,1.0,1.0,1.0]
10746,[1665,2627,3458,4534,6341,6570,8114,9270],[1.0,1.0,1.0,1.0,1.0,1.0,1.0,1.0]
10746,[1517,1535,4944,7369,7757,8895,10670],[1.0,1.0,1.0,1.0,1.0,1.0,1.0]
10746,[900,1099,2588,2771,6711,6870,8783,9841,9851],[1.0,1.0,1.0,1.0,1.0,1.0,1.0,1.0,1.0]
10746,[113,1036,4191,4238,7105,7369,7813,8114,10115],[1.0,1.0,1.0,1.0,1.0,1.0,1.0,1.0,1.0]
10746,[915,2493,2576,2737,5978,7339,7502,8519,10082],[1.0,1.0,1.0,1.0,1.0,1.0,1.0,1.0,1.0]
10746,[14,1817,5671,6583,7369,7384,10019,10125],[1.0,1.0,1.0,1.0,1.0,1.0,1.0,1.0]
10746,[2629,2927,4191,5079,5592,6762,7045,10350],[1.0,1.0,1.0,1.0,1.0,1.0,1.0,1.0]
10746,[767,2916,3586,5641,7931,8961,9851],[1.0,1.0,1.0,1.0,1.0,1.0,1.0]
10746,[131,785,1005,2707,5181,6948,9851,10099],[1.0,1.0,1.0,1.0,1.0,1.0,1.0,1.0]
10746,[2185,2618,2927,4338,5013,5181,9292,9851,9910],[1.0,1.0,1.0,1.0,1.0,1.0,1.0,1.0,1.0]
10746,[131,1602,2927,3094,5641,7117,7473,8895,9556,9851],[1.0,1.0,1.0,1.0,1.0,1.0,1.0,1.0,1.0,1.0]
10746,[1602,4240,8114,8959,9851,10508,10688],[1.0,1.0,1.0,1.0,1.0,1.0,1.0]
10746,[2927,3192,3713,4217,8851,9851,9903],[1.0,1.0,1.0,1.0,1.0,1.0,1.0]
10746,[561,3713,4240,4534,7379,9851,9871],[1.0,1.0,1.0,1.0,1.0,1.0,1.0]
10746,[144,1920,3360,3535,7181,8114,8301,8842,9851,10621],[1.0,1.0,1.0,1.0,1.0,1.0,1.0,1.0,1.0,1.0]
10746,[121,144,3167,3741,3997,7166,7649,10580],[1.0,1.0,1.0,1.0,1.0,1.0,1.0,1.0]
10746,[2418,2493,2916,4217,5069,7316,9270,10419],[1.0,1.0,1.0,1.0,1.0,1.0,1.0,1.0]
10746,[365,3063,8582,8901,8908,9270,10075],[1.0,1.0,1.0,1.0,1.0,1.0,1.0]
10746,[4195,6167,7384,9290,9851,10082,10308,10621],[1.0,1.0,1.0,1.0,1.0,1.0,1.0,1.0]
10746,[889,975,1099,2799,6753],[1.0,1.0,1.0,1.0,1.0]
10746,[1255,2708,4586,4611,5886,7593,9458,10309],[1.0,1.0,1.0,1.0,1.0,1.0,1.0,1.0]
10746,[871,1517,1592,4405,5580,10508],[1.0,1.0,1.0,1.0,1.0,1.0]
10746,[4405,4611,6585,6801,7074,8398,9079,9851,10015,10222],[1.0,1.0,1.0,1.0,1.0,1.0,1.0,1.0,1.0,1.0]
10746,[365,871,2708,3741,4344,4755,6341,9298,9883],[1.0,1.0,1.0,1.0,1.0,1.0,1.0,1.0,1.0]
10746,[2162,2461,4881,7633,9977,10015],[1.0,1.0,1.0,1.0,1.0,1.0]
10746,[5150,5181,5978,8112,8842,9056],[1.0,1.0,1.0,1.0,1.0,1.0]
10746,[2708,2981,5325,6298,7379,8114,9288],[1.0,1.0,1.0,1.0,1.0,1.0,1.0]
10746,[1910,3602,4191,4649,6298,6585,9595,10068],[1.0,1.0,1.0,1.0,1.0,1.0,1.0,1.0]
10746,[871,1255,1706,4191,8196,8703,9851,10015],[1.0,1.0,1.0,1.0,1.0,1.0,1.0,1.0]
10746,[871,1920,3824,4107,4671,8041,9292,10188,10433],[1.0,1.0,1.0,1.0,1.0,1.0,1.0,1.0,1.0]
10746,[1094,1099,1706,6952,7317,7502,9758,10082],[1.0,1.0,1.0,1.0,1.0,1.0,1.0,1.0]
10746,[4344,4520,4534,6229,6258,6616,8889,9453],[1.0,1.0,1.0,1.0,1.0,1.0,1.0,1.0]
10746,[436,1255,1665,3315,3824,5181,6172,7379,10621],[1.0,1.0,1.0,1.0,1.0,1.0,1.0,1.0,1.0]
10746,[463,871,878,2123,4405,6002,9729],[1.0,1.0,1.0,1.0,1.0,1.0,1.0]
10746,[2493,3824,5696,6229,7506,9000],[1.0,1.0,1.0,1.0,1.0,1.0]
10746,[172,747,1706,2618,6035,6229,10536],[1.0,1.0,1.0,1.0,1.0,1.0,1.0]
10746,[956,1099,3339,7506,8041,8558,9262,9851,10291],[1.0,1.0,1.0,1.0,1.0,1.0,1.0,1.0,1.0]
10746,[357,956,1144,1637,5641,6145,8558,8729,10082],[1.0,1.0,1.0,1.0,1.0,1.0,1.0,1.0,1.0]
10746,[501,871,4393,4608,4865,9679,10055],[1.0,1.0,1.0,1.0,1.0,1.0,1.0]
10746,[2530,4393,4534,7105,8114,8673,9029,9070],[1.0,1.0,1.0,1.0,1.0,1.0,1.0,1.0]
10746,[463,637,902,3192,3824,6229,8114],[1.0,1.0,1.0,1.0,1.0,1.0,1.0]
10746,[1706,3498,3824,4066,6229,6335],[1.0,1.0,1.0,1.0,1.0,1.0]
10746,[956,1686,4066,6335,7921,8558,8895],[1.0,1.0,1.0,1.0,1.0,1.0,1.0]
10746,[2708,3514,6002,7074,8114,8849,10554],[1.0,1.0,1.0,1.0,1.0,1.0,1.0]
10746,[956,2493,2708,3290,4191,4217,4420,7506,9427],[1.0,1.0,1.0,1.0,1.0,1.0,1.0,1.0,1.0]
10746,[1099,1865,1910,3545,7826,8114,8938,9594,9595],[1.0,1.0,1.0,1.0,1.0,1.0,1.0,1.0,1.0]
10746,[1517,2872,3192,4217,4420,5641,7379,8156],[1.0,1.0,1.0,1.0,1.0,1.0,1.0,1.0]
10746,[1619,1706,2588,2708,3192,5983,6229],[1.0,1.0,1.0,1.0,1.0,1.0,1.0]
10746,[463,2126,3545,4191,4217,4534,10068,10139],[1.0,1.0,1.0,1.0,1.0,1.0,1.0,1.0]
10746,[2618,5628,5641,5694,7718,8690,8694,9427,10734],[1.0,1.0,1.0,1.0,1.0,1.0,1.0,1.0,1.0]
10746,[902,1634,2185,6098,8729,10082,10202],[1.0,1.0,1.0,1.0,1.0,1.0,1.0]
10746,[1225,1634,1706,6047,9831,10082],[1.0,1.0,1.0,1.0,1.0,1.0]
10746,[902,1144,1869,2351,6042,9420,9611],[1.0,1.0,1.0,1.0,1.0,1.0,1.0]
10746,[902,2799,4191,7857,7959,9420,10082,10202],[1.0,1.0,1.0,1.0,1.0,1.0,1.0,1.0]
10746,[4416,4947,5641,8114,9270,9298,9460],[1.0,1.0,1.0,1.0,1.0,1.0,1.0]
10746,[23,1965,4534,6335,7764,8372,9379,10068],[1.0,1.0,1.0,1.0,1.0,1.0,1.0,1.0]
10746,[136,365,391,2114,2247,2493,3824,7610,9595],[1.0,1.0,1.0,1.0,1.0,1.0,1.0,1.0,1.0]
10746,[1621,2074,2425,2618,2771,4534,4597,4871,6033],[1.0,1.0,1.0,1.0,1.0,1.0,1.0,1.0,1.0]
10746,[871,1234,4344,6002,8574,8630,10285],[1.0,1.0,1.0,1.0,1.0,1.0,1.0]
10746,[420,871,1706,2047],[1.0,1.0,1.0,1.0]
10746,[2708,4217,5224,8060,9298,9362,9379,9841,10689],[1.0,1.0,1.0,1.0,1.0,1.0,1.0,1.0,1.0]
10746,[871,2708,3783,4149,6167,10609],[1.0,1.0,1.0,1.0,1.0,1.0]
10746,[631,902,1144,2425,4597,5628,5928,8582,9851],[1.0,1.0,1.0,1.0,1.0,1.0,1.0,1.0,1.0]
10746,[1034,1099,2455,8060,9165,9831,10419,10539],[1.0,1.0,1.0,1.0,1.0,1.0,1.0,1.0]
10746,[871,1292,3886,5001,6295,7390,8060,9165],[1.0,1.0,1.0,1.0,1.0,1.0,1.0,1.0]
10746,[2047,2799,5133,6341,8574,9270,9611,9851],[1.0,1.0,1.0,1.0,1.0,1.0,1.0,1.0]
10746,[4191,4511,4947,5564,7959,9420],[1.0,1.0,1.0,1.0,1.0,1.0]
10746,[157,844,6298,8060,8941,9165,9270,9851],[1.0,1.0,1.0,1.0,1.0,1.0,1.0,1.0]
10746,[871,3532,4407,4994,6530,7502,8453,9632],[1.0,1.0,1.0,1.0,1.0,1.0,1.0,1.0]
10746,[357,1234,1673,1706,3545,6650,10682],[1.0,1.0,1.0,1.0,1.0,1.0,1.0]
10746,[878,1211,2185,3442,4405,4784,6002,6229,9632],[1.0,1.0,1.0,1.0,1.0,1.0,1.0,1.0,1.0]
10746,[501,896,3311,7379,7643,10536],[1.0,1.0,1.0,1.0,1.0,1.0]
10746,[501,871,2530,5696],[1.0,1.0,1.0,1.0]
10746,[463,1144,2455,2493,3089,7074,7218],[1.0,1.0,1.0,1.0,1.0,1.0,1.0]
10746,[463,4191,4947,7959,9420,10536],[1.0,1.0,1.0,1.0,1.0,1.0]
10746,[1385,6590,7363,9632,10536],[1.0,1.0,1.0,1.0,1.0]
10746,[1637,1706,3257,4066,4191,4387,4405,10082,10621],[1.0,1.0,1.0,1.0,1.0,1.0,1.0,1.0,1.0]
10746,[1237,1817,4387,5641,5877,6229,6335,8729],[1.0,1.0,1.0,1.0,1.0,1.0,1.0,1.0]
10746,[878,1706,2708,3808,4405,5946,6002,9292,9851],[1.0,1.0,1.0,1.0,1.0,1.0,1.0,1.0,1.0]
10746,[5946,6590,7288,7384,9632,9772,10536],[1.0,1.0,1.0,1.0,1.0,1.0,1.0]
10746,[143,871,3442,7039,9290],[1.0,1.0,1.0,1.0,1.0]
10746,[112,463,871,2114,4405,6002,8630,10595],[1.0,1.0,1.0,1.0,1.0,1.0,1.0,1.0]
10746,[463,3909,4405,5580,6002,6033,8630,9270,10595],[1.0,1.0,1.0,1.0,1.0,1.0,1.0,1.0,1.0]
10746,[2123,2493,2530,3602,4191,6115,6298],[1.0,1.0,1.0,1.0,1.0,1.0,1.0]
10746,[14,1548,2123,3339,9841,10115],[1.0,1.0,1.0,1.0,1.0,1.0]
10746,[871,1144,2425,2799,4688,5696,5885,9270],[1.0,1.0,1.0,1.0,1.0,1.0,1.0,1.0]
10746,[1291,1706,2455,3824,3965,7671,7826,10419],[1.0,1.0,1.0,1.0,1.0,1.0,1.0,1.0]
10746,[747,871,956,4611,8554,8558],[1.0,1.0,1.0,1.0,1.0,1.0]
10746,[1144,1712,2799,3824,5564,9270,9632],[1.0,1.0,1.0,1.0,1.0,1.0,1.0]
10746,[956,1706,3011,3824,5142,8558,8595,10617],[1.0,1.0,1.0,1.0,1.0,1.0,1.0,1.0]
10746,[747,3545,4611,6229,7070,9851],[1.0,1.0,1.0,1.0,1.0,1.0]
10746,[747,1328,2618,4473,6335,8114,9068,10295],[1.0,1.0,1.0,1.0,1.0,1.0,1.0,1.0]
10746,[1099,1144,3426,3965,4633,4720,8690,8729],[1.0,1.0,1.0,1.0,1.0,1.0,1.0,1.0]
10746,[871,1721,2799,4191,7541,7959,9270,9420],[1.0,1.0,1.0,1.0,1.0,1.0,1.0,1.0]
10746,[1099,4226,4332,5946,6229,8729,10285],[1.0,1.0,1.0,1.0,1.0,1.0,1.0]
10746,[871,4611,8489,9290,9632,10285],[1.0,1.0,1.0,1.0,1.0,1.0]
10746,[1168,1234,2635,3099,7423,7862,8041,10682],[1.0,1.0,1.0,1.0,1.0,1.0,1.0,1.0]
10746,[14,871,956,1885,2366,4671,10222],[1.0,1.0,1.0,1.0,1.0,1.0,1.0]
10746,[1817,2728,4601,5261,5641,6335,7506,10617],[1.0,1.0,1.0,1.0,1.0,1.0,1.0,1.0]
10746,[4601,4611,6229,6335,7415,9460,10617],[1.0,1.0,1.0,1.0,1.0,1.0,1.0]
10746,[1099,6169,7276,7765,10068,10621],[1.0,1.0,1.0,1.0,1.0,1.0]
10746,[902,914,956,6229,7857,9632,10082],[1.0,1.0,1.0,1.0,1.0,1.0,1.0]
10746,[806,871,1237,1681,5480,5928,8176,9632],[1.0,1.0,1.0,1.0,1.0,1.0,1.0,1.0]
10746,[869,6229,8335,9524,10621],[1.0,1.0,1.0,1.0,1.0]
10746,[2425,2492,3783,7506,8476,8908,9289],[1.0,1.0,1.0,1.0,1.0,1.0,1.0]
10746,[902,1255,3585,4217,5205,9289,10433,10617],[1.0,1.0,1.0,1.0,1.0,1.0,1.0,1.0]
10746,[1255,2425,3036,3585,4102,8335,8908],[1.0,1.0,1.0,1.0,1.0,1.0,1.0]
10746,[2366,3500,3779,6796,7720,9524,10012],[1.0,1.0,1.0,1.0,1.0,1.0,1.0]
10746,[871,902,1255,5205,7506,9524],[1.0,1.0,1.0,1.0,1.0,1.0]
10746,[1817,2123,2771,4277,4405,7382,10068],[1.0,1.0,1.0,1.0,1.0,1.0,1.0]
10746,[249,1516,2455,3192,3732,4217,4649,10670],[1.0,1.0,1.0,1.0,1.0,1.0,1.0,1.0]
10746,[869,2006,3741,8114,9000,10055,10419],[1.0,1.0,1.0,1.0,1.0,1.0,1.0]
10746,[871,9317,9851,9989,10670],[1.0,1.0,1.0,1.0,1.0]
10746,[1237,2407,3339,4191,4217,5752,5868,6335,7506],[1.0,1.0,1.0,1.0,1.0,1.0,1.0,1.0,1.0]
10746,[372,657,2799,8901,9270,10082],[1.0,1.0,1.0,1.0,1.0,1.0]
10746,[754,1099,1144,5328,7959,8595,9030,9595],[1.0,1.0,1.0,1.0,1.0,1.0,1.0,1.0]
10746,[754,4191,4420,4947,9270,9420,10617,10621],[1.0,1.0,1.0,1.0,1.0,1.0,1.0,1.0]
10746,[1240,2817,4405,4888,5882,6989,8280,9290],[1.0,1.0,1.0,1.0,1.0,1.0,1.0,1.0]
10746,[172,869,902,5628,7105,7202,9290,9632],[1.0,1.0,1.0,1.0,1.0,1.0,1.0,1.0]
10746,[380,754,4149,4534,9895,10539,10688],[1.0,1.0,1.0,1.0,1.0,1.0,1.0]
10746,[1255,2524,4611,5628,7670,8821,9407],[1.0,1.0,1.0,1.0,1.0,1.0,1.0]
10746,[869,1255,1706,2708,4149,8114,9407],[1.0,1.0,1.0,1.0,1.0,1.0,1.0]
10746,[1099,2618,5628,6229,6983,7084,9420,9461],[1.0,1.0,1.0,1.0,1.0,1.0,1.0,1.0]
10746,[143,1255,3442,4191,8114,9290,9407,10621],[1.0,1.0,1.0,1.0,1.0,1.0,1.0,1.0]
10746,[767,2524,4611,4961,6672,7390,7572,8335,9851],[1.0,1.0,1.0,1.0,1.0,1.0,1.0,1.0,1.0]
10746,[4490,5200,6110,6335,7285,8280,9298],[1.0,1.0,1.0,1.0,1.0,1.0,1.0]
10746,[896,1315,2524,4534,7837,9289,10291],[1.0,1.0,1.0,1.0,1.0,1.0,1.0]
10746,[2524,4405,4888,6002,6335,10068,10410],[1.0,1.0,1.0,1.0,1.0,1.0,1.0]
10746,[896,2524,4534,4881,5618,6536,10068],[1.0,1.0,1.0,1.0,1.0,1.0,1.0]
10746,[2524,2992,4534,7205,7334,8335,9841],[1.0,1.0,1.0,1.0,1.0,1.0,1.0]
10746,[35,2815,2927,7390,7890,9030,9270],[1.0,1.0,1.0,1.0,1.0,1.0,1.0]
10746,[1099,2524,4632,4795,5421,5966,6229,9687],[1.0,1.0,1.0,1.0,1.0,1.0,1.0,1.0]
10746,[767,4267,5345,8335,8733,9841,10191],[1.0,1.0,1.0,1.0,1.0,1.0,1.0]
10746,[1333,1726,2524,3669,5142,7890,8280,8740,9010],[1.0,1.0,1.0,1.0,1.0,1.0,1.0,1.0,1.0]
10746,[506,2329,3298,3545,4611,7653,8852,9831],[1.0,1.0,1.0,1.0,1.0,1.0,1.0,1.0]
10746,[126,1073,3437,4258,4888,6901,8280,8630],[1.0,1.0,1.0,1.0,1.0,1.0,1.0,1.0]
10746,[902,4217,4405,4487,5205,5320,8041,8280],[1.0,1.0,1.0,1.0,1.0,1.0,1.0,1.0]
10746,[1098,2916,4355,6753,9433,10448],[1.0,1.0,1.0,1.0,1.0,1.0]
10746,[1333,1606,3437,4191,4534,4680,5592,7317,9050,10448],[1.0,1.0,1.0,1.0,1.0,1.0,1.0,1.0,1.0,1.0]
10746,[1333,1913,3669,3732,6335,10117],[1.0,1.0,1.0,1.0,1.0,1.0]
10746,[871,1255,1885,4434,5181],[1.0,1.0,1.0,1.0,1.0]
10746,[871,2240,2493,4434,4511,6053],[1.0,1.0,1.0,1.0,1.0,1.0]
10746,[871,902,1657,4217,5205,6401,9518,10082],[1.0,1.0,1.0,1.0,1.0,1.0,1.0,1.0]
10746,[871,902,4888,5205,9518,9632,10433,10621],[1.0,1.0,1.0,1.0,1.0,1.0,1.0,1.0]
10746,[6753],[1.0]
