10746,[2200,3277,4440,5090,5845,7953,9491,9996],[1.0,1.0,1.0,1.0,1.0,1.0,1.0,1.0]
10746,[213,838,2518,3277,4405,4778,5820,7937,10152,10360],[1.0,1.0,1.0,1.0,1.0,1.0,1.0,1.0,1.0,1.0]
10746,[513,2200,3277,3864,9491,9996,10326,10463],[1.0,1.0,1.0,1.0,1.0,1.0,1.0,1.0]
10746,[143,936,2146,5390,6335,9249,10326,10714],[1.0,1.0,1.0,1.0,1.0,1.0,1.0,1.0]
10746,[356,838,1291,2916,3946,5966,8934],[1.0,1.0,1.0,1.0,1.0,1.0,1.0]
10746,[902,1411,2530,3007,8114,9337],[1.0,1.0,1.0,1.0,1.0,1.0]
10746,[838,2123,2916,4280,4934,7083,7874,9289],[1.0,1.0,1.0,1.0,1.0,1.0,1.0,1.0]
10746,[252,304,356,1535,1706,6171,7390,9708],[1.0,1.0,1.0,1.0,1.0,1.0,1.0,1.0]
10746,[1255,1310,1817,2974,3677,6660,7890,9249,10307],[1.0,1.0,1.0,1.0,1.0,1.0,1.0,1.0,1.0]
10746,[567,838,1791,2407,5069,7379,10353,10419],[1.0,1.0,1.0,1.0,1.0,1.0,1.0,1.0]
10746,[838,1291,3561,3741,4735,7381,7874,8280,9289],[1.0,1.0,1.0,1.0,1.0,1.0,1.0,1.0,1.0]
10746,[55,1237,1376,3741,3755,4217,5845,7359,8647],[1.0,1.0,1.0,1.0,1.0,1.0,1.0,1.0,1.0]
