10746,[2258,2632,3124,4440,6689,7019,10509],[1.0,1.0,1.0,1.0,1.0,1.0,1.0]
10746,[175,2518,2632,3006,3124,4778,10152,10509],[1.0,1.0,1.0,1.0,1.0,1.0,1.0,1.0]
10746,[121,213,476,2632,3124,3155,3275,10360],[1.0,1.0,1.0,1.0,1.0,1.0,1.0,1.0]
10746,[1894,2325,2530,3089,3741,4526,5739,8114,9842],[1.0,1.0,1.0,1.0,1.0,1.0,1.0,1.0,1.0]
10746,[1920,2618,3741,5146,8344,9084,9851,10705],[1.0,1.0,1.0,1.0,1.0,1.0,1.0,1.0]
10746,[1826,2627,3206,3741,4534,5226,6005,7843,9851],[1.0,1.0,1.0,1.0,1.0,1.0,1.0,1.0,1.0]
10746,[1633,2530,3741,4611,5128,7792,9473],[1.0,1.0,1.0,1.0,1.0,1.0,1.0]
10746,[1251,1291,2447,4611,4649,7744,8658,9708],[1.0,1.0,1.0,1.0,1.0,1.0,1.0,1.0]
10746,[1005,1706,2530,2916,3602,3741,7813,8533],[1.0,1.0,1.0,1.0,1.0,1.0,1.0,1.0]
10746,[1920,2596,5641,6172,7384,7959,9485],[1.0,1.0,1.0,1.0,1.0,1.0,1.0]
10746,[2232,2995,4534,5001,9084,9159,9851,10459],[1.0,1.0,1.0,1.0,1.0,1.0,1.0,1.0]
10746,[1438,2618,6033,7226,7363,7506,7695],[1.0,1.0,1.0,1.0,1.0,1.0,1.0]
10746,[121,2492,4080,4217,6385,9555,10433],[1.0,1.0,1.0,1.0,1.0,1.0,1.0]
10746,[121,2627,3375,4191,4575,5995,6335,6385,8595,10621],[1.0,1.0,1.0,1.0,1.0,1.0,1.0,1.0,1.0,1.0]
10746,[2618,3496,3890,5146,5928,6335,7306,7506,10595],[1.0,1.0,1.0,1.0,1.0,1.0,1.0,1.0,1.0]
10746,[245,2309,3545,4516,6229,6819,9147,10617],[1.0,1.0,1.0,1.0,1.0,1.0,1.0,1.0]
10746,[14,121,168,1340,3824,4280,4611,6385],[1.0,1.0,1.0,1.0,1.0,1.0,1.0,1.0]
10746,[838,4205,4280,4611,4729,5917,6040,7966],[1.0,1.0,1.0,1.0,1.0,1.0,1.0,1.0]
10746,[501,4066,4268,6385,7146,7958,8114,10433],[1.0,1.0,1.0,1.0,1.0,1.0,1.0,1.0]
10746,[121,245,2333,4191,4534,7074,10433,10550],[1.0,1.0,1.0,1.0,1.0,1.0,1.0,1.0]
10746,[837,2333,2438,2618,6033,6035,6335,7306,10617],[1.0,1.0,1.0,1.0,1.0,1.0,1.0,1.0,1.0]
10746,[121,1965,2418,2746,5146,5444,6819,7565,10536],[1.0,1.0,1.0,1.0,1.0,1.0,1.0,1.0,1.0]
10746,[1255,4520,4953,5146,8729,9882,10123],[1.0,1.0,1.0,1.0,1.0,1.0,1.0]
10746,[121,463,1099,5146,7843,8999,9231,9298],[1.0,1.0,1.0,1.0,1.0,1.0,1.0,1.0]
10746,[902,1255,1291,2033,4649,8032,8280,8584],[1.0,1.0,1.0,1.0,1.0,1.0,1.0,1.0]
10746,[4606,5578,9262,9882,9907],[1.0,1.0,1.0,1.0,1.0]
10746,[896,4060,4405,5146,5885,6435,7223,9950],[1.0,1.0,1.0,1.0,1.0,1.0,1.0,1.0]
10746,[2618,3824,4546,6033,7515,8114,9084],[1.0,1.0,1.0,1.0,1.0,1.0,1.0]
10746,[896,1237,3000,4332,4405,6002,6335,10065],[1.0,1.0,1.0,1.0,1.0,1.0,1.0,1.0]
10746,[255,548,1002,1237,4689,4803,9224,9930],[1.0,1.0,1.0,1.0,1.0,1.0,1.0,1.0]
10746,[14,242,1542,4463,6252,7515,9084],[1.0,1.0,1.0,1.0,1.0,1.0,1.0]
10746,[2530,2618,4223,5366,5580,6033,7423,7515,9379],[1.0,1.0,1.0,1.0,1.0,1.0,1.0,1.0,1.0]
10746,[140,501,984,2152,3418,4597,6126,7975,10191],[1.0,1.0,1.0,1.0,1.0,1.0,1.0,1.0,1.0]
10746,[757,902,2530,2618,4463,4784,8729,9298,9313,10222],[1.0,1.0,1.0,1.0,1.0,1.0,1.0,1.0,1.0,1.0]
10746,[549,2530,2856,3216,7515,7606,9379,10110],[1.0,1.0,1.0,1.0,1.0,1.0,1.0,1.0]
10746,[2418,4405,5226,7843,7862,8344,8582,9851],[1.0,1.0,1.0,1.0,1.0,1.0,1.0,1.0]
10746,[2771,3746,5226,5303,6822,6944,8037],[1.0,1.0,1.0,1.0,1.0,1.0,1.0]
10746,[121,143,3545,5885,6226,9270],[1.0,1.0,1.0,1.0,1.0,1.0]
10746,[1371,3783,4891,5146,6819,7506,7826,10667],[1.0,1.0,1.0,1.0,1.0,1.0,1.0,1.0]
10746,[1255,2493,3532,4520,6257,7826],[1.0,1.0,1.0,1.0,1.0,1.0]
10746,[35,700,2618,5379,8041,9186,9292,9851],[1.0,1.0,1.0,1.0,1.0,1.0,1.0,1.0]
10746,[236,3634,3755,3824,5628,6590,7825,9851],[1.0,1.0,1.0,1.0,1.0,1.0,1.0,1.0]
10746,[2088,4258,7334,8538,8908,9289,9424,10422],[1.0,1.0,1.0,1.0,1.0,1.0,1.0,1.0]
10746,[3019,6341,6349,7384,7939,8114,9632,10617],[1.0,1.0,1.0,1.0,1.0,1.0,1.0,1.0]
10746,[1233,4364,6349,7587,7645,7751,9273,10115],[1.0,1.0,1.0,1.0,1.0,1.0,1.0,1.0]
