10746,[39,3844,4440,6131,6753,8635,10201],[1.0,1.0,1.0,1.0,1.0,1.0,1.0]
10746,[213,1237,2518,4055,4778,5017,7463,9865,10152,10360],[1.0,1.0,1.0,1.0,1.0,1.0,1.0,1.0,1.0,1.0]
10746,[2200,3277,3844,5090,5845,8540,9491,9996],[1.0,1.0,1.0,1.0,1.0,1.0,1.0,1.0]
10746,[936,3249,3768,4258,4801,5420,5885,7079,9989],[1.0,1.0,1.0,1.0,1.0,1.0,1.0,1.0,1.0]
10746,[386,747,2493,2771,7339,9595],[1.0,1.0,1.0,1.0,1.0,1.0]
10746,[1299,2627,3249,4801,5978,6335,9292,10621],[1.0,1.0,1.0,1.0,1.0,1.0,1.0,1.0]
10746,[747,2162,2627,3741],[1.0,1.0,1.0,1.0]
10746,[556,3082,4486,5641,6626,9290],[1.0,1.0,1.0,1.0,1.0,1.0]
10746,[14,758,2162,3741,4344,6564,6872,9399,10222],[1.0,1.0,1.0,1.0,1.0,1.0,1.0,1.0,1.0]
10746,[3036,3089,3627,4223,8554,10056,10433],[1.0,1.0,1.0,1.0,1.0,1.0,1.0]
10746,[625,902,2817,3242,3627,4342,5721,7484,8729],[1.0,1.0,1.0,1.0,1.0,1.0,1.0,1.0,1.0]
10746,[758,902,1535,4349,6872,7570,7832,10522],[1.0,1.0,1.0,1.0,1.0,1.0,1.0,1.0]
10746,[758,822,2817,3249,3741,3993,4349,6872,8725],[1.0,1.0,1.0,1.0,1.0,1.0,1.0,1.0,1.0]
10746,[2623,3732,3741,4801,9851,10068],[1.0,1.0,1.0,1.0,1.0,1.0]
10746,[758,4349,5651,6053,6341,6872,7856,8642],[1.0,1.0,1.0,1.0,1.0,1.0,1.0,1.0]
10746,[902,3433,5328,6341,7317,8114,8582,8657],[1.0,1.0,1.0,1.0,1.0,1.0,1.0,1.0]
10746,[860,1990,2454,3984,5307,8476,8729,9408],[1.0,1.0,1.0,1.0,1.0,1.0,1.0,1.0]
10746,[1438,2733,3925,4223,4611,6341],[1.0,1.0,1.0,1.0,1.0,1.0]
10746,[3433,3925,3950,4217,4552,6341,6737,8114],[1.0,1.0,1.0,1.0,1.0,1.0,1.0,1.0]
10746,[397,5471,5638,8809,8872,9851,10688],[1.0,1.0,1.0,1.0,1.0,1.0,1.0]
10746,[1791,2596,5721,7423,8893,9045,10668],[1.0,1.0,1.0,1.0,1.0,1.0,1.0]
10746,[758,806,822,1558,3592,5672,6341,6872,9623,9871],[1.0,1.0,1.0,1.0,1.0,1.0,1.0,1.0,1.0,1.0]
10746,[1053,3651,5294,5737,6053,7423,7843,8114,9784],[1.0,1.0,1.0,1.0,1.0,1.0,1.0,1.0,1.0]
10746,[1053,3925,4801,4804,5210,5328,7423,7515,7923,8911],[1.0,1.0,1.0,1.0,1.0,1.0,1.0,1.0,1.0,1.0]
10746,[758,902,2185,2916,6547,7105,7117,9289,10068,10433],[1.0,1.0,1.0,1.0,1.0,1.0,1.0,1.0,1.0,1.0]
10746,[297,1986,2018,4048,4367,5167,5388,9632,9851],[1.0,1.0,1.0,1.0,1.0,1.0,1.0,1.0,1.0]
10746,[408,1421,1642,2733,4332,6098,8114,8655],[1.0,1.0,1.0,1.0,1.0,1.0,1.0,1.0]
10746,[2425,3627,3763,4223,10621],[1.0,1.0,1.0,1.0,1.0]
10746,[902,3106,4332,5564,5698,9290,10082],[1.0,1.0,1.0,1.0,1.0,1.0,1.0]
10746,[758,1099,6279,6872,7205,8041,8509,10208],[1.0,1.0,1.0,1.0,1.0,1.0,1.0,1.0]
10746,[3182,3545,3993,4349,6603,8917,8976],[1.0,1.0,1.0,1.0,1.0,1.0,1.0]
10746,[488,2123,3593,3993,4349],[1.0,1.0,1.0,1.0,1.0]
10746,[896,902,2123,3106,3993,7379,8041,9878],[1.0,1.0,1.0,1.0,1.0,1.0,1.0,1.0]
10746,[230,3426,3669,3993,4349,5277,7317,8114],[1.0,1.0,1.0,1.0,1.0,1.0,1.0,1.0]
10746,[1053,2493,3669,3993,4332,4534,5885,8976],[1.0,1.0,1.0,1.0,1.0,1.0,1.0,1.0]
10746,[463,3106,3249,7515,9878,10508,10621],[1.0,1.0,1.0,1.0,1.0,1.0,1.0]
10746,[2162,4043,4187,4611,4801,6080,7166,10734],[1.0,1.0,1.0,1.0,1.0,1.0,1.0,1.0]
10746,[822,2162,3249,4611,4656,4801,5564],[1.0,1.0,1.0,1.0,1.0,1.0,1.0]
10746,[956,4576,4611,5651,6080,8114,9652],[1.0,1.0,1.0,1.0,1.0,1.0,1.0]
10746,[2162,3130,3340,3633,6457,7390,7792,8810,10621],[1.0,1.0,1.0,1.0,1.0,1.0,1.0,1.0,1.0]
10746,[1706,2162,3089,3327,4332,7218,8114],[1.0,1.0,1.0,1.0,1.0,1.0,1.0]
10746,[747,1706,5564,5651,6080,10662],[1.0,1.0,1.0,1.0,1.0,1.0]
10746,[733,747,966,2162,4223,4576,5328,5763,10621],[1.0,1.0,1.0,1.0,1.0,1.0,1.0,1.0,1.0]
10746,[463,860,5786,7423,8875,9289,10617],[1.0,1.0,1.0,1.0,1.0,1.0,1.0]
10746,[1255,4424,4934,6547,7276,8971,10617],[1.0,1.0,1.0,1.0,1.0,1.0,1.0]
10746,[2162,5391,6819,7861,8908],[1.0,1.0,1.0,1.0,1.0]
10746,[896,3251,4223,4405,4734,4881,8114,9056],[1.0,1.0,1.0,1.0,1.0,1.0,1.0,1.0]
10746,[741,758,1558,4223,6341,6872,7791,8493],[1.0,1.0,1.0,1.0,1.0,1.0,1.0,1.0]
10746,[3627,4066,4217,4223,7207,7562,9364],[1.0,1.0,1.0,1.0,1.0,1.0,1.0]
10746,[166,297,1516,2162,3339,4191,4650,5181,8907],[1.0,1.0,1.0,1.0,1.0,1.0,1.0,1.0,1.0]
10746,[303,822,6457,6547,7105,7515,7791,8114,8398,10082],[1.0,1.0,1.0,1.0,1.0,1.0,1.0,1.0,1.0,1.0]
10746,[822,2123,2916,4043,6457,9270,9375,10028,10621],[1.0,1.0,1.0,1.0,1.0,1.0,1.0,1.0,1.0]
10746,[822,6457,6547,6673,6956,9632,10082],[1.0,1.0,1.0,1.0,1.0,1.0,1.0]
10746,[2916,3442,4611,6394,10082],[1.0,1.0,1.0,1.0,1.0]
10746,[2162,2182,2801,7552,8065,8578],[1.0,1.0,1.0,1.0,1.0,1.0]
10746,[1124,1428,1706,4223,4342,4498,4611,7890,8493],[1.0,1.0,1.0,1.0,1.0,1.0,1.0,1.0,1.0]
10746,[966,4405,5267,5320,6872,7276,10433],[1.0,1.0,1.0,1.0,1.0,1.0,1.0]
10746,[191,3545,3685,4405,5320,7225,7317,10426],[1.0,1.0,1.0,1.0,1.0,1.0,1.0,1.0]
10746,[191,4534,6810,6952,8114,10743],[1.0,1.0,1.0,1.0,1.0,1.0]
10746,[191,1144,1238,2524,4239,4688,5294,8934,10426],[1.0,1.0,1.0,1.0,1.0,1.0,1.0,1.0,1.0]
10746,[1990,3290,6295,7331,8114,9595,10355],[1.0,1.0,1.0,1.0,1.0,1.0,1.0]
10746,[2664,2733,6564,6603,9290,10621],[1.0,1.0,1.0,1.0,1.0,1.0]
10746,[3669,3741,4217,4998,9289,9851,10068,10621],[1.0,1.0,1.0,1.0,1.0,1.0,1.0,1.0]
10746,[28,166,758,1516,3068,6505],[1.0,1.0,1.0,1.0,1.0,1.0]
10746,[860,1099,2162,6167,7791,9289,10621],[1.0,1.0,1.0,1.0,1.0,1.0,1.0]
10746,[51,833,1535,2799,5181,8041,9903,10056,10071],[1.0,1.0,1.0,1.0,1.0,1.0,1.0,1.0,1.0]
10746,[1144,2618,3047,4688,9675,9831,10426,10621],[1.0,1.0,1.0,1.0,1.0,1.0,1.0,1.0]
10746,[833,1099,1144,3685,4688,7225,9675],[1.0,1.0,1.0,1.0,1.0,1.0,1.0]
10746,[2627,6457,6547,7084,7218,8114,9632,10130],[1.0,1.0,1.0,1.0,1.0,1.0,1.0,1.0]
10746,[191,822,833,2493,5544,5739],[1.0,1.0,1.0,1.0,1.0,1.0]
10746,[191,1621,2916,4332,5142,7337,9895,10003,10025],[1.0,1.0,1.0,1.0,1.0,1.0,1.0,1.0,1.0]
10746,[191,833,1588,5181,6172,6664,7535,8235,8606],[1.0,1.0,1.0,1.0,1.0,1.0,1.0,1.0,1.0]
10746,[1144,3047,3768,4688,9066,9420,9675],[1.0,1.0,1.0,1.0,1.0,1.0,1.0]
10746,[848,1099,1673,4217,7225,8114,9289,10139],[1.0,1.0,1.0,1.0,1.0,1.0,1.0,1.0]
10746,[1099,3734,6505,7116,8114,9632,10068,10130],[1.0,1.0,1.0,1.0,1.0,1.0,1.0,1.0]
10746,[1099,1673,5544,7116,7225,7379,7718,7869],[1.0,1.0,1.0,1.0,1.0,1.0,1.0,1.0]
10746,[26,191,2493,5628,5885,7116,7506,8908,9270],[1.0,1.0,1.0,1.0,1.0,1.0,1.0,1.0,1.0]
10746,[191,2352,2799,3089,5181,5544,9270,9927],[1.0,1.0,1.0,1.0,1.0,1.0,1.0,1.0]
10746,[1948,2799,4405,4534,5064,7116,7218,9632,10068],[1.0,1.0,1.0,1.0,1.0,1.0,1.0,1.0,1.0]
10746,[766,2162,3249,3302,4430,5978,6564,7317,7379],[1.0,1.0,1.0,1.0,1.0,1.0,1.0,1.0,1.0]
10746,[1706,3380,4534,6371,7204,7869,10508,10734],[1.0,1.0,1.0,1.0,1.0,1.0,1.0,1.0]
10746,[822,1460,6229,7204,7423,9049],[1.0,1.0,1.0,1.0,1.0,1.0]
10746,[5628,6564,6819,7205,7502,8114,8480,8630,10508],[1.0,1.0,1.0,1.0,1.0,1.0,1.0,1.0,1.0]
10746,[902,966,3732,6167,6564,7116,10068],[1.0,1.0,1.0,1.0,1.0,1.0,1.0]
10746,[1673,4534,4606,7204,7225,10018,10068],[1.0,1.0,1.0,1.0,1.0,1.0,1.0]
10746,[2352,4534,6047,7204,7225,8114,9541,10068],[1.0,1.0,1.0,1.0,1.0,1.0,1.0,1.0]
10746,[822,4534,5662,6457,8114,10068,10222,10621],[1.0,1.0,1.0,1.0,1.0,1.0,1.0,1.0]
10746,[650,822,4031,4393,5181,6229,6457,8497,10508],[1.0,1.0,1.0,1.0,1.0,1.0,1.0,1.0,1.0]
10746,[822,869,2088,2292,3748,7297,7515,9465],[1.0,1.0,1.0,1.0,1.0,1.0,1.0,1.0]
10746,[1098,2123,2126,6295,7117,7506],[1.0,1.0,1.0,1.0,1.0,1.0]
10746,[567,1341,4217,5863,7338,7506,9270,10670],[1.0,1.0,1.0,1.0,1.0,1.0,1.0,1.0]
10746,[1341,2874,3669,4534,6952,7023,8993],[1.0,1.0,1.0,1.0,1.0,1.0,1.0]
10746,[2352,3426,4405,4795,7813,7843,10068],[1.0,1.0,1.0,1.0,1.0,1.0,1.0]
10746,[758,822,902,2881,6193,6872,7420,9364],[1.0,1.0,1.0,1.0,1.0,1.0,1.0,1.0]
10746,[14,1706,4195,4217,6172,6872,9399,9977,10558],[1.0,1.0,1.0,1.0,1.0,1.0,1.0,1.0,1.0]
10746,[650,822,4534,6295,6335,7718,8114,10068],[1.0,1.0,1.0,1.0,1.0,1.0,1.0,1.0]
10746,[436,2906,4066,5200,7105,8532],[1.0,1.0,1.0,1.0,1.0,1.0]
10746,[822,1291,2733,4405,6047,6457,7423,8993],[1.0,1.0,1.0,1.0,1.0,1.0,1.0,1.0]
10746,[2916,4534,5391,6167,7699,9465,10621],[1.0,1.0,1.0,1.0,1.0,1.0,1.0]
10746,[4534,5443,5592,6952,8993,10068],[1.0,1.0,1.0,1.0,1.0,1.0]
10746,[822,2050,4534,7116,8472,10068],[1.0,1.0,1.0,1.0,1.0,1.0]
10746,[2162,2755,2774,4349,5405,6810,7390],[1.0,1.0,1.0,1.0,1.0,1.0,1.0]
10746,[822,841,1275,4534,5641,7423,8114,8993],[1.0,1.0,1.0,1.0,1.0,1.0,1.0,1.0]
10746,[822,2493,4240,4534,7898,8993],[1.0,1.0,1.0,1.0,1.0,1.0]
10746,[822,956,4534,7699,8661,8993,9927,10508],[1.0,1.0,1.0,1.0,1.0,1.0,1.0,1.0]
10746,[1706,2737,2817,4795,5627,7898,8310,10222],[1.0,1.0,1.0,1.0,1.0,1.0,1.0,1.0]
10746,[13,1984,3426,5900,6547,6872],[1.0,1.0,1.0,1.0,1.0,1.0]
10746,[463,1238,5641,6170,7276,7431,9289],[1.0,1.0,1.0,1.0,1.0,1.0,1.0]
10746,[299,463,661,2425,3426,4191,6341,9595,9724,10009],[1.0,1.0,1.0,1.0,1.0,1.0,1.0,1.0,1.0,1.0]
10746,[1706,1984,4066,4102,5900,7317,10581],[1.0,1.0,1.0,1.0,1.0,1.0,1.0]
10746,[217,4217,6229,6395,6538,9292],[1.0,1.0,1.0,1.0,1.0,1.0]
10746,[2427,3484,3988,4217,4223,6547,7276,10135,10621],[1.0,1.0,1.0,1.0,1.0,1.0,1.0,1.0,1.0]
10746,[2708,4199,4934,5142,5200,5405,7861,9045],[1.0,1.0,1.0,1.0,1.0,1.0,1.0,1.0]
10746,[1706,2623,6985,7276,7423,7506,8341],[1.0,1.0,1.0,1.0,1.0,1.0,1.0]
10746,[822,4795,5331,5783,6335,7589,8582],[1.0,1.0,1.0,1.0,1.0,1.0,1.0]
10746,[822,2493,2596,6229,6457,6547,8595],[1.0,1.0,1.0,1.0,1.0,1.0,1.0]
10746,[3741,4084,5328,6229,6335,7423,7721,8690,9420],[1.0,1.0,1.0,1.0,1.0,1.0,1.0,1.0,1.0]
10746,[822,4332,4534,6229,6457,7363,8114,10222],[1.0,1.0,1.0,1.0,1.0,1.0,1.0,1.0]
10746,[822,1098,1700,5443,6457,6753,9611,10280,10508],[1.0,1.0,1.0,1.0,1.0,1.0,1.0,1.0,1.0]
