10746,[513,654,3864,4440,8022,10326],[1.0,1.0,1.0,1.0,1.0,1.0]
10746,[189,213,1652,3261,4955,5622,9507,10360,10463],[1.0,1.0,1.0,1.0,1.0,1.0,1.0,1.0,1.0]
10746,[47,189,936,2079,4444,4638,5228,6634],[1.0,1.0,1.0,1.0,1.0,1.0,1.0,1.0]
10746,[245,1315,1706,2201,4984,10426],[1.0,1.0,1.0,1.0,1.0,1.0]
10746,[168,2286,2493,5764,5772,6368,8114],[1.0,1.0,1.0,1.0,1.0,1.0,1.0]
10746,[168,3192,7325,8158,8897,9031,9289,9379],[1.0,1.0,1.0,1.0,1.0,1.0,1.0,1.0]
10746,[365,2596,3604,6526,7384,9575,9718,9921],[1.0,1.0,1.0,1.0,1.0,1.0,1.0,1.0]
10746,[168,595,1910,2664,3571,5200,9724],[1.0,1.0,1.0,1.0,1.0,1.0,1.0]
10746,[463,2455,3874,3890,4191,4525,5771,8675,10419],[1.0,1.0,1.0,1.0,1.0,1.0,1.0,1.0,1.0]
10746,[838,1284,2410,3327,4998,7384,7428,10451,10621],[1.0,1.0,1.0,1.0,1.0,1.0,1.0,1.0,1.0]
10746,[14,372,1142,3685,4205,5190,5885,6473,8554],[1.0,1.0,1.0,1.0,1.0,1.0,1.0,1.0,1.0]
10746,[21,1065,1653,4271,5190,7483,9290,9879,10734],[1.0,1.0,1.0,1.0,1.0,1.0,1.0,1.0,1.0]
10746,[463,1099,1144,3864,9595,9831],[1.0,1.0,1.0,1.0,1.0,1.0]
