10746,[39,3844,4440,6131,6753,10201,10342],[1.0,1.0,1.0,1.0,1.0,1.0,1.0]
10746,[213,1237,4055,4778,5017,7463,8635,9632,9865,10360],[1.0,1.0,1.0,1.0,1.0,1.0,1.0,1.0,1.0,1.0]
10746,[2200,2518,3277,3844,5090,8540,9491,9996,10152],[1.0,1.0,1.0,1.0,1.0,1.0,1.0,1.0,1.0]
10746,[936,1475,4868,5090,5845,5928,9289,10595,10621],[1.0,1.0,1.0,1.0,1.0,1.0,1.0,1.0,1.0]
10746,[4066,5304,5564,6547,8638,9972,10621],[1.0,1.0,1.0,1.0,1.0,1.0,1.0]
10746,[357,2351,5181,5304,7572,7718,9270],[1.0,1.0,1.0,1.0,1.0,1.0,1.0]
10746,[822,5181,5304,6125,6547,7652,8638,9523],[1.0,1.0,1.0,1.0,1.0,1.0,1.0,1.0]
10746,[854,3340,6547,6877,7502,9290,9595],[1.0,1.0,1.0,1.0,1.0,1.0,1.0]
10746,[1482,3340,4159,4868,5142,7379,8638,9270,10063],[1.0,1.0,1.0,1.0,1.0,1.0,1.0,1.0,1.0]
10746,[273,4113,4868,6080,6590,7515,7552,9972],[1.0,1.0,1.0,1.0,1.0,1.0,1.0,1.0]
10746,[141,1482,2123,3426,5328,6229],[1.0,1.0,1.0,1.0,1.0,1.0]
10746,[1053,4159,6229,6335,6547,8041,9273],[1.0,1.0,1.0,1.0,1.0,1.0,1.0]
10746,[2916,4159,4921,6080,6547,9972,10063,10621],[1.0,1.0,1.0,1.0,1.0,1.0,1.0,1.0]
10746,[1255,4159,4962,6098,6547,6810,10063,10705],[1.0,1.0,1.0,1.0,1.0,1.0,1.0,1.0]
10746,[1262,2070,3783,6985,7515],[1.0,1.0,1.0,1.0,1.0]
10746,[902,4159,6125,6603,7218,9749,9972,10063],[1.0,1.0,1.0,1.0,1.0,1.0,1.0,1.0]
10746,[2182,2412,4159,4534,7051,10063],[1.0,1.0,1.0,1.0,1.0,1.0]
10746,[1099,1706,1920,3327,3783,4066,4217,8114,9972],[1.0,1.0,1.0,1.0,1.0,1.0,1.0,1.0,1.0]
10746,[3318,3340,3997,4534,5031,6820,9270,9972],[1.0,1.0,1.0,1.0,1.0,1.0,1.0,1.0]
10746,[556,1556,3651,4955,5592,6442,7379,7552],[1.0,1.0,1.0,1.0,1.0,1.0,1.0,1.0]
10746,[2418,4344,4611,4741,5022,6547,7070,7346,8554],[1.0,1.0,1.0,1.0,1.0,1.0,1.0,1.0,1.0]
10746,[26,2418,4405,5140,5304,6442,7070,7105,9851],[1.0,1.0,1.0,1.0,1.0,1.0,1.0,1.0,1.0]
10746,[4191,5737,6341,6753],[1.0,1.0,1.0,1.0]
