10746,[372,2258,2632,3124,4205,4440,7019,10509],[1.0,1.0,1.0,1.0,1.0,1.0,1.0,1.0]
10746,[1926,2518,2632,3006,3124,4778,10152,10509],[1.0,1.0,1.0,1.0,1.0,1.0,1.0,1.0]
10746,[213,1316,2632,3124,3155,3275,6380,10360,10463],[1.0,1.0,1.0,1.0,1.0,1.0,1.0,1.0,1.0]
10746,[936,1316,2245,5918,6003,7031,8494,8542],[1.0,1.0,1.0,1.0,1.0,1.0,1.0,1.0]
10746,[936,1121,1512,3006,4205,8041,8504],[1.0,1.0,1.0,1.0,1.0,1.0,1.0]
10746,[203,2530,5710,8628,9460],[1.0,1.0,1.0,1.0,1.0]
10746,[935,1099,1706,6810,7338,7390,8673,9289,10418],[1.0,1.0,1.0,1.0,1.0,1.0,1.0,1.0,1.0]
10746,[172,2070,4217,4951,5734,9310,10082],[1.0,1.0,1.0,1.0,1.0,1.0,1.0]
10746,[1532,1706,5205,7506,8280,8729,9289,9778,10617],[1.0,1.0,1.0,1.0,1.0,1.0,1.0,1.0,1.0]
10746,[14,3890,7384,10000,10222],[1.0,1.0,1.0,1.0,1.0]
10746,[2530,2652,3426,7384,8628,9632,10000,10189],[1.0,1.0,1.0,1.0,1.0,1.0,1.0,1.0]
10746,[638,1255,2126,2640,3795,4414,5155,5343,5443],[1.0,1.0,1.0,1.0,1.0,1.0,1.0,1.0,1.0]
10746,[777,4414,4581,5000,7468,7843,10609],[1.0,1.0,1.0,1.0,1.0,1.0,1.0]
10746,[372,1084,1706,2298,3054,4191,7316,7384,7649],[1.0,1.0,1.0,1.0,1.0,1.0,1.0,1.0,1.0]
10746,[436,1832,3260,4217,4414,8595,10430,10433],[1.0,1.0,1.0,1.0,1.0,1.0,1.0,1.0]
10746,[3985,4042,4191,5628,5641,7390,8904,10000,10736],[1.0,1.0,1.0,1.0,1.0,1.0,1.0,1.0,1.0]
10746,[206,691,869,5207,5628,5710,9632,10445],[1.0,1.0,1.0,1.0,1.0,1.0,1.0,1.0]
10746,[878,2832,4414,6193,7813,10524],[1.0,1.0,1.0,1.0,1.0,1.0]
10746,[661,896,2114,2596,4084,4534,4934,8504],[1.0,1.0,1.0,1.0,1.0,1.0,1.0,1.0]
10746,[355,2919,4332,5537,5752,7769,9632],[1.0,1.0,1.0,1.0,1.0,1.0,1.0]
10746,[1099,2347,3216,4149,4339,5710],[1.0,1.0,1.0,1.0,1.0,1.0]
10746,[2074,4066,4534,4535,6204,7390],[1.0,1.0,1.0,1.0,1.0,1.0]
