10746,[11,1310,3501,4440,5118,6022,7829,8700],[1.0,1.0,1.0,1.0,1.0,1.0,1.0,1.0]
10746,[213,1304,1652,3501,3979,4013,7254,9160,10360],[1.0,1.0,1.0,1.0,1.0,1.0,1.0,1.0,1.0]
10746,[936,3128,3501,4274,5293,6294,9160,10463],[1.0,1.0,1.0,1.0,1.0,1.0,1.0,1.0]
10746,[11,936,3501,5118,6530,7829,8700,9379],[1.0,1.0,1.0,1.0,1.0,1.0,1.0,1.0]
10746,[143,4042,5215,5915,6676,8908,9262,9973],[1.0,1.0,1.0,1.0,1.0,1.0,1.0,1.0]
10746,[987,2455,4926,6676,7666,8574,8908,9973],[1.0,1.0,1.0,1.0,1.0,1.0,1.0,1.0]
10746,[847,1869,2534,2649,5503,7325,7717,9902,9973],[1.0,1.0,1.0,1.0,1.0,1.0,1.0,1.0,1.0]
10746,[26,1576,3769,4950,4985,8908,9482],[1.0,1.0,1.0,1.0,1.0,1.0,1.0]
10746,[436,776,1255,1862,2455,6303,8908,9289,10433],[1.0,1.0,1.0,1.0,1.0,1.0,1.0,1.0,1.0]
10746,[66,1983,3713,4165,4332,8842,9025,9973],[1.0,1.0,1.0,1.0,1.0,1.0,1.0,1.0]
10746,[1411,1575,3885,4223,4734,6229,9965],[1.0,1.0,1.0,1.0,1.0,1.0,1.0]
10746,[902,1965,6047,7033,9025,9841,9973,9977,10222],[1.0,1.0,1.0,1.0,1.0,1.0,1.0,1.0,1.0]
10746,[68,1255,1535,1829,2185,2455,7502,7768,9025],[1.0,1.0,1.0,1.0,1.0,1.0,1.0,1.0,1.0]
10746,[896,1979,4835,5536,7768,9270],[1.0,1.0,1.0,1.0,1.0,1.0]
10746,[896,1990,2123,4405,5328,6781,7837,10621],[1.0,1.0,1.0,1.0,1.0,1.0,1.0,1.0]
10746,[2618,2950,5988,7923,9025,10323],[1.0,1.0,1.0,1.0,1.0,1.0]
10746,[1878,2278,2792,6676,7899,8338,8574,9973],[1.0,1.0,1.0,1.0,1.0,1.0,1.0,1.0]
10746,[776,1099,1255,4405,4947,9270,9407,10617],[1.0,1.0,1.0,1.0,1.0,1.0,1.0,1.0]
10746,[68,306,1817,4332,5181,5698,6064,7718,8338,8553],[1.0,1.0,1.0,1.0,1.0,1.0,1.0,1.0,1.0,1.0]
10746,[776,896,1965,4534,7857,9281,9420,10714],[1.0,1.0,1.0,1.0,1.0,1.0,1.0,1.0]
10746,[597,902,2182,3545,4456,4534,6615],[1.0,1.0,1.0,1.0,1.0,1.0,1.0]
10746,[1673,1817,2509,4217,6714,9844],[1.0,1.0,1.0,1.0,1.0,1.0]
10746,[14,1185,4165,4287,4681,7373,10087,10222,10433],[1.0,1.0,1.0,1.0,1.0,1.0,1.0,1.0,1.0]
10746,[2771,2916,3685,4516,5595,8091,8956,9632,10621],[1.0,1.0,1.0,1.0,1.0,1.0,1.0,1.0,1.0]
10746,[1085,1983,2649,3270,4534,4838,9025,9973,10618],[1.0,1.0,1.0,1.0,1.0,1.0,1.0,1.0,1.0]
10746,[588,1255,2509,4071,4287,4516,4681,8114],[1.0,1.0,1.0,1.0,1.0,1.0,1.0,1.0]
10746,[588,1099,3426,4071,5537,6229,9841],[1.0,1.0,1.0,1.0,1.0,1.0,1.0]
10746,[14,557,1255,4516,7826,9850,10508],[1.0,1.0,1.0,1.0,1.0,1.0,1.0]
10746,[1983,2407,2812,6100,6547,7074,7353,9025,9973],[1.0,1.0,1.0,1.0,1.0,1.0,1.0,1.0,1.0]
10746,[1817,2649,4165,4223,4465,5793,7316,10139],[1.0,1.0,1.0,1.0,1.0,1.0,1.0,1.0]
10746,[588,956,1255,1862,2649,3713,8293,9754],[1.0,1.0,1.0,1.0,1.0,1.0,1.0,1.0]
10746,[4202,4338,4606,5447,6255,7959,8041,8729],[1.0,1.0,1.0,1.0,1.0,1.0,1.0,1.0]
10746,[4688,6298,8114,8554,9420,10042,10591],[1.0,1.0,1.0,1.0,1.0,1.0,1.0]
10746,[81,305,2455,4217,4239,7506,7649,8893],[1.0,1.0,1.0,1.0,1.0,1.0,1.0,1.0]
10746,[1085,3270,4239,7106,10419],[1.0,1.0,1.0,1.0,1.0]
10746,[1121,3545,4165,4465,4534,5241,7112,7316,9270],[1.0,1.0,1.0,1.0,1.0,1.0,1.0,1.0,1.0]
10746,[2103,2708,4534,4888,5561,7352,7390,10716],[1.0,1.0,1.0,1.0,1.0,1.0,1.0,1.0]
10746,[2123,4217,4888,6524,8114],[1.0,1.0,1.0,1.0,1.0]
10746,[3846,4217,4239,5301,8086,9338,9476,10561,10591],[1.0,1.0,1.0,1.0,1.0,1.0,1.0,1.0,1.0]
10746,[151,1724,2407,3532,5939,6229,7180,8574,10621],[1.0,1.0,1.0,1.0,1.0,1.0,1.0,1.0,1.0]
10746,[191,1037,2916,4191,5181,5480,6676,8595,9973,10222],[1.0,1.0,1.0,1.0,1.0,1.0,1.0,1.0,1.0,1.0]
10746,[2366,2518,3532,3783,4534,5604,7192,9595],[1.0,1.0,1.0,1.0,1.0,1.0,1.0,1.0]
10746,[2407,5564,6676,8574,9973,10042],[1.0,1.0,1.0,1.0,1.0,1.0]
10746,[151,662,1920,3545,5578,6002,9298,10595],[1.0,1.0,1.0,1.0,1.0,1.0,1.0,1.0]
10746,[143,1099,1706,2771,5325,5985,10595],[1.0,1.0,1.0,1.0,1.0,1.0,1.0]
10746,[14,549,4826,5294,5529,8842,10222,10621,10682],[1.0,1.0,1.0,1.0,1.0,1.0,1.0,1.0,1.0]
10746,[869,1904,5181,5345,6167,6295,8347,9420],[1.0,1.0,1.0,1.0,1.0,1.0,1.0,1.0]
10746,[4294,4338,6229,6676,8574,8582,9290,9973],[1.0,1.0,1.0,1.0,1.0,1.0,1.0,1.0]
10746,[73,1862,2649,3713,4074,4165,4202,7654,8908],[1.0,1.0,1.0,1.0,1.0,1.0,1.0,1.0,1.0]
10746,[2493,4202,4287,4338,4681,5564],[1.0,1.0,1.0,1.0,1.0,1.0]
10746,[2916,3270,3545,4202,4338,6229,9939,10406],[1.0,1.0,1.0,1.0,1.0,1.0,1.0,1.0]
10746,[463,2956,3741,3922,5985,6229],[1.0,1.0,1.0,1.0,1.0,1.0]
10746,[902,956,2771,4929,5301,6229,8114],[1.0,1.0,1.0,1.0,1.0,1.0,1.0]
10746,[1210,6676,7272,7343,8574,9185,9973],[1.0,1.0,1.0,1.0,1.0,1.0,1.0]
10746,[432,1862,3713,3867,4165,4223,4681,9298,9939],[1.0,1.0,1.0,1.0,1.0,1.0,1.0,1.0,1.0]
10746,[11,2509,3501,5118,7829,8700],[1.0,1.0,1.0,1.0,1.0,1.0]
