10746,[2200,3277,4440,5090,5845,6457,9491,9996],[1.0,1.0,1.0,1.0,1.0,1.0,1.0,1.0]
10746,[213,1237,3277,4778,5820,7937,8635,9632,9972,10360],[1.0,1.0,1.0,1.0,1.0,1.0,1.0,1.0,1.0,1.0]
10746,[2200,2518,3277,3844,5358,9491,9996,10152,10463],[1.0,1.0,1.0,1.0,1.0,1.0,1.0,1.0,1.0]
10746,[39,936,2200,3844,5090,6131,6753,10201],[1.0,1.0,1.0,1.0,1.0,1.0,1.0,1.0]
10746,[567,896,936,3277,5090,5845,9491,9996,10068],[1.0,1.0,1.0,1.0,1.0,1.0,1.0,1.0,1.0]
10746,[172,411,2623,3109,3862,5158,5563,8041,9465],[1.0,1.0,1.0,1.0,1.0,1.0,1.0,1.0,1.0]
10746,[411,747,7877,8917,10068,10082,10433,10621],[1.0,1.0,1.0,1.0,1.0,1.0,1.0,1.0]
10746,[1255,2366,2492,9289,9910,10595,10621],[1.0,1.0,1.0,1.0,1.0,1.0,1.0]
10746,[1901,2992,4921,5978,7218,9140,9632],[1.0,1.0,1.0,1.0,1.0,1.0,1.0]
10746,[1255,1817,1946,3772,6167,8114,9910],[1.0,1.0,1.0,1.0,1.0,1.0,1.0]
10746,[1275,1990,2126,3426,5299,6229,6335,6561],[1.0,1.0,1.0,1.0,1.0,1.0,1.0,1.0]
10746,[14,1155,4374,8073,9910,10056],[1.0,1.0,1.0,1.0,1.0,1.0]
10746,[411,608,1865,5304,8114,9270,9523,9972,10621],[1.0,1.0,1.0,1.0,1.0,1.0,1.0,1.0,1.0]
10746,[1066,1340,1411,3484,4486,8041,9625],[1.0,1.0,1.0,1.0,1.0,1.0,1.0]
10746,[956,2123,3010,3732,4191,6087,7390,8991,10552],[1.0,1.0,1.0,1.0,1.0,1.0,1.0,1.0,1.0]
10746,[5845,6547],[1.0,1.0]
