10746,[2795,3588,4440,6634,7579,7610,9637,10687],[1.0,1.0,1.0,1.0,1.0,1.0,1.0,1.0]
10746,[213,2524,2530,5508,5820,7579,7753,7937,8442,10360],[1.0,1.0,1.0,1.0,1.0,1.0,1.0,1.0,1.0,1.0]
10746,[2518,3006,3588,4778,7579,9637,10152,10687],[1.0,1.0,1.0,1.0,1.0,1.0,1.0,1.0]
10746,[2785,3093,4677,5486,10463,10687],[1.0,1.0,1.0,1.0,1.0,1.0]
10746,[510,936,2343,3254,3851,4595,10463],[1.0,1.0,1.0,1.0,1.0,1.0,1.0]
10746,[1291,4064,4185,4864,6669,8479,10463],[1.0,1.0,1.0,1.0,1.0,1.0,1.0]
10746,[305,936,1681,2185,4185,7019,7033,10056],[1.0,1.0,1.0,1.0,1.0,1.0,1.0,1.0]
10746,[833,933,2530,6172,7610,8073,9092,10089],[1.0,1.0,1.0,1.0,1.0,1.0,1.0,1.0]
10746,[121,1706,2407,2771,3426,7079,8235,9270,9293],[1.0,1.0,1.0,1.0,1.0,1.0,1.0,1.0,1.0]
10746,[526,3669,6067,7230,8720,9118,10621],[1.0,1.0,1.0,1.0,1.0,1.0,1.0]
10746,[122,578,2610,3082,3290,7645,8114,10089,10520],[1.0,1.0,1.0,1.0,1.0,1.0,1.0,1.0,1.0]
10746,[727,2447,3741,4405,4954,5996,6985,10269],[1.0,1.0,1.0,1.0,1.0,1.0,1.0,1.0]
10746,[1517,2294,2530,7610],[1.0,1.0,1.0,1.0]
10746,[168,463,878,2349,2514,2916,4420,5181,6495,9379],[1.0,1.0,1.0,1.0,1.0,1.0,1.0,1.0,1.0,1.0]
10746,[1200,1429,2708,3545,4420,6335,7242,7255,7288,9289],[1.0,1.0,1.0,1.0,1.0,1.0,1.0,1.0,1.0,1.0]
10746,[409,2795,3515,4055,5420,6634,7416,8695],[1.0,1.0,1.0,1.0,1.0,1.0,1.0,1.0]
10746,[2840,3588,3889,4683,7136,7536,7579,7753,8442,10237],[1.0,1.0,1.0,1.0,1.0,1.0,1.0,1.0,1.0,1.0]
10746,[956,3509,4191,4217,5052,6839,7579,10687],[1.0,1.0,1.0,1.0,1.0,1.0,1.0,1.0]
10746,[4217,8968],[1.0,1.0]
