10746,[121,2527,4440,4686,8982,9433,9812],[1.0,1.0,1.0,1.0,1.0,1.0,1.0]
10746,[213,2518,2779,3597,4778,4895,5254,9988,10247,10360],[1.0,1.0,1.0,1.0,1.0,1.0,1.0,1.0,1.0,1.0]
10746,[936,2272,2876,7101,7381,7789,9812,10152],[1.0,1.0,1.0,1.0,1.0,1.0,1.0,1.0]
10746,[769,956,1099,2022,2530,4757,7720,9029,10576],[1.0,1.0,1.0,1.0,1.0,1.0,1.0,1.0,1.0]
10746,[121,243,558,1299,4686,7699,7768,10381],[1.0,1.0,1.0,1.0,1.0,1.0,1.0,1.0]
10746,[705,4649,7045,7316,8576,8580,9290,10082,10139],[1.0,1.0,1.0,1.0,1.0,1.0,1.0,1.0,1.0]
10746,[121,558,2081,2701,7720,8073,8509,9029,9748],[1.0,1.0,1.0,1.0,1.0,1.0,1.0,1.0,1.0]
10746,[121,243,558,1907,5245,8552,9632,10381],[1.0,1.0,1.0,1.0,1.0,1.0,1.0,1.0]
10746,[243,558,1907,2455,4682,5245,6047,9632,10056],[1.0,1.0,1.0,1.0,1.0,1.0,1.0,1.0,1.0]
10746,[463,558,1099,6606,7937,8377,9262],[1.0,1.0,1.0,1.0,1.0,1.0,1.0]
10746,[243,5520,5983,8391,8509,8552,10381],[1.0,1.0,1.0,1.0,1.0,1.0,1.0]
10746,[121,2455,4804,5109,6002,6877,9701,10208,10419],[1.0,1.0,1.0,1.0,1.0,1.0,1.0,1.0,1.0]
10746,[356,4669,5429,8578,8701,9528,9557,10082],[1.0,1.0,1.0,1.0,1.0,1.0,1.0,1.0]
10746,[1865,2916,5928,7379,8595,10222],[1.0,1.0,1.0,1.0,1.0,1.0]
10746,[14,5820,8480,8509,10381,10438,10536,10621],[1.0,1.0,1.0,1.0,1.0,1.0,1.0,1.0]
10746,[2916,4424,4649,8875,9748],[1.0,1.0,1.0,1.0,1.0]
10746,[125,2123,2530,3911,6115],[1.0,1.0,1.0,1.0,1.0]
10746,[806,2427,2683,4587,4649,5217,5628,8731,9748,10203],[1.0,1.0,1.0,1.0,1.0,1.0,1.0,1.0,1.0,1.0]
10746,[806,1059,2427,5181,8595,9534],[1.0,1.0,1.0,1.0,1.0,1.0]
10746,[1726,1791,2407,3741,5142,5154,6212,9748],[1.0,1.0,1.0,1.0,1.0,1.0,1.0,1.0]
10746,[2530,3890,7074,7826,8690,9632,10093,10291],[1.0,1.0,1.0,1.0,1.0,1.0,1.0,1.0]
10746,[2527,2530,2779,3597,4895,5254,6968,7489,8982,9988],[1.0,1.0,1.0,1.0,1.0,1.0,1.0,1.0,1.0,1.0]
10746,[2729,8956,8982,9812],[1.0,1.0,1.0,1.0]
