10746,[3669,4440,4681,4750,6753,9677,10187,10360],[1.0,1.0,1.0,1.0,1.0,1.0,1.0,1.0]
10746,[213,1193,1652,2518,2661,4778,10152,10187,10463],[1.0,1.0,1.0,1.0,1.0,1.0,1.0,1.0,1.0]
10746,[548,936,7800,7867,9491,10435],[1.0,1.0,1.0,1.0,1.0,1.0]
10746,[991,1099,1255,4606,9289,10398,10621],[1.0,1.0,1.0,1.0,1.0,1.0,1.0]
10746,[1983,8425,10398,10714],[1.0,1.0,1.0,1.0]
10746,[51,1983,2530,4154,5205,7316,10398],[1.0,1.0,1.0,1.0,1.0,1.0,1.0]
10746,[1255,3438,3963,8425,10051,10398],[1.0,1.0,1.0,1.0,1.0,1.0]
10746,[4955,5205,6213,7548,8425,10398],[1.0,1.0,1.0,1.0,1.0,1.0]
10746,[1983,2530,5592,10398],[1.0,1.0,1.0,1.0]
10746,[1255,2530,3438,8425,9262,10051,10398],[1.0,1.0,1.0,1.0,1.0,1.0,1.0]
10746,[464,2861,4606,8425,9292,10051,10222,10398],[1.0,1.0,1.0,1.0,1.0,1.0,1.0,1.0]
10746,[1099,2055,3509,4405,7697,9912,10567],[1.0,1.0,1.0,1.0,1.0,1.0,1.0]
10746,[643,2228,3097,3779,5877,7548],[1.0,1.0,1.0,1.0,1.0,1.0]
10746,[27,436,902,8425,9281,9568,10398],[1.0,1.0,1.0,1.0,1.0,1.0,1.0]
10746,[956,4244,4955,5596,7699,7922,8651,9270],[1.0,1.0,1.0,1.0,1.0,1.0,1.0,1.0]
10746,[411,2530,3097,4440,4810,6442,6468,8270],[1.0,1.0,1.0,1.0,1.0,1.0,1.0,1.0]
10746,[1181,1983,2708,4688,6754,7572,8041,9953],[1.0,1.0,1.0,1.0,1.0,1.0,1.0,1.0]
10746,[1341,3514,4377,4534,4606,4688,4983,5662],[1.0,1.0,1.0,1.0,1.0,1.0,1.0,1.0]
10746,[1855,2530,4688,4983,7566,9270,9749,10051],[1.0,1.0,1.0,1.0,1.0,1.0,1.0,1.0]
10746,[1341,2530,3514,4377,4534,4606,5662,9262],[1.0,1.0,1.0,1.0,1.0,1.0,1.0,1.0]
10746,[464,1099,1341,2055,2861,4377,5662,10222,10567],[1.0,1.0,1.0,1.0,1.0,1.0,1.0,1.0,1.0]
10746,[416,1038,4058,7611,9851,10621],[1.0,1.0,1.0,1.0,1.0,1.0]
10746,[1776,2272,2530,2708,2876,7101,7381],[1.0,1.0,1.0,1.0,1.0,1.0,1.0]
