10746,[3139,4440,6777,7813,8295,10032,10270],[1.0,1.0,1.0,1.0,1.0,1.0,1.0]
10746,[463,1652,4534,7074,8460,9972,10360,10411,10445],[1.0,1.0,1.0,1.0,1.0,1.0,1.0,1.0,1.0]
10746,[132,213,241,1478,3031,4558,9491],[1.0,1.0,1.0,1.0,1.0,1.0,1.0]
10746,[936,3269,6890,7201,7378,9491,10032,10463],[1.0,1.0,1.0,1.0,1.0,1.0,1.0,1.0]
10746,[936,1193,2260,5244,5641,6457,6466,9972,10032],[1.0,1.0,1.0,1.0,1.0,1.0,1.0,1.0,1.0]
10746,[463,2418,3514,4191,4534,8893,10433],[1.0,1.0,1.0,1.0,1.0,1.0,1.0]
10746,[463,3514,6035,7384,7810,7883,9270,10271],[1.0,1.0,1.0,1.0,1.0,1.0,1.0,1.0]
10746,[463,1099,1817,5977,6383,6457,6660,9972],[1.0,1.0,1.0,1.0,1.0,1.0,1.0,1.0]
10746,[78,878,2916,4154,4192,7316,8450,8904,9352],[1.0,1.0,1.0,1.0,1.0,1.0,1.0,1.0,1.0]
10746,[217,4552,5244,5710,7218,7606],[1.0,1.0,1.0,1.0,1.0,1.0]
10746,[878,2530,6229,7218],[1.0,1.0,1.0,1.0]
10746,[597,2596,3985,4845,7045,8694,10621],[1.0,1.0,1.0,1.0,1.0,1.0,1.0]
10746,[556,3545,6457,8904,9000,9289,9972],[1.0,1.0,1.0,1.0,1.0,1.0,1.0]
10746,[1255,1678,1825,6457,7502,9247,9972],[1.0,1.0,1.0,1.0,1.0,1.0,1.0]
10746,[1990,3290,3545,4891,7166,7336,8114],[1.0,1.0,1.0,1.0,1.0,1.0,1.0]
10746,[677,902,2425,4520,4611,4891,7201,8971,9646,9953],[1.0,1.0,1.0,1.0,1.0,1.0,1.0,1.0,1.0,1.0]
10746,[44,251,747,902,3965,7379,8280,9972,10682],[1.0,1.0,1.0,1.0,1.0,1.0,1.0,1.0,1.0]
10746,[747,837,1588,7379,8595],[1.0,1.0,1.0,1.0,1.0]
10746,[121,747,3198,4117,5146,7379,9270,10621],[1.0,1.0,1.0,1.0,1.0,1.0,1.0,1.0]
10746,[677,747,2447,3139,3509,4335,7917,9270],[1.0,1.0,1.0,1.0,1.0,1.0,1.0,1.0]
10746,[1375,1652,2047,4080,6820,8460,8610,9222],[1.0,1.0,1.0,1.0,1.0,1.0,1.0,1.0]
10746,[3139,4953,5668,6777,7063,7341,8295,9989,10411],[1.0,1.0,1.0,1.0,1.0,1.0,1.0,1.0,1.0]
10746,[433,1255,2009,4755,7205,9222,10032],[1.0,1.0,1.0,1.0,1.0,1.0,1.0]
10746,[435,3601,5123],[1.0,1.0,1.0]
