10746,[2200,3277,4440,5090,5845,8635,9491,9996],[1.0,1.0,1.0,1.0,1.0,1.0,1.0,1.0]
10746,[213,1237,2200,2518,3277,4778,5820,7937,10152,10360],[1.0,1.0,1.0,1.0,1.0,1.0,1.0,1.0,1.0,1.0]
10746,[936,3244,3277,4722,5373,9491,9996,10463],[1.0,1.0,1.0,1.0,1.0,1.0,1.0,1.0]
10746,[936,2200,3277,5090,5102,5845,9491,9996],[1.0,1.0,1.0,1.0,1.0,1.0,1.0,1.0]
10746,[245,860,872,1134,4217,5721,9713,10433],[1.0,1.0,1.0,1.0,1.0,1.0,1.0,1.0]
10746,[1234,1238,3257,3547,5721,7313,7427],[1.0,1.0,1.0,1.0,1.0,1.0,1.0]
10746,[567,2176,3257,3545,5721,6335,9463,10539],[1.0,1.0,1.0,1.0,1.0,1.0,1.0,1.0]
10746,[861,1683,2708,3372,3719,4725,4857,4883,9851],[1.0,1.0,1.0,1.0,1.0,1.0,1.0,1.0,1.0]
10746,[332,2176,3327,4854,6590,9327,9463],[1.0,1.0,1.0,1.0,1.0,1.0,1.0]
10746,[5845],[1.0]
