10746,[175,1652,4440,6689,8177,8323,10054,10360],[1.0,1.0,1.0,1.0,1.0,1.0,1.0,1.0]
10746,[134,213,1827,1871,2224,5351,6980,8120,10463],[1.0,1.0,1.0,1.0,1.0,1.0,1.0,1.0,1.0]
10746,[242,936,1369,1791,2388,6341,8120,9270],[1.0,1.0,1.0,1.0,1.0,1.0,1.0,1.0]
10746,[1098,1438,2123,5447,8584,8595,8893,9882,10716],[1.0,1.0,1.0,1.0,1.0,1.0,1.0,1.0,1.0]
10746,[1098,2278,3850,9882,9912,10716],[1.0,1.0,1.0,1.0,1.0,1.0]
10746,[121,5564,6335,7746,9262,10068,10203,10419],[1.0,1.0,1.0,1.0,1.0,1.0,1.0,1.0]
10746,[121,1829,2640,2708,6335,8595,9289],[1.0,1.0,1.0,1.0,1.0,1.0,1.0]
10746,[51,2425,2530,5564,8595,10419],[1.0,1.0,1.0,1.0,1.0,1.0]
10746,[1098,2123,3426,3685,5440,7205,7813,8537],[1.0,1.0,1.0,1.0,1.0,1.0,1.0,1.0]
10746,[121,1275,1726,2278,3484,3656,8584],[1.0,1.0,1.0,1.0,1.0,1.0,1.0]
10746,[3484,3925,4671,5564,5985,9463,9595],[1.0,1.0,1.0,1.0,1.0,1.0,1.0]
10746,[2351,2455,5238,8584,9463],[1.0,1.0,1.0,1.0,1.0]
10746,[1361,3532,4671,8114,8584,10419],[1.0,1.0,1.0,1.0,1.0,1.0]
10746,[463,3070,4258,4520,8903,8904,9595,9639],[1.0,1.0,1.0,1.0,1.0,1.0,1.0,1.0]
10746,[2123,2530,7074,8475,8537,8584,10616],[1.0,1.0,1.0,1.0,1.0,1.0,1.0]
10746,[869,1084,1098,2123,2530,3514,8041],[1.0,1.0,1.0,1.0,1.0,1.0,1.0]
10746,[1829,1968,2530,8041,9290],[1.0,1.0,1.0,1.0,1.0]
10746,[1098,1255,2123,7247,7518,9183,9290,10203],[1.0,1.0,1.0,1.0,1.0,1.0,1.0,1.0]
10746,[860,1683,2530,8475,9989,10621],[1.0,1.0,1.0,1.0,1.0,1.0]
10746,[2530,3741,5878,8041,8595,8602,9595],[1.0,1.0,1.0,1.0,1.0,1.0,1.0]
10746,[245,463,1098,2123,2530,8582],[1.0,1.0,1.0,1.0,1.0,1.0]
10746,[51,2919,4344,4888,5592,7316,8114,10397,10621,10716],[1.0,1.0,1.0,1.0,1.0,1.0,1.0,1.0,1.0,1.0]
10746,[2074,2530,5452,6341,6609,8475,10539],[1.0,1.0,1.0,1.0,1.0,1.0,1.0]
10746,[1099,2074,3082,6229,9298],[1.0,1.0,1.0,1.0,1.0]
10746,[2530,3059,4888,4934,8475,8893,10621],[1.0,1.0,1.0,1.0,1.0,1.0,1.0]
10746,[51,1275,1726,1847,2530,3741,4486,4671],[1.0,1.0,1.0,1.0,1.0,1.0,1.0,1.0]
10746,[51,2291,3340,6394,7165,8114,8575,9270,10539],[1.0,1.0,1.0,1.0,1.0,1.0,1.0,1.0,1.0]
10746,[463,1099,1275,2123,2260,2530],[1.0,1.0,1.0,1.0,1.0,1.0]
10746,[463,902,1098,1629,2123,3768,8475],[1.0,1.0,1.0,1.0,1.0,1.0,1.0]
10746,[463,2472,2916,3257,8475,10016,10433],[1.0,1.0,1.0,1.0,1.0,1.0,1.0]
10746,[869,2530,3732,3748,5564,5626,8347,8475,10508],[1.0,1.0,1.0,1.0,1.0,1.0,1.0,1.0,1.0]
10746,[902,2530,3547,4149,4171,4671,5944],[1.0,1.0,1.0,1.0,1.0,1.0,1.0]
10746,[1255,2455,3340,3532,3586,3669,5181,9270],[1.0,1.0,1.0,1.0,1.0,1.0,1.0,1.0]
10746,[1326,1369,2916,3850,4534,6533,6952,8915],[1.0,1.0,1.0,1.0,1.0,1.0,1.0,1.0]
10746,[463,1098,2123,2530,3741],[1.0,1.0,1.0,1.0,1.0]
10746,[1098,2123,2530,3965,8595,8908],[1.0,1.0,1.0,1.0,1.0,1.0]
10746,[892,4420,6341,8314,8340,8893,10621],[1.0,1.0,1.0,1.0,1.0,1.0,1.0]
10746,[902,4843,4965,5314,6524,7444,9595],[1.0,1.0,1.0,1.0,1.0,1.0,1.0]
10746,[1369,1965,2123,3965,4843,5146,7645,9555,9912],[1.0,1.0,1.0,1.0,1.0,1.0,1.0,1.0,1.0]
10746,[463,902,2472,3892,4389,8280],[1.0,1.0,1.0,1.0,1.0,1.0]
10746,[1099,2530,3340,3892,4280,5793,6919],[1.0,1.0,1.0,1.0,1.0,1.0,1.0]
10746,[1965,2530,4771,6919,8941,9270,9420],[1.0,1.0,1.0,1.0,1.0,1.0,1.0]
10746,[4191,5793,10054],[1.0,1.0,1.0]
