10746,[1513,4440,4953,7990,8773,10067],[1.0,1.0,1.0,1.0,1.0,1.0]
10746,[1513,2518,3900,4778,8332,10067,10152,10360],[1.0,1.0,1.0,1.0,1.0,1.0,1.0,1.0]
10746,[213,1316,2289,4682,5918,7031,7153,7339,8494,8859],[1.0,1.0,1.0,1.0,1.0,1.0,1.0,1.0,1.0,1.0]
10746,[27,896,1706,2030,3340,4891,5129,9000],[1.0,1.0,1.0,1.0,1.0,1.0,1.0,1.0]
10746,[66,821,1803,2530,4534,7548,9365,10398],[1.0,1.0,1.0,1.0,1.0,1.0,1.0,1.0]
10746,[2123,2530,2708,4606,4961,5142,6002,9902],[1.0,1.0,1.0,1.0,1.0,1.0,1.0,1.0]
10746,[1098,2030,4511,4606,4735,7548,9262,9365],[1.0,1.0,1.0,1.0,1.0,1.0,1.0,1.0]
10746,[463,2530,2919,3741,4534,4597,6468,7548],[1.0,1.0,1.0,1.0,1.0,1.0,1.0,1.0]
10746,[556,2030,3340,7084,7877,8041,9292,10621],[1.0,1.0,1.0,1.0,1.0,1.0,1.0,1.0]
10746,[5215,5564,7020,7548,8453,9365],[1.0,1.0,1.0,1.0,1.0,1.0]
10746,[1299,2260,2493,4202,8114,9365,9851,10621],[1.0,1.0,1.0,1.0,1.0,1.0,1.0,1.0]
10746,[3089,3144,4561,4888,4953,8347,9270,9298],[1.0,1.0,1.0,1.0,1.0,1.0,1.0,1.0]
