10746,[39,3844,4440,6131,6753,9972,10201],[1.0,1.0,1.0,1.0,1.0,1.0,1.0]
10746,[213,1237,4055,4778,5017,7463,8635,9632,9865,10360],[1.0,1.0,1.0,1.0,1.0,1.0,1.0,1.0,1.0,1.0]
10746,[2200,2518,3277,3844,5090,8540,9491,9996,10152],[1.0,1.0,1.0,1.0,1.0,1.0,1.0,1.0,1.0]
10746,[936,5090,5564,5845,6819,10508],[1.0,1.0,1.0,1.0,1.0,1.0]
10746,[2916,3651,4868,5592,6229,6547,8638,9298],[1.0,1.0,1.0,1.0,1.0,1.0,1.0,1.0]
10746,[529,896,1376,4534,6547,8638,9953,10508],[1.0,1.0,1.0,1.0,1.0,1.0,1.0,1.0]
10746,[2162,2182,5345,8638,10082,10422],[1.0,1.0,1.0,1.0,1.0,1.0]
10746,[758,4868,4921,5142,9328,9972,10281],[1.0,1.0,1.0,1.0,1.0,1.0,1.0]
10746,[902,1150,4716,4970,5142,8114,9289,10419],[1.0,1.0,1.0,1.0,1.0,1.0,1.0,1.0]
10746,[285,3545,4217,4405,4534,5320],[1.0,1.0,1.0,1.0,1.0,1.0]
10746,[2493,3426,4534,5197,6547,8216,9328,9796,10336],[1.0,1.0,1.0,1.0,1.0,1.0,1.0,1.0,1.0]
10746,[896,956,2878,2909,5885,7310,9424,10336],[1.0,1.0,1.0,1.0,1.0,1.0,1.0,1.0]
10746,[712,844,956,1266,3433,5304,7379,8991,9831],[1.0,1.0,1.0,1.0,1.0,1.0,1.0,1.0,1.0]
10746,[463,6335,6819,7515,8114,9851],[1.0,1.0,1.0,1.0,1.0,1.0]
10746,[4066,4611,4868,5197,5207,5304,6229,9298,9555,9972],[1.0,1.0,1.0,1.0,1.0,1.0,1.0,1.0,1.0,1.0]
10746,[6753],[1.0]
