10746,[845,3295,4440,7722,8407,9496,9878],[1.0,1.0,1.0,1.0,1.0,1.0,1.0]
10746,[2763,3295,4864,5265,5820,6634,7937,10187],[1.0,1.0,1.0,1.0,1.0,1.0,1.0,1.0]
10746,[1652,2518,4778,4864,7722,8407,9377,10152,10360],[1.0,1.0,1.0,1.0,1.0,1.0,1.0,1.0,1.0]
10746,[213,1398,4954,6352,9117,9769,10187,10463],[1.0,1.0,1.0,1.0,1.0,1.0,1.0,1.0]
10746,[936,2763,4750,5265,6753,10187,10463],[1.0,1.0,1.0,1.0,1.0,1.0,1.0]
10746,[878,936,1788,2530,5265,9183,9262],[1.0,1.0,1.0,1.0,1.0,1.0,1.0]
10746,[164,2530,4552,4881,5592,6170,6527],[1.0,1.0,1.0,1.0,1.0,1.0,1.0]
10746,[878,979,2530,2746,5181,9183,9262],[1.0,1.0,1.0,1.0,1.0,1.0,1.0]
10746,[4475,5181,5592,6170,8904,9183],[1.0,1.0,1.0,1.0,1.0,1.0]
10746,[2351,3257,5626,6603,8199,8506,8913],[1.0,1.0,1.0,1.0,1.0,1.0,1.0]
10746,[1265,5626,8199,8913,9851,10135,10203,10419,10617],[1.0,1.0,1.0,1.0,1.0,1.0,1.0,1.0,1.0]
10746,[878,2460,2530,3082,9835,10358],[1.0,1.0,1.0,1.0,1.0,1.0]
10746,[4203,8041,8904,9183,9835,10358],[1.0,1.0,1.0,1.0,1.0,1.0]
10746,[217,1550,2351,4475,6574,8199],[1.0,1.0,1.0,1.0,1.0,1.0]
10746,[312,878,3669,4534,5181,6168,8114,8506,9270],[1.0,1.0,1.0,1.0,1.0,1.0,1.0,1.0,1.0]
10746,[979,2115,2530,4344,7208,8199,8236,9595],[1.0,1.0,1.0,1.0,1.0,1.0,1.0,1.0]
10746,[1706,3514,3850,4475,6170,8904,10003],[1.0,1.0,1.0,1.0,1.0,1.0,1.0]
10746,[2351,2530,4203,8041,9183,9831,10397],[1.0,1.0,1.0,1.0,1.0,1.0,1.0]
10746,[1107,1218,1284,3295,4864,7722,10247],[1.0,1.0,1.0,1.0,1.0,1.0,1.0]
10746,[1652,4864,6730,7989],[1.0,1.0,1.0,1.0]
