10746,[513,654,3864,4440,8022,10326],[1.0,1.0,1.0,1.0,1.0,1.0]
10746,[213,1652,1801,3168,3261,4955,5622,10360,10463],[1.0,1.0,1.0,1.0,1.0,1.0,1.0,1.0,1.0]
10746,[172,936,4405,4821,5131,5351,6229,6335,8053],[1.0,1.0,1.0,1.0,1.0,1.0,1.0,1.0,1.0]
10746,[544,902,3946,6229,6335,8729,9632,10024,10222],[1.0,1.0,1.0,1.0,1.0,1.0,1.0,1.0,1.0]
10746,[902,914,1073,1706,3321,4424,4688,10024],[1.0,1.0,1.0,1.0,1.0,1.0,1.0,1.0]
10746,[5348,7745,8056,8114,8658,9264,9665,10627],[1.0,1.0,1.0,1.0,1.0,1.0,1.0,1.0]
10746,[776,2182,5348,6229,6335,7379,9665,10627],[1.0,1.0,1.0,1.0,1.0,1.0,1.0,1.0]
10746,[650,1275,2170,7117,7379,7745,9831,10024],[1.0,1.0,1.0,1.0,1.0,1.0,1.0,1.0]
10746,[3850,4258,4512,5351,5597,6810,8114,9049,10132],[1.0,1.0,1.0,1.0,1.0,1.0,1.0,1.0,1.0]
10746,[380,1829,2247,2455,2673,3669,7745],[1.0,1.0,1.0,1.0,1.0,1.0,1.0]
10746,[1920,2079,2618,3538,3651,4217,7843,9270],[1.0,1.0,1.0,1.0,1.0,1.0,1.0,1.0]
10746,[776,1073,3946,4191,6080,6341,9595,9851],[1.0,1.0,1.0,1.0,1.0,1.0,1.0,1.0]
10746,[896,1310,2123,3186,3638,4217,7363,9776],[1.0,1.0,1.0,1.0,1.0,1.0,1.0,1.0]
10746,[776,1073,1099,2455,2618,4191,6080,6341],[1.0,1.0,1.0,1.0,1.0,1.0,1.0,1.0]
10746,[348,2022,2247,2493,7415,9270,9290,9381],[1.0,1.0,1.0,1.0,1.0,1.0,1.0,1.0]
10746,[1310,3638,3993,4516,5628,6167,6335,7888,9328],[1.0,1.0,1.0,1.0,1.0,1.0,1.0,1.0,1.0]
10746,[1073,2418,3998,4217,4258,4405,5820,6976,8246],[1.0,1.0,1.0,1.0,1.0,1.0,1.0,1.0,1.0]
10746,[956,1073,4114,5820,8246,8621,9534,10327],[1.0,1.0,1.0,1.0,1.0,1.0,1.0,1.0]
10746,[463,2182,2364,2856,3998,5448,6976,8621,9997],[1.0,1.0,1.0,1.0,1.0,1.0,1.0,1.0,1.0]
10746,[365,1060,1160,2028,4629,8114,9883,10222,10433],[1.0,1.0,1.0,1.0,1.0,1.0,1.0,1.0,1.0]
10746,[1073,2496,3864,6080],[1.0,1.0,1.0,1.0]
