10746,[1237,4440,4722,5373,7979,8635,10360],[1.0,1.0,1.0,1.0,1.0,1.0,1.0]
10746,[213,936,1749,3244,4750,6753,7153,9049,10187],[1.0,1.0,1.0,1.0,1.0,1.0,1.0,1.0,1.0]
10746,[1508,4200,6193,7117,9895,10335,10623],[1.0,1.0,1.0,1.0,1.0,1.0,1.0]
10746,[14,364,668,956,1136,6115,10680],[1.0,1.0,1.0,1.0,1.0,1.0,1.0]
10746,[365,400,1031,1054,3835,8509,9632,10115],[1.0,1.0,1.0,1.0,1.0,1.0,1.0,1.0]
10746,[1005,1099,2310,4961,6319,9407],[1.0,1.0,1.0,1.0,1.0,1.0]
10746,[1099,1144,3586,3941,4801,5225,9851,10621],[1.0,1.0,1.0,1.0,1.0,1.0,1.0,1.0]
10746,[313,6335,7045,7116,7117,7941,8961,9708,10107,10621],[1.0,1.0,1.0,1.0,1.0,1.0,1.0,1.0,1.0,1.0]
10746,[463,1960,3070,3321,3596,5820,6330,10191],[1.0,1.0,1.0,1.0,1.0,1.0,1.0,1.0]
10746,[313,1496,2493,2708,2998,4217,9148,9611,10139],[1.0,1.0,1.0,1.0,1.0,1.0,1.0,1.0,1.0]
10746,[313,1706,2708,4105,6471,7813,8554,9102,9611],[1.0,1.0,1.0,1.0,1.0,1.0,1.0,1.0,1.0]
10746,[391,2052,2493,2588,4702,5752,10189],[1.0,1.0,1.0,1.0,1.0,1.0,1.0]
10746,[1639,1680,2447,4611,4734,6791,6972,9632,9851],[1.0,1.0,1.0,1.0,1.0,1.0,1.0,1.0,1.0]
10746,[1960,3257,4611,7216,7533,8817,9433,9917,10433],[1.0,1.0,1.0,1.0,1.0,1.0,1.0,1.0,1.0]
10746,[589,2751,4074,4722,8256,8704,9002],[1.0,1.0,1.0,1.0,1.0,1.0,1.0]
