10746,[96,294,688,4440,5084,5624,9496],[1.0,1.0,1.0,1.0,1.0,1.0,1.0]
10746,[213,845,851,2518,4778,7416,9878,10152,10360,10463],[1.0,1.0,1.0,1.0,1.0,1.0,1.0,1.0,1.0,1.0]
10746,[936,1853,3450,3608,9305,9491],[1.0,1.0,1.0,1.0,1.0,1.0]
10746,[139,936,2855,6631,9491,10463],[1.0,1.0,1.0,1.0,1.0,1.0]
10746,[936,1853,3450,3608,9305,9491],[1.0,1.0,1.0,1.0,1.0,1.0]
10746,[5242,5664,9322,10463],[1.0,1.0,1.0,1.0]
10746,[581,688,936,1202,5336,9491,9905,10407],[1.0,1.0,1.0,1.0,1.0,1.0,1.0,1.0]
10746,[417,2916,3835,4058,4611,4669,4755,7384,7548],[1.0,1.0,1.0,1.0,1.0,1.0,1.0,1.0,1.0]
10746,[14,766,1255,4171,5698,6603,9851,10388],[1.0,1.0,1.0,1.0,1.0,1.0,1.0,1.0]
10746,[328,411,1535,1920,2708,4058,4258,5564],[1.0,1.0,1.0,1.0,1.0,1.0,1.0,1.0]
10746,[1706,2708,3783,4058,9289,10426,10539,10716],[1.0,1.0,1.0,1.0,1.0,1.0,1.0,1.0]
10746,[411,896,2618,3505,4058,4188,6033,8114],[1.0,1.0,1.0,1.0,1.0,1.0,1.0,1.0]
10746,[417,2123,2443,4294,5819,6237,7074,7384,8032],[1.0,1.0,1.0,1.0,1.0,1.0,1.0,1.0,1.0]
10746,[1187,1255,5819,6613,7560,10433,10621],[1.0,1.0,1.0,1.0,1.0,1.0,1.0]
10746,[2232,4058,4861,5819,7074,7506,10093,10621],[1.0,1.0,1.0,1.0,1.0,1.0,1.0,1.0]
10746,[956,1255,2454,2530,3329,4058,6401,7611,10093],[1.0,1.0,1.0,1.0,1.0,1.0,1.0,1.0,1.0]
10746,[4576,4611,5600,5715,6739,8475,8851,10336],[1.0,1.0,1.0,1.0,1.0,1.0,1.0,1.0]
10746,[2,1255,1299,2530,6401,7758,8673],[1.0,1.0,1.0,1.0,1.0,1.0,1.0]
10746,[2185,2828,2866,5988,7611,9097],[1.0,1.0,1.0,1.0,1.0,1.0]
10746,[1255,2530,3329,5819,7074,8114,8480,9365,10093],[1.0,1.0,1.0,1.0,1.0,1.0,1.0,1.0,1.0]
10746,[956,1255,5737,6341,6401,6492,6547,7611,8673],[1.0,1.0,1.0,1.0,1.0,1.0,1.0,1.0,1.0]
10746,[1255,2325,2901,3329,3592,4213,5964,9632,9751],[1.0,1.0,1.0,1.0,1.0,1.0,1.0,1.0,1.0]
10746,[2596,5719,6368,6915,8554,8673,9083,9273,9433],[1.0,1.0,1.0,1.0,1.0,1.0,1.0,1.0,1.0]
10746,[2461,2530,2649,4489,5713,9273,9424,10093,10419],[1.0,1.0,1.0,1.0,1.0,1.0,1.0,1.0,1.0]
10746,[1948,2530,4669,6368,6739,7842,8041,9432],[1.0,1.0,1.0,1.0,1.0,1.0,1.0,1.0]
10746,[1299,1936,2833,3329,3391,5545,6607,8344],[1.0,1.0,1.0,1.0,1.0,1.0,1.0,1.0]
10746,[2165,2530,3329,3890,4825,8673,9253,9632,9841],[1.0,1.0,1.0,1.0,1.0,1.0,1.0,1.0,1.0]
10746,[902,1291,2455,6002,6047,8430,9632,9686],[1.0,1.0,1.0,1.0,1.0,1.0,1.0,1.0]
10746,[869,2916,3845,4205,5320,5641,8430,8476,10419],[1.0,1.0,1.0,1.0,1.0,1.0,1.0,1.0,1.0]
10746,[365,852,1275,3783,6229,6335,8686,9338,9677],[1.0,1.0,1.0,1.0,1.0,1.0,1.0,1.0,1.0]
10746,[2025,5582,5819,6229,7166,8904,9851,10182],[1.0,1.0,1.0,1.0,1.0,1.0,1.0,1.0]
10746,[365,1535,3661,4113,4611,5249,6492,9849,9851],[1.0,1.0,1.0,1.0,1.0,1.0,1.0,1.0,1.0]
10746,[122,2708,4258,4439,5641,5928,9851,10410],[1.0,1.0,1.0,1.0,1.0,1.0,1.0,1.0]
10746,[688,8960],[1.0,1.0]
