10746,[677,975,1844,3475,4440,7370,8543],[1.0,1.0,1.0,1.0,1.0,1.0,1.0]
10746,[213,365,661,896,970,1237,3651,7818,10360],[1.0,1.0,1.0,1.0,1.0,1.0,1.0,1.0,1.0]
10746,[902,1237,2427,3754,5820,9971,10082],[1.0,1.0,1.0,1.0,1.0,1.0,1.0]
10746,[1136,1943,7339,7419,9524,10203,10419],[1.0,1.0,1.0,1.0,1.0,1.0,1.0]
10746,[2070,3089,4191,7153,7325,8114,8729,10068,10557],[1.0,1.0,1.0,1.0,1.0,1.0,1.0,1.0,1.0]
10746,[3661,4258,4268,4755,5641,5916,8109,8280],[1.0,1.0,1.0,1.0,1.0,1.0,1.0,1.0]
10746,[365,896,902,1099,1237,1299,2596,3651,8582,9814],[1.0,1.0,1.0,1.0,1.0,1.0,1.0,1.0,1.0,1.0]
10746,[1275,2618,3590,4259,4998,5686,7384,8764],[1.0,1.0,1.0,1.0,1.0,1.0,1.0,1.0]
10746,[933,1099,1275,3532,3910,4998,8671],[1.0,1.0,1.0,1.0,1.0,1.0,1.0]
10746,[213,2334,2916,4552,4998,6277,7407,9831],[1.0,1.0,1.0,1.0,1.0,1.0,1.0,1.0]
10746,[51,956,2425,7621,8114,8223,9289],[1.0,1.0,1.0,1.0,1.0,1.0,1.0]
10746,[822,3390,3590,3859,4511,4606,4957,5142,9148],[1.0,1.0,1.0,1.0,1.0,1.0,1.0,1.0,1.0]
10746,[141,273,956,2493,6033,8398,8688,10419],[1.0,1.0,1.0,1.0,1.0,1.0,1.0,1.0]
10746,[695,759,896,3475,3672,4561,5876,7923,8398],[1.0,1.0,1.0,1.0,1.0,1.0,1.0,1.0,1.0]
10746,[460,1676,3318,3398,5027,5505,8416,10433],[1.0,1.0,1.0,1.0,1.0,1.0,1.0,1.0]
10746,[1844,4611,4719,5628,6295,7370,8476,8576,9851],[1.0,1.0,1.0,1.0,1.0,1.0,1.0,1.0,1.0]
