10746,[242,1871,2224,2388,4440,6689,8120],[1.0,1.0,1.0,1.0,1.0,1.0,1.0]
10746,[175,213,2518,2736,3567,4055,4778,5820,7937,10360],[1.0,1.0,1.0,1.0,1.0,1.0,1.0,1.0,1.0,1.0]
10746,[936,1827,2224,8120,8323,10054,10152,10463],[1.0,1.0,1.0,1.0,1.0,1.0,1.0,1.0]
10746,[134,242,936,1871,2224,2388,8120],[1.0,1.0,1.0,1.0,1.0,1.0,1.0]
10746,[1369,1791,5447,6341,8595,9270,9882,10716],[1.0,1.0,1.0,1.0,1.0,1.0,1.0,1.0]
10746,[1098,1438,2123,3850,8584,8893,9912],[1.0,1.0,1.0,1.0,1.0,1.0,1.0]
10746,[121,1098,2278,5564,7746,9882,10203,10419,10716],[1.0,1.0,1.0,1.0,1.0,1.0,1.0,1.0,1.0]
10746,[2708,6335,8595,9262,10068],[1.0,1.0,1.0,1.0,1.0]
10746,[51,121,1829,2425,2530,2640,8595,9289],[1.0,1.0,1.0,1.0,1.0,1.0,1.0,1.0]
10746,[1098,2123,2530,5564,7205,8537,8595,10419],[1.0,1.0,1.0,1.0,1.0,1.0,1.0,1.0]
10746,[121,2278,3426,3656,3685,5440,7813],[1.0,1.0,1.0,1.0,1.0,1.0,1.0]
10746,[1275,1726,3484,4671,5564,5985,8584],[1.0,1.0,1.0,1.0,1.0,1.0,1.0]
10746,[3484,3925,5238,8584,9463,9595],[1.0,1.0,1.0,1.0,1.0,1.0]
10746,[463,1706,3484,5564,8073,8584,9463],[1.0,1.0,1.0,1.0,1.0,1.0,1.0]
10746,[549,872,1299,2455,4611,5238,7561,7843,8411,10419],[1.0,1.0,1.0,1.0,1.0,1.0,1.0,1.0,1.0,1.0]
10746,[47,2123,4191,4512,5146,6167,8584,10621],[1.0,1.0,1.0,1.0,1.0,1.0,1.0,1.0]
10746,[365,902,4965,8114,8694,9145,9420,9534,10621],[1.0,1.0,1.0,1.0,1.0,1.0,1.0,1.0,1.0]
10746,[2530,5314,6590,7502,8475,10621],[1.0,1.0,1.0,1.0,1.0,1.0]
10746,[463,2351,2455,7461,8584,10419],[1.0,1.0,1.0,1.0,1.0,1.0]
10746,[302,1361,3290,3532,4671,10501],[1.0,1.0,1.0,1.0,1.0,1.0]
10746,[2351,6335,8227,8411,8595,9420],[1.0,1.0,1.0,1.0,1.0,1.0]
10746,[357,902,2530,4871,8114,9420,10327],[1.0,1.0,1.0,1.0,1.0,1.0,1.0]
10746,[1275,6590,8280,8475,9420],[1.0,1.0,1.0,1.0,1.0]
10746,[175,2794,4460,5181,6802,9851,9871,10672],[1.0,1.0,1.0,1.0,1.0,1.0,1.0,1.0]
10746,[1037,4365,6117,6952,8114,8344,8411,9841],[1.0,1.0,1.0,1.0,1.0,1.0,1.0,1.0]
10746,[152,506,1098,3879,7325,9090,9851,10203],[1.0,1.0,1.0,1.0,1.0,1.0,1.0,1.0]
10746,[83,3206,3447,3472,4576,5443,7296],[1.0,1.0,1.0,1.0,1.0,1.0,1.0]
10746,[175,282,1098,2351,3741,6335,7075,9090],[1.0,1.0,1.0,1.0,1.0,1.0,1.0,1.0]
10746,[2351,2708,4611,5644,8314,8411,8895,10222],[1.0,1.0,1.0,1.0,1.0,1.0,1.0,1.0]
10746,[956,1098,1099,2240,3879,5443,8223,8917,9090,9871],[1.0,1.0,1.0,1.0,1.0,1.0,1.0,1.0,1.0,1.0]
10746,[463,902,1706,4576,5628,6603,7228,9420],[1.0,1.0,1.0,1.0,1.0,1.0,1.0,1.0]
10746,[282,417,1718,2455,7407,9090,10139,10171,10222],[1.0,1.0,1.0,1.0,1.0,1.0,1.0,1.0,1.0]
10746,[1099,1228,1255,4332,6392,7306,8142,10467],[1.0,1.0,1.0,1.0,1.0,1.0,1.0,1.0]
10746,[902,1091,1255,2530,3097,4332,4344,6002,7272,10222],[1.0,1.0,1.0,1.0,1.0,1.0,1.0,1.0,1.0,1.0]
10746,[3070,5294,5438,5666,7075,8114,8314,8729,8904],[1.0,1.0,1.0,1.0,1.0,1.0,1.0,1.0,1.0]
10746,[463,4258,4520,8584,8903,9595,9639,10616],[1.0,1.0,1.0,1.0,1.0,1.0,1.0,1.0]
10746,[1098,2123,2530,7074,8475,8537],[1.0,1.0,1.0,1.0,1.0,1.0]
10746,[869,1084,2123,2530,3514,8041],[1.0,1.0,1.0,1.0,1.0,1.0]
10746,[1829,1968,2123,2530,8041,9290],[1.0,1.0,1.0,1.0,1.0,1.0]
10746,[1098,1255,7247,7518,9183,9290,9989,10203],[1.0,1.0,1.0,1.0,1.0,1.0,1.0,1.0]
10746,[860,1683,2530,8475,8595,9595,10621],[1.0,1.0,1.0,1.0,1.0,1.0,1.0]
10746,[463,2530,3741,5878,8041,8602],[1.0,1.0,1.0,1.0,1.0,1.0]
10746,[245,1098,2123,2530,8114,8582,10716],[1.0,1.0,1.0,1.0,1.0,1.0,1.0]
10746,[51,2919,4344,4888,5592,6341,7316,10397,10539,10621],[1.0,1.0,1.0,1.0,1.0,1.0,1.0,1.0,1.0,1.0]
10746,[2074,2530,5452,6609,8475],[1.0,1.0,1.0,1.0,1.0]
10746,[1099,2074,3059,3082,6229,8893,9298],[1.0,1.0,1.0,1.0,1.0,1.0,1.0]
10746,[1847,2530,4888,4934,8475,9744,10621],[1.0,1.0,1.0,1.0,1.0,1.0,1.0]
10746,[556,1255,2530,7843,8475,8895,10446],[1.0,1.0,1.0,1.0,1.0,1.0,1.0]
10746,[556,2070,2530,3216,4258,4440,5877,8114],[1.0,1.0,1.0,1.0,1.0,1.0,1.0,1.0]
10746,[2079,2530,3515,4534,5564,6229,8347,8475,9118],[1.0,1.0,1.0,1.0,1.0,1.0,1.0,1.0,1.0]
10746,[869,902,3547,3732,3748,4149,4671,5944,8475],[1.0,1.0,1.0,1.0,1.0,1.0,1.0,1.0,1.0]
10746,[1255,2455,2530,3340,3669,4171,5181,9270],[1.0,1.0,1.0,1.0,1.0,1.0,1.0,1.0]
10746,[3532,3586,3850,6533,8915,9270],[1.0,1.0,1.0,1.0,1.0,1.0]
10746,[747,3082,3592,3850,5564,5921,7147,9595,10621],[1.0,1.0,1.0,1.0,1.0,1.0,1.0,1.0,1.0]
10746,[902,3340,3532,5370,6533,7515,10438,10621],[1.0,1.0,1.0,1.0,1.0,1.0,1.0,1.0]
10746,[5325,6002,7703,8584,8595,8893],[1.0,1.0,1.0,1.0,1.0,1.0]
10746,[273,1776,4355,5328,5421,7281,8960,10291],[1.0,1.0,1.0,1.0,1.0,1.0,1.0,1.0]
10746,[164,1326,2530,4534,9851],[1.0,1.0,1.0,1.0,1.0]
10746,[2618,2769,6802,8960,9030,9289,9420,10539],[1.0,1.0,1.0,1.0,1.0,1.0,1.0,1.0]
10746,[266,3532,4102,4191,5592,6533,8915],[1.0,1.0,1.0,1.0,1.0,1.0,1.0]
10746,[747,1326,1369,2123,2530,2916,3426,4534,6952],[1.0,1.0,1.0,1.0,1.0,1.0,1.0,1.0,1.0]
10746,[463,1098,2123,2530,3741,8595],[1.0,1.0,1.0,1.0,1.0,1.0]
10746,[1098,2123,3965,8314,8893,8908],[1.0,1.0,1.0,1.0,1.0,1.0]
10746,[892,902,4420,6341,8340,10621],[1.0,1.0,1.0,1.0,1.0,1.0]
10746,[4843,4965,5146,5314,6524,7444,9595,9912],[1.0,1.0,1.0,1.0,1.0,1.0,1.0,1.0]
10746,[1369,1965,2123,3892,3965,4843,7645,9555],[1.0,1.0,1.0,1.0,1.0,1.0,1.0,1.0]
10746,[2472,2916,4534,6335,7084,7645,8280,9595],[1.0,1.0,1.0,1.0,1.0,1.0,1.0,1.0]
10746,[3442,4843,5592,7205,7390,7412,8537,9851,10068],[1.0,1.0,1.0,1.0,1.0,1.0,1.0,1.0,1.0]
10746,[2123,2530,2916,4606,5397,8314,10539],[1.0,1.0,1.0,1.0,1.0,1.0,1.0]
10746,[463,1098,3484,4332,4389,4947,6893,9912],[1.0,1.0,1.0,1.0,1.0,1.0,1.0,1.0]
10746,[902,1099,2530,3340,3892,5793,6919],[1.0,1.0,1.0,1.0,1.0,1.0,1.0]
10746,[1965,2530,4280,4771,8941,9270,9420],[1.0,1.0,1.0,1.0,1.0,1.0,1.0]
10746,[1829,2425,4191,4848,5793,6919,7147,9292],[1.0,1.0,1.0,1.0,1.0,1.0,1.0,1.0]
10746,[2530,4332,5793,6919,8040,8729,9420,9724],[1.0,1.0,1.0,1.0,1.0,1.0,1.0,1.0]
10746,[1588,1920,3545,3651,4217,4611,4713,4734,6492],[1.0,1.0,1.0,1.0,1.0,1.0,1.0,1.0,1.0]
10746,[1128,2530,2618,4344,4479,7325,7923,9270,10718],[1.0,1.0,1.0,1.0,1.0,1.0,1.0,1.0,1.0]
10746,[860,2493,2916,6394,7390,9799],[1.0,1.0,1.0,1.0,1.0,1.0]
10746,[902,4405,4534,4947,5181,8280,8934,9420,9912],[1.0,1.0,1.0,1.0,1.0,1.0,1.0,1.0,1.0]
10746,[463,1099,2407,3484,5990,6893,8584],[1.0,1.0,1.0,1.0,1.0,1.0,1.0]
10746,[121,902,3441,4344,4534,5142,6115,8114,9776],[1.0,1.0,1.0,1.0,1.0,1.0,1.0,1.0,1.0]
10746,[1871,2224,2388,8120,8893,10054,10322,10694],[1.0,1.0,1.0,1.0,1.0,1.0,1.0,1.0]
