10746,[1652,3280,4440,6980,8177,8323,10054,10360,10560],[1.0,1.0,1.0,1.0,1.0,1.0,1.0,1.0,1.0]
10746,[213,1316,5351,5918,6380,7031,10463],[1.0,1.0,1.0,1.0,1.0,1.0,1.0]
10746,[51,936,2455,5641,7421,8416,8494,9903,10222],[1.0,1.0,1.0,1.0,1.0,1.0,1.0,1.0,1.0]
10746,[902,2240,4059,4191,5057,5142,5819,9420],[1.0,1.0,1.0,1.0,1.0,1.0,1.0,1.0]
10746,[2240,5237,6056,8114,8673,9632],[1.0,1.0,1.0,1.0,1.0,1.0]
10746,[372,3256,3532,4755,6115,7379],[1.0,1.0,1.0,1.0,1.0,1.0]
10746,[4387,6607,6979,7934,8114,8416,9049,10397],[1.0,1.0,1.0,1.0,1.0,1.0,1.0,1.0]
10746,[1275,4059,4344,4883,7393,9708,9851,10082],[1.0,1.0,1.0,1.0,1.0,1.0,1.0,1.0]
10746,[51,143,3509,4332,5207,8227,8602,9871],[1.0,1.0,1.0,1.0,1.0,1.0,1.0,1.0]
10746,[1099,1225,2919,4059,5205,7813,7869,8673],[1.0,1.0,1.0,1.0,1.0,1.0,1.0,1.0]
10746,[1099,3892,5447,6229,6335,9420,9534],[1.0,1.0,1.0,1.0,1.0,1.0,1.0]
10746,[2596,4059,4066,5075,8634,9289,10397],[1.0,1.0,1.0,1.0,1.0,1.0,1.0]
10746,[2240,3669,3732,4258,4509,5916,8114,8416],[1.0,1.0,1.0,1.0,1.0,1.0,1.0,1.0]
10746,[869,5181,5320,5641,5988,8905,9595,9827],[1.0,1.0,1.0,1.0,1.0,1.0,1.0,1.0]
10746,[3055,5320,8370,8986,9595,9693],[1.0,1.0,1.0,1.0,1.0,1.0]
10746,[869,4595,4883,5345,5954,6609,7769],[1.0,1.0,1.0,1.0,1.0,1.0,1.0]
10746,[1291,2123,2169,2436,2618,4059,4883,9328],[1.0,1.0,1.0,1.0,1.0,1.0,1.0,1.0]
10746,[1673,4059,4414,4595,4883,10222],[1.0,1.0,1.0,1.0,1.0,1.0]
10746,[2771,4059,4595,6056,7394,7869,8416],[1.0,1.0,1.0,1.0,1.0,1.0,1.0]
10746,[4414,6535,6877,7010,7961,9420],[1.0,1.0,1.0,1.0,1.0,1.0]
10746,[14,896,1965,2247,5181,7243,8416],[1.0,1.0,1.0,1.0,1.0,1.0,1.0]
10746,[896,4525,5343,7992,8895,9430,9851],[1.0,1.0,1.0,1.0,1.0,1.0,1.0]
10746,[6229,6938,7699,9255,9569,9632,9773],[1.0,1.0,1.0,1.0,1.0,1.0,1.0]
10746,[1144,3741,4405,4469,5343,7506,9851],[1.0,1.0,1.0,1.0,1.0,1.0,1.0]
10746,[1438,5345,6335,7813,7928,8416,9558],[1.0,1.0,1.0,1.0,1.0,1.0,1.0]
10746,[143,2795,6634,7502,7877,8476,9270,9290,9851,10621],[1.0,1.0,1.0,1.0,1.0,1.0,1.0,1.0,1.0,1.0]
10746,[1548,3509,7105,7316,7699,8904,9568],[1.0,1.0,1.0,1.0,1.0,1.0,1.0]
10746,[2618,2708,3055,3198,3426,4671,7757,7949],[1.0,1.0,1.0,1.0,1.0,1.0,1.0,1.0]
10746,[4059,4074,4595,7165,7304,9332,9930],[1.0,1.0,1.0,1.0,1.0,1.0,1.0]
10746,[1099,3528,4389,5207,5641,7117,8661,9035,9332,10358],[1.0,1.0,1.0,1.0,1.0,1.0,1.0,1.0,1.0,1.0]
10746,[842,1099,1255,2027,2769,5065,5929,10621],[1.0,1.0,1.0,1.0,1.0,1.0,1.0,1.0]
10746,[463,2088,2916,4601,6229,6335,8280,9102,9571],[1.0,1.0,1.0,1.0,1.0,1.0,1.0,1.0,1.0]
10746,[55,2618,4059,4595,4883,8231,8602],[1.0,1.0,1.0,1.0,1.0,1.0,1.0]
10746,[421,852,4606,4650,7480,8595,9289,9460],[1.0,1.0,1.0,1.0,1.0,1.0,1.0,1.0]
10746,[878,2828,3280,4191,4217,4954,6207,7774],[1.0,1.0,1.0,1.0,1.0,1.0,1.0,1.0]
10746,[2916,4074,5069,6371,8416,9085,9575,10419],[1.0,1.0,1.0,1.0,1.0,1.0,1.0,1.0]
10746,[902,1079,2455,6047,7073,8416,9289,9290,9632],[1.0,1.0,1.0,1.0,1.0,1.0,1.0,1.0,1.0]
10746,[686,1255,4074,5065,7165,9639],[1.0,1.0,1.0,1.0,1.0,1.0]
10746,[1726,3532,4671,5312,5819,8416,9632],[1.0,1.0,1.0,1.0,1.0,1.0,1.0]
10746,[902,2799,3280,3768,7073,7301,8416,8729],[1.0,1.0,1.0,1.0,1.0,1.0,1.0,1.0]
10746,[55,956,1881,2916,4601,9102,9420],[1.0,1.0,1.0,1.0,1.0,1.0,1.0]
10746,[2022,2509,3186,3426,7423,9085,9568,9871],[1.0,1.0,1.0,1.0,1.0,1.0,1.0,1.0]
10746,[3216,3426,4287,7334,7575,9049,9557],[1.0,1.0,1.0,1.0,1.0,1.0,1.0]
10746,[1548,4117,4595,7421,8582,9338,10222],[1.0,1.0,1.0,1.0,1.0,1.0,1.0]
10746,[14,896,3232,3509,5181,5343,6535,9533],[1.0,1.0,1.0,1.0,1.0,1.0,1.0,1.0]
10746,[1745,4534,7813,8729,9533,9605,9903,10139],[1.0,1.0,1.0,1.0,1.0,1.0,1.0,1.0]
10746,[2130,2493,3426,3779,4334,4393,4520],[1.0,1.0,1.0,1.0,1.0,1.0,1.0]
10746,[2074,2278,2731,4581,9056,9455,9533,9534],[1.0,1.0,1.0,1.0,1.0,1.0,1.0,1.0]
10746,[143,1402,1965,3216,3664,4581,9292,9902],[1.0,1.0,1.0,1.0,1.0,1.0,1.0,1.0]
10746,[143,1243,1548,1639,4066,4191,8073],[1.0,1.0,1.0,1.0,1.0,1.0,1.0]
10746,[2126,3808,4414,4632,6601,8642,9397,9632],[1.0,1.0,1.0,1.0,1.0,1.0,1.0,1.0]
10746,[13,956,2206,2916,4059,5585,8554,9598],[1.0,1.0,1.0,1.0,1.0,1.0,1.0,1.0]
10746,[2123,3528,4595,7045,8917,9298,10068,10621],[1.0,1.0,1.0,1.0,1.0,1.0,1.0,1.0]
10746,[896,2126,2640,3965,4595,8114,9816],[1.0,1.0,1.0,1.0,1.0,1.0,1.0]
10746,[903,1863,8416,10054],[1.0,1.0,1.0,1.0]
