10746,[1237,1818,2337,2905,4440,6862,10360],[1.0,1.0,1.0,1.0,1.0,1.0,1.0]
10746,[213,1652,1818,2518,4778,5016,10152,10463],[1.0,1.0,1.0,1.0,1.0,1.0,1.0,1.0]
10746,[581,688,936,4387,5336,6530,9491,9905],[1.0,1.0,1.0,1.0,1.0,1.0,1.0,1.0]
10746,[1706,2781,3514,4217,8690,9298,9460,10139,10621],[1.0,1.0,1.0,1.0,1.0,1.0,1.0,1.0,1.0]
10746,[902,2455,4649,4710,5820,7381,9748,10419],[1.0,1.0,1.0,1.0,1.0,1.0,1.0,1.0]
10746,[838,3318,3447,4191,5592,5641,5886,7944,10536],[1.0,1.0,1.0,1.0,1.0,1.0,1.0,1.0,1.0]
10746,[447,1237,1255,1706,5311,5662,9748],[1.0,1.0,1.0,1.0,1.0,1.0,1.0]
10746,[1517,2291,2335,2788,4603,4669,8690,9632,10185],[1.0,1.0,1.0,1.0,1.0,1.0,1.0,1.0,1.0]
10746,[252,1195,1432,3835,4405,4525,4987,6515,8040],[1.0,1.0,1.0,1.0,1.0,1.0,1.0,1.0,1.0]
10746,[115,1706,2079,3175,7898],[1.0,1.0,1.0,1.0,1.0]
10746,[1706,4576,6341,7502,8624,9266,9270,9390,10438,10611],[1.0,1.0,1.0,1.0,1.0,1.0,1.0,1.0,1.0,1.0]
10746,[1312,1662,1713,2325,7205,7823,9090,10469],[1.0,1.0,1.0,1.0,1.0,1.0,1.0,1.0]
10746,[3426,3601,4217,8595],[1.0,1.0,1.0,1.0]
