10746,[1182,4191,4440,4561,6183,8273,10396],[1.0,1.0,1.0,1.0,1.0,1.0,1.0]
10746,[213,265,728,1652,4069,7160,7367,9654,10360,10392],[1.0,1.0,1.0,1.0,1.0,1.0,1.0,1.0,1.0,1.0]
10746,[172,567,728,936,1249,2238,4069,7582,8904],[1.0,1.0,1.0,1.0,1.0,1.0,1.0,1.0,1.0]
10746,[297,365,463,4157,7074,7744,8114,9379],[1.0,1.0,1.0,1.0,1.0,1.0,1.0,1.0]
10746,[878,1291,3661,3732,5236,6530,8070,9632],[1.0,1.0,1.0,1.0,1.0,1.0,1.0,1.0]
10746,[769,946,1299,4244,7751,9290,9632,10433],[1.0,1.0,1.0,1.0,1.0,1.0,1.0,1.0]
10746,[1099,4191,4389,5236,7506,8580,8875,10397,10433],[1.0,1.0,1.0,1.0,1.0,1.0,1.0,1.0,1.0]
10746,[1662,2627,4217,4389,5236,5978,9632,9695],[1.0,1.0,1.0,1.0,1.0,1.0,1.0,1.0]
10746,[206,860,1841,1910,2438,3651,8673,9695],[1.0,1.0,1.0,1.0,1.0,1.0,1.0,1.0]
10746,[14,3327,3563,3727,5328,8114,8476,8595,9632,10433],[1.0,1.0,1.0,1.0,1.0,1.0,1.0,1.0,1.0,1.0]
10746,[1099,2455,3036,4217,7914,8917,9023,9409,9632,10419],[1.0,1.0,1.0,1.0,1.0,1.0,1.0,1.0,1.0,1.0]
10746,[102,946,1440,3602,3859,5328,7649,7843,9632,10433],[1.0,1.0,1.0,1.0,1.0,1.0,1.0,1.0,1.0,1.0]
10746,[2114,2182,2919,3563,3859,4640,7019,7751,10433],[1.0,1.0,1.0,1.0,1.0,1.0,1.0,1.0,1.0]
10746,[172,1534,4217,5236,6603,6754,7502,7914,9262],[1.0,1.0,1.0,1.0,1.0,1.0,1.0,1.0,1.0]
10746,[14,301,728,1920,5142,6257,6394],[1.0,1.0,1.0,1.0,1.0,1.0,1.0]
10746,[1255,1291,1636,2916,7171,8070,9270,9632],[1.0,1.0,1.0,1.0,1.0,1.0,1.0,1.0]
10746,[769,946,1299,2589,3732,4244,5236,9144,9632],[1.0,1.0,1.0,1.0,1.0,1.0,1.0,1.0,1.0]
10746,[4191,4389,5236,7506,8875,9290,9632,10397,10433],[1.0,1.0,1.0,1.0,1.0,1.0,1.0,1.0,1.0]
10746,[1099,1662,2627,4217,4389,5978,8580,9632,10433],[1.0,1.0,1.0,1.0,1.0,1.0,1.0,1.0,1.0]
10746,[860,1910,2438,3651,4217,5236,8673,9695],[1.0,1.0,1.0,1.0,1.0,1.0,1.0,1.0]
10746,[206,806,896,1478,1841,5407,5604,9273],[1.0,1.0,1.0,1.0,1.0,1.0,1.0,1.0]
10746,[1478,2477,3327,3563,7205,7390,8114,8595,8917],[1.0,1.0,1.0,1.0,1.0,1.0,1.0,1.0,1.0]
10746,[1099,2455,2477,3036,3602,7205,7914,9409,9632,10419],[1.0,1.0,1.0,1.0,1.0,1.0,1.0,1.0,1.0,1.0]
10746,[102,946,1440,3859,5328,7649,7843,9632,10433],[1.0,1.0,1.0,1.0,1.0,1.0,1.0,1.0,1.0]
10746,[2114,2182,2589,2919,3563,3859,4640,9144,10433],[1.0,1.0,1.0,1.0,1.0,1.0,1.0,1.0,1.0]
10746,[172,1534,4217,5236,6603,6754,7502,7914,9262],[1.0,1.0,1.0,1.0,1.0,1.0,1.0,1.0,1.0]
10746,[14,1182,5142,6183,6257,6394,10396],[1.0,1.0,1.0,1.0,1.0,1.0,1.0]
10746,[1304,4417,6183,8273],[1.0,1.0,1.0,1.0]
