10746,[1237,2505,2727,3798,4440,4814,6463,8900],[1.0,1.0,1.0,1.0,1.0,1.0,1.0,1.0]
10746,[171,213,510,936,2343,4950,7314,7490],[1.0,1.0,1.0,1.0,1.0,1.0,1.0,1.0]
10746,[121,1706,1809,3515,4268,8917,9270,10353],[1.0,1.0,1.0,1.0,1.0,1.0,1.0,1.0]
10746,[121,463,1534,2123,5643,5986,7044],[1.0,1.0,1.0,1.0,1.0,1.0,1.0]
10746,[112,2640,4066,4217,4649,8374,10433],[1.0,1.0,1.0,1.0,1.0,1.0,1.0]
10746,[991,3290,3892,4052,4239,4268,4332,8198,9632],[1.0,1.0,1.0,1.0,1.0,1.0,1.0,1.0,1.0]
10746,[172,3993,4632,6529,7419,7890,8917],[1.0,1.0,1.0,1.0,1.0,1.0,1.0]
10746,[129,991,3651,3997,4217,6341,8584,8957,9270],[1.0,1.0,1.0,1.0,1.0,1.0,1.0,1.0,1.0]
10746,[896,2493,3628,6529,7419,7864,8041,9186,9270],[1.0,1.0,1.0,1.0,1.0,1.0,1.0,1.0,1.0]
10746,[869,1411,2447,3705,3997,8280,8961,9528],[1.0,1.0,1.0,1.0,1.0,1.0,1.0,1.0]
10746,[1299,2530,3010,4217,8595,8690,9029,9632],[1.0,1.0,1.0,1.0,1.0,1.0,1.0,1.0]
10746,[129,4217,4771,5205,7515,8584],[1.0,1.0,1.0,1.0,1.0,1.0]
10746,[1948,2185,3741,4577,4611,6590,8476,9632,10536],[1.0,1.0,1.0,1.0,1.0,1.0,1.0,1.0,1.0]
10746,[463,3426,3835,4649,4805,6952,7379,7670,8595],[1.0,1.0,1.0,1.0,1.0,1.0,1.0,1.0,1.0]
10746,[3512,4066,4577,6115,6392,6529,6918,9138],[1.0,1.0,1.0,1.0,1.0,1.0,1.0,1.0]
10746,[902,1829,2530,2916,7165,7315,10222],[1.0,1.0,1.0,1.0,1.0,1.0,1.0]
10746,[416,956,2618,3512,3892,4611,6295,9289,9328,9427],[1.0,1.0,1.0,1.0,1.0,1.0,1.0,1.0,1.0,1.0]
10746,[463,902,1099,3892,6167,9270,9289,9595,10296,10327],[1.0,1.0,1.0,1.0,1.0,1.0,1.0,1.0,1.0,1.0]
10746,[2530,4405,5146,6490,8584,9379,10068],[1.0,1.0,1.0,1.0,1.0,1.0,1.0]
10746,[1098,2123,3532,3651,4640,6918,7146,7506,10082],[1.0,1.0,1.0,1.0,1.0,1.0,1.0,1.0,1.0]
10746,[1255,2771,3713,4217,8114,8960,9298],[1.0,1.0,1.0,1.0,1.0,1.0,1.0]
10746,[31,1657,3290,4405,4649,9292,10164],[1.0,1.0,1.0,1.0,1.0,1.0,1.0]
10746,[112,622,1237,2618,3290,4687,4834,8280,10621],[1.0,1.0,1.0,1.0,1.0,1.0,1.0,1.0,1.0]
10746,[14,1142,3685,4205,5476,5490,5885],[1.0,1.0,1.0,1.0,1.0,1.0,1.0]
10746,[902,905,4191,5490,6172,7384,10460,10621],[1.0,1.0,1.0,1.0,1.0,1.0,1.0,1.0]
10746,[266,896,1255,1455,1562,4534,5476,6335,7890,9339],[1.0,1.0,1.0,1.0,1.0,1.0,1.0,1.0,1.0,1.0]
10746,[463,561,1794,6031,9632,10419],[1.0,1.0,1.0,1.0,1.0,1.0]
10746,[558,4202,4217,4701,5530,7948,9273,9632,9920],[1.0,1.0,1.0,1.0,1.0,1.0,1.0,1.0,1.0]
10746,[558,4217,7923,8114,8509,8552,9273,9819,10433],[1.0,1.0,1.0,1.0,1.0,1.0,1.0,1.0,1.0]
10746,[561,656,896,2114,3993,4534,4649,9273,9985],[1.0,1.0,1.0,1.0,1.0,1.0,1.0,1.0,1.0]
10746,[549,1866,2305,3651,5592,9871,10419],[1.0,1.0,1.0,1.0,1.0,1.0,1.0]
10746,[558,902,2493,3741,4882,8716,8917,9632,10612],[1.0,1.0,1.0,1.0,1.0,1.0,1.0,1.0,1.0]
10746,[1247,1866,3627,4191,6938,8673,9420],[1.0,1.0,1.0,1.0,1.0,1.0,1.0]
10746,[72,558,1255,2190,4592,5885,8283,9298,10090],[1.0,1.0,1.0,1.0,1.0,1.0,1.0,1.0,1.0]
10746,[558,1841,2182,4405,4611,6818,8630],[1.0,1.0,1.0,1.0,1.0,1.0,1.0]
10746,[273,1255,1602,2637,4268,4611,8279,9270,9379],[1.0,1.0,1.0,1.0,1.0,1.0,1.0,1.0,1.0]
10746,[121,1706,1817,2101,4258,8279,10353],[1.0,1.0,1.0,1.0,1.0,1.0,1.0]
10746,[143,1706,4349,7850,8114,8398,9632,9762],[1.0,1.0,1.0,1.0,1.0,1.0,1.0,1.0]
10746,[4217,6341,7279,7484,8875,9851,10433],[1.0,1.0,1.0,1.0,1.0,1.0,1.0]
10746,[558,1755,2050,2182,6110,7250,7653,7657,8394],[1.0,1.0,1.0,1.0,1.0,1.0,1.0,1.0,1.0]
10746,[1914,2493,2621,4611,6761,7205,7338,9058],[1.0,1.0,1.0,1.0,1.0,1.0,1.0,1.0]
10746,[567,4217,4611,5783,7728,8114,8582,8917,9460],[1.0,1.0,1.0,1.0,1.0,1.0,1.0,1.0,1.0]
10746,[1706,3426,4948,7813,8476,8673,9273,10628],[1.0,1.0,1.0,1.0,1.0,1.0,1.0,1.0]
10746,[463,2455,4587,7637,9420,10327,10419],[1.0,1.0,1.0,1.0,1.0,1.0,1.0]
10746,[902,2799,2964,3986,6952,8411,9090],[1.0,1.0,1.0,1.0,1.0,1.0,1.0]
10746,[758,1098,2447,4888,8114,8630,9595],[1.0,1.0,1.0,1.0,1.0,1.0,1.0]
10746,[902,3426,3708,3986,7079,9030,9090,10532],[1.0,1.0,1.0,1.0,1.0,1.0,1.0,1.0]
10746,[14,126,1255,2916,5037,5978,8157,8842,9379],[1.0,1.0,1.0,1.0,1.0,1.0,1.0,1.0,1.0]
10746,[2074,3986,8475,8595,9090,9420],[1.0,1.0,1.0,1.0,1.0,1.0]
10746,[3741,4747,5564,7045,9420,10621],[1.0,1.0,1.0,1.0,1.0,1.0]
10746,[896,991,1460,3783,5673,8630,10621],[1.0,1.0,1.0,1.0,1.0,1.0,1.0]
10746,[282,567,1706,3783,3986,8904,9090,9553],[1.0,1.0,1.0,1.0,1.0,1.0,1.0,1.0]
10746,[4066,4217,5820,6341,8797,9816,9851],[1.0,1.0,1.0,1.0,1.0,1.0,1.0]
10746,[245,506,2828,2916,6295,7506,8875],[1.0,1.0,1.0,1.0,1.0,1.0,1.0]
10746,[567,3651,4217,4576,4688,8280],[1.0,1.0,1.0,1.0,1.0,1.0]
10746,[567,2916,4534,5391,6335,8114,9851],[1.0,1.0,1.0,1.0,1.0,1.0,1.0]
10746,[245,567,902,2068,3426,4534,6047,9814],[1.0,1.0,1.0,1.0,1.0,1.0,1.0,1.0]
10746,[191,567,2182,2530,4217,4534,7506,7728,8909],[1.0,1.0,1.0,1.0,1.0,1.0,1.0,1.0,1.0]
10746,[164,705,896,2530,4081,5578,7502,8576,8934,9882],[1.0,1.0,1.0,1.0,1.0,1.0,1.0,1.0,1.0,1.0]
10746,[634,991,2074,4042,7390,7421,9292,9851],[1.0,1.0,1.0,1.0,1.0,1.0,1.0,1.0]
10746,[902,1426,2799,4332,4852,7205,8054,8114,8595],[1.0,1.0,1.0,1.0,1.0,1.0,1.0,1.0,1.0]
10746,[878,2916,3005,3743,6172,6597,8416,10056],[1.0,1.0,1.0,1.0,1.0,1.0,1.0,1.0]
10746,[126,634,705,896,1706,3651,4159,4217,7502],[1.0,1.0,1.0,1.0,1.0,1.0,1.0,1.0,1.0]
10746,[195,1275,3651,3824,7205,8114,8582,10068],[1.0,1.0,1.0,1.0,1.0,1.0,1.0,1.0]
10746,[239,634,1664,3824,5983,7421,7502,8665,10068],[1.0,1.0,1.0,1.0,1.0,1.0,1.0,1.0,1.0]
10746,[758,4258,5604,5641,8110,9328,10189,10433],[1.0,1.0,1.0,1.0,1.0,1.0,1.0,1.0]
10746,[634,878,2799,4405,5320,6098,9237],[1.0,1.0,1.0,1.0,1.0,1.0,1.0]
10746,[121,1706,2278,2640,3545,4405,5320],[1.0,1.0,1.0,1.0,1.0,1.0,1.0]
10746,[121,2799,4332,4920,5146,5181,8595,9289,10327],[1.0,1.0,1.0,1.0,1.0,1.0,1.0,1.0,1.0]
10746,[2052,2626,2797,3386,4671,5628,5673,7390],[1.0,1.0,1.0,1.0,1.0,1.0,1.0,1.0]
10746,[126,3426,5411,5592,5625,5713,6901,7502],[1.0,1.0,1.0,1.0,1.0,1.0,1.0,1.0]
10746,[121,151,2278,2407,3532,5505,5990,7334,8582],[1.0,1.0,1.0,1.0,1.0,1.0,1.0,1.0,1.0]
10746,[29,126,463,3545,7649,8584,9247,9420],[1.0,1.0,1.0,1.0,1.0,1.0,1.0,1.0]
10746,[29,191,1481,7199,7728,8595,9247,9420],[1.0,1.0,1.0,1.0,1.0,1.0,1.0,1.0]
10746,[3133,3561,3892,5429,6212,8114,9270],[1.0,1.0,1.0,1.0,1.0,1.0,1.0]
10746,[2493,6047,8374,8931,10082],[1.0,1.0,1.0,1.0,1.0]
10746,[3545,4191,5824,6240,6597,7074,7515,9379,10056],[1.0,1.0,1.0,1.0,1.0,1.0,1.0,1.0,1.0]
10746,[902,2505,3798,4102,4259,6047,6494,7048,7439,7519],[1.0,1.0,1.0,1.0,1.0,1.0,1.0,1.0,1.0,1.0]
10746,[2455,4191,4576,4618,5628,7796,8002,10419],[1.0,1.0,1.0,1.0,1.0,1.0,1.0,1.0]
10746,[2093,10220,10489,10518],[1.0,1.0,1.0,1.0]
