10746,[1912,4057,4440,4520,4724,5482,6305],[1.0,1.0,1.0,1.0,1.0,1.0,1.0]
10746,[981,1310,1652,4058,4213,4671,7384,8452,10360,10362],[1.0,1.0,1.0,1.0,1.0,1.0,1.0,1.0,1.0,1.0]
10746,[213,1912,4724,4954,5482,6305,10463],[1.0,1.0,1.0,1.0,1.0,1.0,1.0]
10746,[936,2232,4057,4058,5737,5983,9289,9748,10222],[1.0,1.0,1.0,1.0,1.0,1.0,1.0,1.0,1.0]
10746,[2123,2530,2690,6341,7929,8673,9803,10152],[1.0,1.0,1.0,1.0,1.0,1.0,1.0,1.0]
10746,[1888,2530,4669,5737,6341,8582,9262],[1.0,1.0,1.0,1.0,1.0,1.0,1.0]
10746,[4077,4188,4669,5181,5628,8073,9273],[1.0,1.0,1.0,1.0,1.0,1.0,1.0]
10746,[1036,1099,1829,4405,4734,6320,8842,9298],[1.0,1.0,1.0,1.0,1.0,1.0,1.0,1.0]
10746,[650,1036,2916,6295,6320,6335,6492,7898],[1.0,1.0,1.0,1.0,1.0,1.0,1.0,1.0]
10746,[1255,4058,4458,4682,8344,8491,9084,9407,10433],[1.0,1.0,1.0,1.0,1.0,1.0,1.0,1.0,1.0]
10746,[3108,4669,5146,5181,8344,9000,10203],[1.0,1.0,1.0,1.0,1.0,1.0,1.0]
10746,[559,1255,1706,4405,5444,5628,8960],[1.0,1.0,1.0,1.0,1.0,1.0,1.0]
10746,[4534,4578,4671,4675,5592,7033,9233,10539],[1.0,1.0,1.0,1.0,1.0,1.0,1.0,1.0]
10746,[3433,4669,4671,4871,5985,8411,8568,9084,9298],[1.0,1.0,1.0,1.0,1.0,1.0,1.0,1.0,1.0]
10746,[348,507,902,4058,4092,5582,7227,7843,9262],[1.0,1.0,1.0,1.0,1.0,1.0,1.0,1.0,1.0]
10746,[348,4589,5181,5985,7934,9494,10232],[1.0,1.0,1.0,1.0,1.0,1.0,1.0]
10746,[870,902,2182,2920,5641,6606,6952,10617],[1.0,1.0,1.0,1.0,1.0,1.0,1.0,1.0]
10746,[176,1550,4058,4413,5639,7589,8276,8343,10045],[1.0,1.0,1.0,1.0,1.0,1.0,1.0,1.0,1.0]
10746,[66,1717,3502,4669,5662,6626,8838,9566],[1.0,1.0,1.0,1.0,1.0,1.0,1.0,1.0]
10746,[902,1394,2251,3651,4058,4114,6606,8114],[1.0,1.0,1.0,1.0,1.0,1.0,1.0,1.0]
10746,[902,3097,4364,5181,6323,8595,9903],[1.0,1.0,1.0,1.0,1.0,1.0,1.0]
10746,[14,902,5710,8842,9342,9494,10232],[1.0,1.0,1.0,1.0,1.0,1.0,1.0]
10746,[175,2022,3741,4244,5648,6080,10104],[1.0,1.0,1.0,1.0,1.0,1.0,1.0]
10746,[3097,4058,4364,4944,6323,9342,9903,10082,10139],[1.0,1.0,1.0,1.0,1.0,1.0,1.0,1.0,1.0]
10746,[869,870,5145,5946,9778],[1.0,1.0,1.0,1.0,1.0]
10746,[832,1948,2182,4405,5443,5444,5803,9632],[1.0,1.0,1.0,1.0,1.0,1.0,1.0,1.0]
10746,[2373,3722,4669,5181,6295,9002,9566,10268],[1.0,1.0,1.0,1.0,1.0,1.0,1.0,1.0]
10746,[1926,3089,5181,6415,6512,6606,7931,8838,9632],[1.0,1.0,1.0,1.0,1.0,1.0,1.0,1.0,1.0]
10746,[168,896,3669,4058,4534,6810,7227],[1.0,1.0,1.0,1.0,1.0,1.0,1.0]
10746,[1181,1275,1657,2759,4344,9595,9831],[1.0,1.0,1.0,1.0,1.0,1.0,1.0]
10746,[758,1181,1883,2811,6080,8280,9298,9639,10104,10433],[1.0,1.0,1.0,1.0,1.0,1.0,1.0,1.0,1.0,1.0]
10746,[14,567,1673,5723,6172,8257,10222],[1.0,1.0,1.0,1.0,1.0,1.0,1.0]
10746,[2868,3547,8070,8895,8904,8943,10282],[1.0,1.0,1.0,1.0,1.0,1.0,1.0]
10746,[2555,3658,4191,5314,5337,5499,5752,6530,10479],[1.0,1.0,1.0,1.0,1.0,1.0,1.0,1.0,1.0]
10746,[40,218,1084,3741,4606,4611,4671,9639,10268,10653],[1.0,1.0,1.0,1.0,1.0,1.0,1.0,1.0,1.0,1.0]
10746,[500,1947,3723,4332,4606,5181,6558,9289,10056],[1.0,1.0,1.0,1.0,1.0,1.0,1.0,1.0,1.0]
10746,[2079,2251,4102,6055,9099,9298,9753],[1.0,1.0,1.0,1.0,1.0,1.0,1.0]
10746,[964,3027,3502,5102,5181,7552],[1.0,1.0,1.0,1.0,1.0,1.0]
10746,[1706,2384,3170,3741,5142,5604,8114,9057,9298,10582],[1.0,1.0,1.0,1.0,1.0,1.0,1.0,1.0,1.0,1.0]
10746,[70,2408,5102,6428,8674,8780,9298],[1.0,1.0,1.0,1.0,1.0,1.0,1.0]
10746,[1706,2246,4534,4804,7506,8114,10621],[1.0,1.0,1.0,1.0,1.0,1.0,1.0]
10746,[896,1099,1517,1948,2472,2530,9289,10068],[1.0,1.0,1.0,1.0,1.0,1.0,1.0,1.0]
10746,[463,3545,4888,7227,8041,8360,8810,10203,10419],[1.0,1.0,1.0,1.0,1.0,1.0,1.0,1.0,1.0]
10746,[3545,4058,5641,7227,8114,8394,9289],[1.0,1.0,1.0,1.0,1.0,1.0,1.0]
10746,[2530,4191,5146,8280,8394,9753],[1.0,1.0,1.0,1.0,1.0,1.0]
10746,[463,902,3651,4058,4611,4804,8613],[1.0,1.0,1.0,1.0,1.0,1.0,1.0]
10746,[1177,2251,3072,4332,5343,7187,8041,8070],[1.0,1.0,1.0,1.0,1.0,1.0,1.0,1.0]
10746,[1177,1275,2530,3160,4755,5012,9831],[1.0,1.0,1.0,1.0,1.0,1.0,1.0]
10746,[896,2251,2916,4205,7227,8041,8360,10068],[1.0,1.0,1.0,1.0,1.0,1.0,1.0,1.0]
10746,[956,2530,3070,3920,4669,5146,6819,8347,9328],[1.0,1.0,1.0,1.0,1.0,1.0,1.0,1.0,1.0]
10746,[1099,3426,3669,4001,4058,7227,8981,10082],[1.0,1.0,1.0,1.0,1.0,1.0,1.0,1.0]
10746,[1965,2425,2530,3669,5146,8394,8595],[1.0,1.0,1.0,1.0,1.0,1.0,1.0]
10746,[501,2123,2530,4669,5328,7941,8114,8595,9851],[1.0,1.0,1.0,1.0,1.0,1.0,1.0,1.0,1.0]
10746,[2123,3070,3089,7502,8582,8673,9111,9748],[1.0,1.0,1.0,1.0,1.0,1.0,1.0,1.0]
10746,[1650,2185,2455,2919,4191,6530,9753,10508],[1.0,1.0,1.0,1.0,1.0,1.0,1.0,1.0]
10746,[567,635,1099,5995,7117,8114],[1.0,1.0,1.0,1.0,1.0,1.0]
10746,[303,501,1528,1535,2114,2986,3971,4344,8347],[1.0,1.0,1.0,1.0,1.0,1.0,1.0,1.0,1.0]
10746,[1538,1657,2518,3216,3732,4649,4724,6395,7084],[1.0,1.0,1.0,1.0,1.0,1.0,1.0,1.0,1.0]
10746,[1706,1984,2106,4965,6994,7347],[1.0,1.0,1.0,1.0,1.0,1.0]
