10746,[1129,2024,2202,3006,4191,4440,4561,5357,9491],[1.0,1.0,1.0,1.0,1.0,1.0,1.0,1.0,1.0]
10746,[1129,1309,2348,2651,5868,7367,7478,7582,10360],[1.0,1.0,1.0,1.0,1.0,1.0,1.0,1.0,1.0]
10746,[213,1309,2348,2651,4095,4895,7367,7478,7582],[1.0,1.0,1.0,1.0,1.0,1.0,1.0,1.0,1.0]
10746,[2348,4582,7367,7582,7898,7997,8195,9290],[1.0,1.0,1.0,1.0,1.0,1.0,1.0,1.0]
10746,[1598,4891,6391,8673,9465,9534,9831],[1.0,1.0,1.0,1.0,1.0,1.0,1.0]
10746,[14,2508,6098,8114,8195,9262],[1.0,1.0,1.0,1.0,1.0,1.0]
10746,[758,2786,2916,3240,5886,6387,10135,10222],[1.0,1.0,1.0,1.0,1.0,1.0,1.0,1.0]
10746,[4965,5604,7074,8411,9005,9816,10438],[1.0,1.0,1.0,1.0,1.0,1.0,1.0]
10746,[348,848,1099,2240,2427,4217,8740,9273,10255,10433],[1.0,1.0,1.0,1.0,1.0,1.0,1.0,1.0,1.0,1.0]
10746,[35,2708,3070,3532,4332,7843,9528],[1.0,1.0,1.0,1.0,1.0,1.0,1.0]
10746,[597,828,3528,4934,5911,6257,7858],[1.0,1.0,1.0,1.0,1.0,1.0,1.0]
10746,[3532,5236,7914,8073,8819,9030],[1.0,1.0,1.0,1.0,1.0,1.0]
10746,[1099,2916,3013,3070,4060,4217,5236,7045,7645,10396],[1.0,1.0,1.0,1.0,1.0,1.0,1.0,1.0,1.0,1.0]
10746,[902,1706,2771,6167,6229,8114,8478,9632],[1.0,1.0,1.0,1.0,1.0,1.0,1.0,1.0]
10746,[896,3013,3651,5148,5236,5314,7045,8004,8114],[1.0,1.0,1.0,1.0,1.0,1.0,1.0,1.0,1.0]
10746,[4217,4495,4897,5613,6229,7645,8618],[1.0,1.0,1.0,1.0,1.0,1.0,1.0]
10746,[348,869,956,1255,1662,1706,6401,8114,10346],[1.0,1.0,1.0,1.0,1.0,1.0,1.0,1.0,1.0]
10746,[5135,6083,7045,9338,9851,10350],[1.0,1.0,1.0,1.0,1.0,1.0]
10746,[2182,2541,2919,3318,5575,6626,7084,7182,9273,9632],[1.0,1.0,1.0,1.0,1.0,1.0,1.0,1.0,1.0,1.0]
10746,[262,1706,4506,6298,6705,7363,8476,8661,9175],[1.0,1.0,1.0,1.0,1.0,1.0,1.0,1.0,1.0]
10746,[769,896,2618,3651,6492,6711,8421,8673],[1.0,1.0,1.0,1.0,1.0,1.0,1.0,1.0]
10746,[1920,3545,3921,4217,7102,7205,9273,10222,10539],[1.0,1.0,1.0,1.0,1.0,1.0,1.0,1.0,1.0]
10746,[747,1129,2024,2202,2919,3532,3545,3581,5357],[1.0,1.0,1.0,1.0,1.0,1.0,1.0,1.0,1.0]
10746,[902,1099,2383,9027,9491,10082],[1.0,1.0,1.0,1.0,1.0,1.0]
