10746,[1513,2493,4440,4953,7869,7990,8773,10067],[1.0,1.0,1.0,1.0,1.0,1.0,1.0,1.0]
10746,[1513,2289,2518,3900,4778,10067,10152,10360],[1.0,1.0,1.0,1.0,1.0,1.0,1.0,1.0]
10746,[213,1595,4464,4682,7153,7339,7816,8859,9000],[1.0,1.0,1.0,1.0,1.0,1.0,1.0,1.0,1.0]
10746,[451,812,1377,1842,2771,4168,4925,8476,8893,9273],[1.0,1.0,1.0,1.0,1.0,1.0,1.0,1.0,1.0,1.0]
10746,[1255,1275,1910,2447,4934,5983,7334,9379,10627],[1.0,1.0,1.0,1.0,1.0,1.0,1.0,1.0,1.0]
10746,[451,501,1529,4599,5135,8041,9632,10024],[1.0,1.0,1.0,1.0,1.0,1.0,1.0,1.0]
10746,[463,1890,2530,2916,3545,6341,9393,10068,10438],[1.0,1.0,1.0,1.0,1.0,1.0,1.0,1.0,1.0]
10746,[66,7682,8411,9029,9258,9389,9632,10024],[1.0,1.0,1.0,1.0,1.0,1.0,1.0,1.0]
10746,[262,578,878,3946,4534,8812,9040,9289],[1.0,1.0,1.0,1.0,1.0,1.0,1.0,1.0]
10746,[2366,3535,4268,4534,9270,9953,10621],[1.0,1.0,1.0,1.0,1.0,1.0,1.0]
10746,[744,4953,5142,6145],[1.0,1.0,1.0,1.0]
