10746,[1513,4440,4953,6193,7990,8773,9325,10067],[1.0,1.0,1.0,1.0,1.0,1.0,1.0,1.0]
10746,[1237,1513,2518,4778,8635,9632,10067,10152,10360],[1.0,1.0,1.0,1.0,1.0,1.0,1.0,1.0,1.0]
10746,[213,2289,3900,4682,7153,7339,7429,8859,10067],[1.0,1.0,1.0,1.0,1.0,1.0,1.0,1.0,1.0]
10746,[204,1237,1791,2927,3514,5555,6370,7419,9107],[1.0,1.0,1.0,1.0,1.0,1.0,1.0,1.0,1.0]
10746,[1960,2493,4707,6399,10072],[1.0,1.0,1.0,1.0,1.0]
10746,[1098,2443,3249,4606,4801,4905,5181,8280,10054],[1.0,1.0,1.0,1.0,1.0,1.0,1.0,1.0,1.0]
10746,[896,1099,1237,1865,3514,3669,4534,4649,9298,10714],[1.0,1.0,1.0,1.0,1.0,1.0,1.0,1.0,1.0,1.0]
10746,[1960,2581,3249,3290,3514,4801,5117,7419,8101,9513],[1.0,1.0,1.0,1.0,1.0,1.0,1.0,1.0,1.0,1.0]
10746,[3249,3545,4801,7506,7755,8114,8960,10621],[1.0,1.0,1.0,1.0,1.0,1.0,1.0,1.0]
10746,[361,464,4349,4801,6611,8041,9595,10621],[1.0,1.0,1.0,1.0,1.0,1.0,1.0,1.0]
10746,[3416,4953],[1.0,1.0]
