10746,[1306,2526,4440,5830,7304,7498,7608,10707],[1.0,1.0,1.0,1.0,1.0,1.0,1.0,1.0]
10746,[213,267,1316,2509,4511,5514,6366,10360],[1.0,1.0,1.0,1.0,1.0,1.0,1.0,1.0]
10746,[172,936,3792,3835,5830,7608,9851,10734],[1.0,1.0,1.0,1.0,1.0,1.0,1.0,1.0]
10746,[1834,3318,3545,4116,6394,8622,9273,9632],[1.0,1.0,1.0,1.0,1.0,1.0,1.0,1.0]
10746,[1706,4393,5830,6079,6167,6335,10381,10670],[1.0,1.0,1.0,1.0,1.0,1.0,1.0,1.0]
10746,[326,4393,4964,5105,6079,8602,10621,10650],[1.0,1.0,1.0,1.0,1.0,1.0,1.0,1.0]
10746,[1377,3665,4335,5857,8095,8196,10057,10133,10701],[1.0,1.0,1.0,1.0,1.0,1.0,1.0,1.0,1.0]
10746,[585,841,994,2310,3665,4191,7813,8267,10222],[1.0,1.0,1.0,1.0,1.0,1.0,1.0,1.0,1.0]
10746,[0,539,1299,2305,3637,5559,10445],[1.0,1.0,1.0,1.0,1.0,1.0,1.0]
10746,[804,6482,6984,6999,8095,8476,9246,9273,10433],[1.0,1.0,1.0,1.0,1.0,1.0,1.0,1.0,1.0]
10746,[48,3396,3665,6603,6828,7163,9647],[1.0,1.0,1.0,1.0,1.0,1.0,1.0]
10746,[223,708,1255,3206,5443,6621,8904,9273],[1.0,1.0,1.0,1.0,1.0,1.0,1.0,1.0]
10746,[1834,3545,6298,6394,9632,9773,10278],[1.0,1.0,1.0,1.0,1.0,1.0,1.0]
10746,[223,567,1324,2618,3442,3665,5200,6176,9632],[1.0,1.0,1.0,1.0,1.0,1.0,1.0,1.0,1.0]
10746,[0,1051,2281,2550,4892,7123,7664,9273,9576],[1.0,1.0,1.0,1.0,1.0,1.0,1.0,1.0,1.0]
10746,[334,902,2010,3665,6298,6999,8095,9273],[1.0,1.0,1.0,1.0,1.0,1.0,1.0,1.0]
10746,[0,1190,1255,1730,6900,7408,7664,10621],[1.0,1.0,1.0,1.0,1.0,1.0,1.0,1.0]
10746,[503,6118,6167,7580,8387,8894,10057,10101],[1.0,1.0,1.0,1.0,1.0,1.0,1.0,1.0]
10746,[0,1819,1872,6298,7580,8387,8690],[1.0,1.0,1.0,1.0,1.0,1.0,1.0]
10746,[0,1527,1535,2737,4115,6790,6854,8628,10036,10491],[1.0,1.0,1.0,1.0,1.0,1.0,1.0,1.0,1.0,1.0]
10746,[143,365,7260,7572,7608,7642,7830,8095,8308],[1.0,1.0,1.0,1.0,1.0,1.0,1.0,1.0,1.0]
10746,[1527,4147,4277,7304,8416,9633],[1.0,1.0,1.0,1.0,1.0,1.0]
10746,[869,1291,3741,5343,5944,7608,8095,8680],[1.0,1.0,1.0,1.0,1.0,1.0,1.0,1.0]
10746,[1659,2482,2946,6147,7608,9851],[1.0,1.0,1.0,1.0,1.0,1.0]
10746,[2638,4196,5617,5885,5931,6815,7273,9298],[1.0,1.0,1.0,1.0,1.0,1.0,1.0,1.0]
10746,[7759,8080,8352,8664,9821,9954,10222],[1.0,1.0,1.0,1.0,1.0,1.0,1.0]
10746,[1117,1744,1938,1998,2079,3070,4753,8081],[1.0,1.0,1.0,1.0,1.0,1.0,1.0,1.0]
10746,[184,273,3924,4067,4657,5087,6634,7818],[1.0,1.0,1.0,1.0,1.0,1.0,1.0,1.0]
10746,[2672,4762],[1.0,1.0]
