10746,[242,2013,4440,5201,6557,7813,8751,8779,9491],[1.0,1.0,1.0,1.0,1.0,1.0,1.0,1.0,1.0]
10746,[463,1456,1714,4534,7074,7416,9972,10360,10445],[1.0,1.0,1.0,1.0,1.0,1.0,1.0,1.0,1.0]
10746,[213,373,3139,4954,6777,6890,8295,10032,10463],[1.0,1.0,1.0,1.0,1.0,1.0,1.0,1.0,1.0]
10746,[936,2013,3139,5201,8751,8779,9491,10032,10270],[1.0,1.0,1.0,1.0,1.0,1.0,1.0,1.0,1.0]
10746,[121,242,936,1299,3965,5201,6557,8751,8779,9491],[1.0,1.0,1.0,1.0,1.0,1.0,1.0,1.0,1.0,1.0]
10746,[1535,2067,2530,3018,6335,8475,8729],[1.0,1.0,1.0,1.0,1.0,1.0,1.0]
10746,[896,1237,2618,4611,6335,8595,8979,9083,10068],[1.0,1.0,1.0,1.0,1.0,1.0,1.0,1.0,1.0]
10746,[747,1099,1535,2067,2447,3018,3965,7506],[1.0,1.0,1.0,1.0,1.0,1.0,1.0,1.0]
10746,[747,869,2530,5737,5946,6301,8729],[1.0,1.0,1.0,1.0,1.0,1.0,1.0]
10746,[357,766,998,8038,8979,9076,9273,10691],[1.0,1.0,1.0,1.0,1.0,1.0,1.0,1.0]
10746,[6301,7099,7728,9143,9183,9258],[1.0,1.0,1.0,1.0,1.0,1.0]
10746,[2530,2627,4611,5440,6335,8595],[1.0,1.0,1.0,1.0,1.0,1.0]
10746,[4355,4534,5022,5069,9097,9814,10068,10419],[1.0,1.0,1.0,1.0,1.0,1.0,1.0,1.0]
10746,[463,2530,3741,8595,8871,9943,10617],[1.0,1.0,1.0,1.0,1.0,1.0,1.0]
10746,[2013,2728,6557,6952,8673,8751,8779,10445,10694],[1.0,1.0,1.0,1.0,1.0,1.0,1.0,1.0,1.0]
10746,[2266,5201,7114,7379,8116,9290,9491,9851],[1.0,1.0,1.0,1.0,1.0,1.0,1.0,1.0]
10746,[365,4996,5809,6754,9663,10692],[1.0,1.0,1.0,1.0,1.0,1.0]
