10746,[1513,4440,4583,4953,5990,7990,8773,10067],[1.0,1.0,1.0,1.0,1.0,1.0,1.0,1.0]
10746,[1513,2289,2518,3900,4778,10067,10152,10360],[1.0,1.0,1.0,1.0,1.0,1.0,1.0,1.0]
10746,[213,1158,4682,5413,6333,7153,7339,8859,9000],[1.0,1.0,1.0,1.0,1.0,1.0,1.0,1.0,1.0]
10746,[1706,2774,3713,4055,9270,9433,10222],[1.0,1.0,1.0,1.0,1.0,1.0,1.0]
10746,[56,228,561,3426,4388,5142,5592,5604,5629],[1.0,1.0,1.0,1.0,1.0,1.0,1.0,1.0,1.0]
10746,[2802,3696,6507,7019,8832,10092,10351,10469],[1.0,1.0,1.0,1.0,1.0,1.0,1.0,1.0]
10746,[42,135,844,2133,4421,7291,8234,8842,9004],[1.0,1.0,1.0,1.0,1.0,1.0,1.0,1.0,1.0]
10746,[1960,4055,5793,6787,7516,8476,9364,10222],[1.0,1.0,1.0,1.0,1.0,1.0,1.0,1.0]
10746,[825,933,3626,3697,4428,5298,8842],[1.0,1.0,1.0,1.0,1.0,1.0,1.0]
10746,[2530,3466,4757,5783,6298,6335,9461,9632],[1.0,1.0,1.0,1.0,1.0,1.0,1.0,1.0]
10746,[55,4325,6394,7423,9364,9460,10438,10439],[1.0,1.0,1.0,1.0,1.0,1.0,1.0,1.0]
10746,[1005,2123,4611,6188,8961,9315,10082,10536],[1.0,1.0,1.0,1.0,1.0,1.0,1.0,1.0]
10746,[1817,2114,2126,5142,5505,8411,8595,8908,9460],[1.0,1.0,1.0,1.0,1.0,1.0,1.0,1.0,1.0]
10746,[567,1237,5067,8114,8595,9460],[1.0,1.0,1.0,1.0,1.0,1.0]
10746,[19,1596,2708,4891,7033,7671,9148],[1.0,1.0,1.0,1.0,1.0,1.0,1.0]
10746,[4943,4953],[1.0,1.0]
