10746,[1513,3284,4440,4778,4953,7990,8773,10067],[1.0,1.0,1.0,1.0,1.0,1.0,1.0,1.0]
10746,[1513,2289,2518,3900,7339,10067,10152,10360],[1.0,1.0,1.0,1.0,1.0,1.0,1.0,1.0]
10746,[213,1469,4682,5336,7153,7858,8448,8859,9000,9491],[1.0,1.0,1.0,1.0,1.0,1.0,1.0,1.0,1.0,1.0]
10746,[936,2238,2493,2916,4695,7379,8104],[1.0,1.0,1.0,1.0,1.0,1.0,1.0]
10746,[1255,3257,3858,4066,4854,4953,9298,9748,10433],[1.0,1.0,1.0,1.0,1.0,1.0,1.0,1.0,1.0]
10746,[1992,4328,4953,5022,7381,7430,8136,8841,9270,9748],[1.0,1.0,1.0,1.0,1.0,1.0,1.0,1.0,1.0,1.0]
10746,[1588,2823,4755,5360,6597,7117,7649,7877,8114],[1.0,1.0,1.0,1.0,1.0,1.0,1.0,1.0,1.0]
10746,[2916,4971,6464,7390,8661,9841,9847,10115,10621],[1.0,1.0,1.0,1.0,1.0,1.0,1.0,1.0,1.0]
10746,[60,1234,2070,8117,8280,9407,9731],[1.0,1.0,1.0,1.0,1.0,1.0,1.0]
10746,[122,1099,6897,7079,7293,8114,8595,9298,10621],[1.0,1.0,1.0,1.0,1.0,1.0,1.0,1.0,1.0]
10746,[126,296,2114,2321,6370,8114,8582],[1.0,1.0,1.0,1.0,1.0,1.0,1.0]
10746,[463,1706,2352,3257,3813,4191,6002,7700,9940],[1.0,1.0,1.0,1.0,1.0,1.0,1.0,1.0,1.0]
10746,[14,365,1738,2622,4066,5078,7338,8895,10406],[1.0,1.0,1.0,1.0,1.0,1.0,1.0,1.0,1.0]
10746,[266,1255,1584,2492,6335,7294,7676,7846,8041,9748],[1.0,1.0,1.0,1.0,1.0,1.0,1.0,1.0,1.0,1.0]
10746,[896,1099,1541,3651,5641,9273,9545,10640],[1.0,1.0,1.0,1.0,1.0,1.0,1.0,1.0]
10746,[1673,3437,6229,7728,7923,8701,9270,9482],[1.0,1.0,1.0,1.0,1.0,1.0,1.0,1.0]
10746,[143,3151,4953,8136,8760,8773,8911,10381],[1.0,1.0,1.0,1.0,1.0,1.0,1.0,1.0]
