10746,[1853,3450,3608,4440,6193,6838,9305,9325,9491],[1.0,1.0,1.0,1.0,1.0,1.0,1.0,1.0,1.0]
10746,[213,936,1960,3244,3791,4722,5373,10463],[1.0,1.0,1.0,1.0,1.0,1.0,1.0,1.0]
10746,[936,2049,2798,3974,7481,9491,9867,10463],[1.0,1.0,1.0,1.0,1.0,1.0,1.0,1.0]
10746,[936,5293,6049,7928,9491,10127,10249,10285],[1.0,1.0,1.0,1.0,1.0,1.0,1.0,1.0]
10746,[595,2147,2524,4439,4994,5328,6193,8574,10445,10732],[1.0,1.0,1.0,1.0,1.0,1.0,1.0,1.0,1.0,1.0]
10746,[1796,4611,6193,8078,8227,9325],[1.0,1.0,1.0,1.0,1.0,1.0]
10746,[2799,2916,6193,6792,6872,6877,9270],[1.0,1.0,1.0,1.0,1.0,1.0,1.0]
10746,[860,1706,2702,2919,3532,6035,6169,8114],[1.0,1.0,1.0,1.0,1.0,1.0,1.0,1.0]
10746,[171,1255,1960,4405,6193,6754,8191,9325],[1.0,1.0,1.0,1.0,1.0,1.0,1.0,1.0]
10746,[869,1706,1813,4349,4611,7423,7578,9239,10433],[1.0,1.0,1.0,1.0,1.0,1.0,1.0,1.0,1.0]
10746,[129,387,902,1275,1960,4502,9289,9460],[1.0,1.0,1.0,1.0,1.0,1.0,1.0,1.0]
10746,[172,4188,4998,5426,5522,5628,7317,9270,9298],[1.0,1.0,1.0,1.0,1.0,1.0,1.0,1.0,1.0]
10746,[1315,3084,3426,3716,4939,6383,7186,9262,9632],[1.0,1.0,1.0,1.0,1.0,1.0,1.0,1.0,1.0]
10746,[619,1960,2900,3013,4363,5345,5829,8499,8610],[1.0,1.0,1.0,1.0,1.0,1.0,1.0,1.0,1.0]
10746,[619,1275,1491,2213,5109,6812,7384,10082,10350],[1.0,1.0,1.0,1.0,1.0,1.0,1.0,1.0,1.0]
10746,[468,1922,1960,3582,4954,5495,7382],[1.0,1.0,1.0,1.0,1.0,1.0,1.0]
10746,[26,589,1960,4363,6838,7671],[1.0,1.0,1.0,1.0,1.0,1.0]
10746,[956,1960,2509,5961,8729,8917,9239,9486,10419],[1.0,1.0,1.0,1.0,1.0,1.0,1.0,1.0,1.0]
10746,[1255,3094,6149,6471,6973,8004,9190,9632],[1.0,1.0,1.0,1.0,1.0,1.0,1.0,1.0]
10746,[2493,5181,5428,6314,6633,8110,8744,10082,10508],[1.0,1.0,1.0,1.0,1.0,1.0,1.0,1.0,1.0]
10746,[589,3013,3321,3426,4939,5896,6812,8690],[1.0,1.0,1.0,1.0,1.0,1.0,1.0,1.0]
10746,[589,3013,4553,4939,6650,6812,9851,10082],[1.0,1.0,1.0,1.0,1.0,1.0,1.0,1.0]
10746,[5953,6229,8041,8398,8449,10082],[1.0,1.0,1.0,1.0,1.0,1.0]
10746,[365,3433,3732,6812,7424,7634,7685,9239],[1.0,1.0,1.0,1.0,1.0,1.0,1.0,1.0]
10746,[225,2618,3442,4184,6405,8917,9851,10068],[1.0,1.0,1.0,1.0,1.0,1.0,1.0,1.0]
10746,[2213,2363,3829,4172,5173,5181,6405,6907,7834,10082],[1.0,1.0,1.0,1.0,1.0,1.0,1.0,1.0,1.0,1.0]
10746,[4056,5173,5552,7938,8947,9851,10068],[1.0,1.0,1.0,1.0,1.0,1.0,1.0]
10746,[129,177,225,1960,2213,5173,6405,9851],[1.0,1.0,1.0,1.0,1.0,1.0,1.0,1.0]
10746,[2123,2407,4217,6047,8114,8200,10252],[1.0,1.0,1.0,1.0,1.0,1.0,1.0]
10746,[2407,2618,2916,3867,4217,4819,7929,9910,10613],[1.0,1.0,1.0,1.0,1.0,1.0,1.0,1.0,1.0]
10746,[589,4191,4217,6872,7317,9239,9488,9724,10470],[1.0,1.0,1.0,1.0,1.0,1.0,1.0,1.0,1.0]
10746,[2537,3442,3592,3763,4149,6401,7299,10146],[1.0,1.0,1.0,1.0,1.0,1.0,1.0,1.0]
10746,[372,582,1255,2427,3216,3631,9273,10308],[1.0,1.0,1.0,1.0,1.0,1.0,1.0,1.0]
10746,[1255,2751,3015,3845,5167,5996,8114,8227],[1.0,1.0,1.0,1.0,1.0,1.0,1.0,1.0]
10746,[2322,3192,4217,6193,7266,7719,8499,8911],[1.0,1.0,1.0,1.0,1.0,1.0,1.0,1.0]
10746,[1706,4363,6172,6819,7202,7813,8476],[1.0,1.0,1.0,1.0,1.0,1.0,1.0]
10746,[914,2618,3060,3953,5541,7789,8114,9273,9851],[1.0,1.0,1.0,1.0,1.0,1.0,1.0,1.0,1.0]
10746,[172,1706,6401,8673,8718,9488,10031],[1.0,1.0,1.0,1.0,1.0,1.0,1.0]
10746,[472,3545,5639,5988,6552,7423,8227,8735,9632,10082],[1.0,1.0,1.0,1.0,1.0,1.0,1.0,1.0,1.0,1.0]
10746,[365,1073,3545,3669,4553,4680,6177,9611,9851,10082],[1.0,1.0,1.0,1.0,1.0,1.0,1.0,1.0,1.0,1.0]
10746,[589,896,1706,4217,4405,6633,6872,10289,10433],[1.0,1.0,1.0,1.0,1.0,1.0,1.0,1.0,1.0]
10746,[1960,2023,2708,3144,6061,6335,6952,8114,9988],[1.0,1.0,1.0,1.0,1.0,1.0,1.0,1.0,1.0]
10746,[1255,1697,2213,2455,4184,6061,7424,7599,9844],[1.0,1.0,1.0,1.0,1.0,1.0,1.0,1.0,1.0]
10746,[2068,3246,5277,5604,6405,7616,8580,8911],[1.0,1.0,1.0,1.0,1.0,1.0,1.0,1.0]
10746,[141,1275,1960,6475,8114,9066,9460],[1.0,1.0,1.0,1.0,1.0,1.0,1.0]
10746,[417,512,2828,2916,5058,5608,7253,7503,9298],[1.0,1.0,1.0,1.0,1.0,1.0,1.0,1.0,1.0]
10746,[561,631,2036,4191,4534,5560,9290,9298,9379,9851],[1.0,1.0,1.0,1.0,1.0,1.0,1.0,1.0,1.0,1.0]
10746,[2596,5983,5991,6035,6172,8114,10068,10445,10621],[1.0,1.0,1.0,1.0,1.0,1.0,1.0,1.0,1.0]
10746,[1960,2916,5404,6193,7993,9534,10734],[1.0,1.0,1.0,1.0,1.0,1.0,1.0]
10746,[1528,2047,2916,5142,5737,6193,6395,7114,9325],[1.0,1.0,1.0,1.0,1.0,1.0,1.0,1.0,1.0]
10746,[711,3908,6379,7955,8114,8402,9632],[1.0,1.0,1.0,1.0,1.0,1.0,1.0]
10746,[14,962,2524,3633,5053,8441,8842,9203,10423],[1.0,1.0,1.0,1.0,1.0,1.0,1.0,1.0,1.0]
10746,[2366,2737,3089,7307,7649,8073,10617,10621],[1.0,1.0,1.0,1.0,1.0,1.0,1.0,1.0]
10746,[423,6145,6193,7502,7711,9325,9632],[1.0,1.0,1.0,1.0,1.0,1.0,1.0]
10746,[3070,4124,5366,6193,7317,7955,8227,9325,9379],[1.0,1.0,1.0,1.0,1.0,1.0,1.0,1.0,1.0]
10746,[1275,1706,2133,3251,4328,4405,7116],[1.0,1.0,1.0,1.0,1.0,1.0,1.0]
10746,[1275,2524,3070,3545,3633,4795,9534,9575],[1.0,1.0,1.0,1.0,1.0,1.0,1.0,1.0]
10746,[172,5046,5167,5544,5873,7266,7325],[1.0,1.0,1.0,1.0,1.0,1.0,1.0]
10746,[1706,1796,2012,3257,4720,6229,8089,9045],[1.0,1.0,1.0,1.0,1.0,1.0,1.0,1.0]
10746,[1099,1234,2075,4205,5885,6952,7813,8476,10302],[1.0,1.0,1.0,1.0,1.0,1.0,1.0,1.0,1.0]
10746,[14,1446,2133,2336,3969,4961,8190,8476],[1.0,1.0,1.0,1.0,1.0,1.0,1.0,1.0]
10746,[2618,5089,6041,7187,8308,8506,8622,9880,10115],[1.0,1.0,1.0,1.0,1.0,1.0,1.0,1.0,1.0]
10746,[14,1099,1140,5580,10056],[1.0,1.0,1.0,1.0,1.0]
10746,[89,327,1706,2325,4526,4720,7366,7813],[1.0,1.0,1.0,1.0,1.0,1.0,1.0,1.0]
10746,[3251,3890,5046,5167,5207,5763,7843],[1.0,1.0,1.0,1.0,1.0,1.0,1.0]
10746,[14,3908,5031,6193,8729,9325,10222],[1.0,1.0,1.0,1.0,1.0,1.0,1.0]
10746,[4722,5641,5662,5709,7384,8227,9270,9749],[1.0,1.0,1.0,1.0,1.0,1.0,1.0,1.0]
10746,[3198,3216,4848,5390,8114,8196,9595],[1.0,1.0,1.0,1.0,1.0,1.0,1.0]
10746,[108,2079,3216,3779,5630,5877,7518,8474,8935,9298],[1.0,1.0,1.0,1.0,1.0,1.0,1.0,1.0,1.0,1.0]
10746,[1516,1960,6812,7117,9270,9632],[1.0,1.0,1.0,1.0,1.0,1.0]
10746,[747,1099,1960,5069,5145,7117,10186,10419],[1.0,1.0,1.0,1.0,1.0,1.0,1.0,1.0]
10746,[1552,3545,3732,3835,6229,7744,8917,9298],[1.0,1.0,1.0,1.0,1.0,1.0,1.0,1.0]
10746,[544,896,1685,1706,3257,6872,8509,9239,10546],[1.0,1.0,1.0,1.0,1.0,1.0,1.0,1.0,1.0]
10746,[589,1706,4405,4611,4857,5262,7060,10433],[1.0,1.0,1.0,1.0,1.0,1.0,1.0,1.0]
10746,[2596,3070,3545,3898,6817,7182,7384,10617],[1.0,1.0,1.0,1.0,1.0,1.0,1.0,1.0]
10746,[1,172,544,2474,6167,9175,10135,10582],[1.0,1.0,1.0,1.0,1.0,1.0,1.0,1.0]
10746,[2243,2333,6000,6335,9273,9298,9331,9851,10714],[1.0,1.0,1.0,1.0,1.0,1.0,1.0,1.0,1.0]
10746,[143,2493,5873,6510,6801,8593,10714],[1.0,1.0,1.0,1.0,1.0,1.0,1.0]
10746,[365,1535,2548,3442,5173,6167,6340],[1.0,1.0,1.0,1.0,1.0,1.0,1.0]
10746,[1315,2243,4138,4217,4784,6812,7205],[1.0,1.0,1.0,1.0,1.0,1.0,1.0]
10746,[589,2267,6689,8697,9632,10433,10510],[1.0,1.0,1.0,1.0,1.0,1.0,1.0]
10746,[14,1099,2243,2457,3216,5628,6394,8114,8486],[1.0,1.0,1.0,1.0,1.0,1.0,1.0,1.0,1.0]
10746,[4857,5069,5089,6041,8917,10438],[1.0,1.0,1.0,1.0,1.0,1.0]
10746,[144,313,833,5741,6229,7506,8904],[1.0,1.0,1.0,1.0,1.0,1.0,1.0]
10746,[14,3257,3515,4103,5167,5963,10433],[1.0,1.0,1.0,1.0,1.0,1.0,1.0]
10746,[2051,3257,4642,5519,7084,7213,8347],[1.0,1.0,1.0,1.0,1.0,1.0,1.0]
10746,[833,1706,7018,7213,8114,10419,10599],[1.0,1.0,1.0,1.0,1.0,1.0,1.0]
10746,[2916,3741,5181,8411,9420],[1.0,1.0,1.0,1.0,1.0]
10746,[313,1965,4042,4534,5704,6169,8740,9420,9611],[1.0,1.0,1.0,1.0,1.0,1.0,1.0,1.0,1.0]
10746,[197,2916,4552,5793,6295,6368,6462,10222,10472],[1.0,1.0,1.0,1.0,1.0,1.0,1.0,1.0,1.0]
10746,[1948,2407,2492,3993,4795,5181,5390,8201,8364,9270],[1.0,1.0,1.0,1.0,1.0,1.0,1.0,1.0,1.0,1.0]
10746,[626,806,2051,2407,3669,4589,8114,10135],[1.0,1.0,1.0,1.0,1.0,1.0,1.0,1.0]
10746,[1073,2609,5752,6315,7218,7363,9851],[1.0,1.0,1.0,1.0,1.0,1.0,1.0]
10746,[902,1144,2728,2916,4239,5167,8190,9784],[1.0,1.0,1.0,1.0,1.0,1.0,1.0,1.0]
10746,[833,2493,5440,5660,8877,9420],[1.0,1.0,1.0,1.0,1.0,1.0]
10746,[749,800,1284,1892,2114,4103,4804,6295,8098,10616],[1.0,1.0,1.0,1.0,1.0,1.0,1.0,1.0,1.0,1.0]
