10746,[2493,2916,3284,4440,4695,8104],[1.0,1.0,1.0,1.0,1.0,1.0]
10746,[213,4755,5653,5808,6290,7207,7409,9135,9632,10360],[1.0,1.0,1.0,1.0,1.0,1.0,1.0,1.0,1.0,1.0]
10746,[2245,3093,6003,6220,8790,10463],[1.0,1.0,1.0,1.0,1.0,1.0]
10746,[936,2493,2916,4198,4695,8104],[1.0,1.0,1.0,1.0,1.0,1.0]
10746,[74,646,2240,3284,4217,8245],[1.0,1.0,1.0,1.0,1.0,1.0]
10746,[121,646,3442,4332,6385,8476,8917,9270,10068],[1.0,1.0,1.0,1.0,1.0,1.0,1.0,1.0,1.0]
10746,[14,869,5001,6865,9580,10415],[1.0,1.0,1.0,1.0,1.0,1.0]
10746,[15,578,1255,4268,6940,9270,9298,9580,10415,10463],[1.0,1.0,1.0,1.0,1.0,1.0,1.0,1.0,1.0,1.0]
10746,[463,1242,1284,2425,3290,3514,6952,7033,7267],[1.0,1.0,1.0,1.0,1.0,1.0,1.0,1.0,1.0]
10746,[646,1255,5983,6442,7777,9407,10222,10415],[1.0,1.0,1.0,1.0,1.0,1.0,1.0,1.0]
10746,[4251,5991,7325,8861,9049,10068,10445],[1.0,1.0,1.0,1.0,1.0,1.0,1.0]
10746,[72,527,1712,1829,2562,2708,10082],[1.0,1.0,1.0,1.0,1.0,1.0,1.0]
10746,[6603,7863,8476,8528,8861,9337],[1.0,1.0,1.0,1.0,1.0,1.0]
10746,[646,1435,3284,4268,4854,6298,10617],[1.0,1.0,1.0,1.0,1.0,1.0,1.0]
10746,[463,3290,6952,7033,7267,7890,8904,9595],[1.0,1.0,1.0,1.0,1.0,1.0,1.0,1.0]
10746,[217,1990,3192,5142,6952,7033,7890,9289,9953],[1.0,1.0,1.0,1.0,1.0,1.0,1.0,1.0,1.0]
10746,[561,2127,4040,4611,5592,10690],[1.0,1.0,1.0,1.0,1.0,1.0]
10746,[646,3284,4268,4332,4929,5142,6889],[1.0,1.0,1.0,1.0,1.0,1.0,1.0]
10746,[1255,2472,3683,4351,6295,6401,8041,8245,9632],[1.0,1.0,1.0,1.0,1.0,1.0,1.0,1.0,1.0]
10746,[15,646,1548,5661,7390,8971,10381],[1.0,1.0,1.0,1.0,1.0,1.0,1.0]
10746,[646,4332,4980,5604,7394,8690,10617],[1.0,1.0,1.0,1.0,1.0,1.0,1.0]
10746,[896,1099,4405,5011,8221,8310,10621],[1.0,1.0,1.0,1.0,1.0,1.0,1.0]
10746,[121,646,2916,3284,4854,5628,6229,6385],[1.0,1.0,1.0,1.0,1.0,1.0,1.0,1.0]
10746,[1255,2238,3257,3545,4268,6035,7379,7502,9298],[1.0,1.0,1.0,1.0,1.0,1.0,1.0,1.0,1.0]
10746,[1284,3858,4066,4854,4953,7451,9298,9748,10433],[1.0,1.0,1.0,1.0,1.0,1.0,1.0,1.0,1.0]
10746,[60,217,2530,4027,7267,7777,7890],[1.0,1.0,1.0,1.0,1.0,1.0,1.0]
10746,[126,1900,2206,2618,6341,7646,8073,8511,9273],[1.0,1.0,1.0,1.0,1.0,1.0,1.0,1.0,1.0]
10746,[1054,1275,4442,5928,9270,9364,9424,9611,9794],[1.0,1.0,1.0,1.0,1.0,1.0,1.0,1.0,1.0]
10746,[1903,4090,6341,6841,7923,8398,8584,9611],[1.0,1.0,1.0,1.0,1.0,1.0,1.0,1.0]
10746,[561,2305,2493,4534,5592,6047,9379],[1.0,1.0,1.0,1.0,1.0,1.0,1.0]
