10746,[216,548,1070,4299,6997,7800,9491],[1.0,1.0,1.0,1.0,1.0,1.0,1.0]
10746,[548,1310,4440,7800,9025,9491,9582],[1.0,1.0,1.0,1.0,1.0,1.0,1.0]
10746,[548,2233,7800,9491,9582,10360],[1.0,1.0,1.0,1.0,1.0,1.0]
10746,[213,539,548,1317,1932,3436,5030,7800,9491,9582],[1.0,1.0,1.0,1.0,1.0,1.0,1.0,1.0,1.0,1.0]
10746,[936,2233,3096,5187,9491,9920,10463],[1.0,1.0,1.0,1.0,1.0,1.0,1.0]
10746,[548,936,7800,8810,9491,9582],[1.0,1.0,1.0,1.0,1.0,1.0]
10746,[74,567,902,2919,5402,5485,10139,10381],[1.0,1.0,1.0,1.0,1.0,1.0,1.0,1.0]
10746,[1953,4611,6647,7081,7305,9762,9851,10621],[1.0,1.0,1.0,1.0,1.0,1.0,1.0,1.0]
10746,[1255,3145,3758,6395,7926,9536,9611,10627],[1.0,1.0,1.0,1.0,1.0,1.0,1.0,1.0]
10746,[3890,4100,4837,6379,7334,7746,7824,8729,10556],[1.0,1.0,1.0,1.0,1.0,1.0,1.0,1.0,1.0]
10746,[501,1535,1783,3268,5260,5345,8736,9025,9973],[1.0,1.0,1.0,1.0,1.0,1.0,1.0,1.0,1.0]
10746,[2316,3268,3592,7844,8075,9733,10068,10617],[1.0,1.0,1.0,1.0,1.0,1.0,1.0,1.0]
10746,[1359,1700,2455,3586,7379,9270,10391,10419],[1.0,1.0,1.0,1.0,1.0,1.0,1.0,1.0]
10746,[356,2344,2576,5698,6172,6229,6500,9724],[1.0,1.0,1.0,1.0,1.0,1.0,1.0,1.0]
10746,[1255,1700,2425,2472,5763,5793,10586],[1.0,1.0,1.0,1.0,1.0,1.0,1.0]
10746,[252,1615,1783,3018,4961,7305,8276],[1.0,1.0,1.0,1.0,1.0,1.0,1.0]
10746,[902,3011,4525,7671,9270,9379,9420,10573],[1.0,1.0,1.0,1.0,1.0,1.0,1.0,1.0]
10746,[2627,3545,5580,7669,8145,8278,9534,10082],[1.0,1.0,1.0,1.0,1.0,1.0,1.0,1.0]
10746,[2335,3676,6042,6172,6229,7843,9270,10391],[1.0,1.0,1.0,1.0,1.0,1.0,1.0,1.0]
10746,[252,1706,1993,2720,5213,8904,9270],[1.0,1.0,1.0,1.0,1.0,1.0,1.0]
10746,[217,252,1673,4405,5320,7669,9000,10621],[1.0,1.0,1.0,1.0,1.0,1.0,1.0,1.0]
10746,[356,1700,4191,4961,7746,8576,9328,9851,10621],[1.0,1.0,1.0,1.0,1.0,1.0,1.0,1.0,1.0]
10746,[1255,3301,5142,5343,6335,8230,9851],[1.0,1.0,1.0,1.0,1.0,1.0,1.0]
10746,[252,5485,6329,6341,6492,9528,10621],[1.0,1.0,1.0,1.0,1.0,1.0,1.0]
10746,[365,1255,2407,6342,6371,8465,9465],[1.0,1.0,1.0,1.0,1.0,1.0,1.0]
10746,[1099,1742,5328,6229,8844,8917,10195,10433],[1.0,1.0,1.0,1.0,1.0,1.0,1.0,1.0]
10746,[1130,1255,1403,2079,2333,5031,9270,10236],[1.0,1.0,1.0,1.0,1.0,1.0,1.0,1.0]
10746,[902,4534,5616,6575,7202,8729,9801,10108,10263],[1.0,1.0,1.0,1.0,1.0,1.0,1.0,1.0,1.0]
10746,[943,1700,3592,4217,4868,7649,9365],[1.0,1.0,1.0,1.0,1.0,1.0,1.0]
10746,[168,1255,2982,5443,6341,7898,8114,9407],[1.0,1.0,1.0,1.0,1.0,1.0,1.0,1.0]
10746,[13,634,2708,5391,6229,7334,10203],[1.0,1.0,1.0,1.0,1.0,1.0,1.0]
10746,[252,1706,2333,6221,7070,8455,8582],[1.0,1.0,1.0,1.0,1.0,1.0,1.0]
10746,[356,806,902,1911,4570,4611,9784],[1.0,1.0,1.0,1.0,1.0,1.0,1.0]
10746,[3586,3754,4440,8621,9270,9547,9816],[1.0,1.0,1.0,1.0,1.0,1.0,1.0]
10746,[342,365,1604,1706,7384,7502],[1.0,1.0,1.0,1.0,1.0,1.0]
10746,[2518,6518,7857,9598,10015,10323],[1.0,1.0,1.0,1.0,1.0,1.0]
10746,[548,929,1275,1733,2639,4589,8177,8729,9582],[1.0,1.0,1.0,1.0,1.0,1.0,1.0,1.0,1.0]
10746,[7800,9491],[1.0,1.0]
