10746,[510,975,2343,3475,3851,4440,4595],[1.0,1.0,1.0,1.0,1.0,1.0,1.0]
10746,[213,1237,1334,1652,4895,8123,8543,8612,10247,10360],[1.0,1.0,1.0,1.0,1.0,1.0,1.0,1.0,1.0,1.0]
10746,[661,677,936,1844,7370,10463],[1.0,1.0,1.0,1.0,1.0,1.0]
10746,[365,896,902,1237,2427,3651,3754,9971],[1.0,1.0,1.0,1.0,1.0,1.0,1.0,1.0]
10746,[1136,1237,5820,7339,9524,10082,10203,10419],[1.0,1.0,1.0,1.0,1.0,1.0,1.0,1.0]
10746,[1099,1255,2771,3713,5885,7419,9831],[1.0,1.0,1.0,1.0,1.0,1.0,1.0]
10746,[2455,2493,2878,4258,6392,8422,8489,9163,10441],[1.0,1.0,1.0,1.0,1.0,1.0,1.0,1.0,1.0]
10746,[1099,1237,2856,2950,3110,3784,5294,10135],[1.0,1.0,1.0,1.0,1.0,1.0,1.0,1.0]
10746,[501,2455,3697,4142,5146,6588,8554,9871],[1.0,1.0,1.0,1.0,1.0,1.0,1.0,1.0]
10746,[1099,2623,3380,4033,4217,5983,6485,10419],[1.0,1.0,1.0,1.0,1.0,1.0,1.0,1.0]
10746,[1255,1384,2079,2455,2618,2623,7429,8114],[1.0,1.0,1.0,1.0,1.0,1.0,1.0,1.0]
10746,[4066,4217,5420,7379,8554,8695,10536],[1.0,1.0,1.0,1.0,1.0,1.0,1.0]
10746,[966,1708,4552,4973,5885,8630,10459],[1.0,1.0,1.0,1.0,1.0,1.0,1.0]
10746,[1411,2185,3997,4205,4405,5885,6335,7390,8114,9524],[1.0,1.0,1.0,1.0,1.0,1.0,1.0,1.0,1.0,1.0]
10746,[1185,5710,6167,6335,6952,7961,8476],[1.0,1.0,1.0,1.0,1.0,1.0,1.0]
10746,[2497,3545,4709,4818,7502,8114],[1.0,1.0,1.0,1.0,1.0,1.0]
10746,[896,4066,4217,4239,5592,5641,6244,8582,10536],[1.0,1.0,1.0,1.0,1.0,1.0,1.0,1.0,1.0]
10746,[365,902,1099,1237,1299,2596,3651,8764],[1.0,1.0,1.0,1.0,1.0,1.0,1.0,1.0]
10746,[933,1275,2618,3590,4259,4998,5686,7384],[1.0,1.0,1.0,1.0,1.0,1.0,1.0,1.0]
10746,[213,1099,3532,3910,4552,4998,8671],[1.0,1.0,1.0,1.0,1.0,1.0,1.0]
10746,[51,2334,2916,6277,7407,7621,9831],[1.0,1.0,1.0,1.0,1.0,1.0,1.0]
10746,[956,2425,4957,5142,8114,8223,9148,9289],[1.0,1.0,1.0,1.0,1.0,1.0,1.0,1.0]
10746,[822,3390,3590,3859,4511,4606,6033,8398,8688],[1.0,1.0,1.0,1.0,1.0,1.0,1.0,1.0,1.0]
10746,[141,273,759,896,956,2493,3672,8398,10419],[1.0,1.0,1.0,1.0,1.0,1.0,1.0,1.0,1.0]
10746,[695,2443,3545,3590,4259,4998,6335,7923,8176,8398],[1.0,1.0,1.0,1.0,1.0,1.0,1.0,1.0,1.0,1.0]
10746,[567,2067,4405,4611,4998,6301,6335,8128],[1.0,1.0,1.0,1.0,1.0,1.0,1.0,1.0]
10746,[1291,2238,5069,5181,5763,9289],[1.0,1.0,1.0,1.0,1.0,1.0]
10746,[902,3257,4405,7506,7700,8582,9338,10433,10621],[1.0,1.0,1.0,1.0,1.0,1.0,1.0,1.0,1.0]
10746,[382,584,1791,3303,4077,4998,5606,10172],[1.0,1.0,1.0,1.0,1.0,1.0,1.0,1.0]
10746,[2455,3545,4758,5885,7384,7772,8114,10621],[1.0,1.0,1.0,1.0,1.0,1.0,1.0,1.0]
10746,[549,10222],[1.0,1.0]
