10746,[2200,3277,4440,5090,5845,9491,9996,10342],[1.0,1.0,1.0,1.0,1.0,1.0,1.0,1.0]
10746,[213,1237,2200,2518,3277,4778,8635,9632,10152,10360],[1.0,1.0,1.0,1.0,1.0,1.0,1.0,1.0,1.0,1.0]
10746,[39,3277,3844,5358,6753,9491,9996,10463],[1.0,1.0,1.0,1.0,1.0,1.0,1.0,1.0]
10746,[936,2200,3277,5090,6131,6753,9491,9996,10201],[1.0,1.0,1.0,1.0,1.0,1.0,1.0,1.0,1.0]
10746,[936,1475,4868,5090,5845,5928,9289,10595,10621],[1.0,1.0,1.0,1.0,1.0,1.0,1.0,1.0,1.0]
10746,[4066,5304,5564,6547,8638,9972,10621],[1.0,1.0,1.0,1.0,1.0,1.0,1.0]
10746,[357,2351,5181,5304,7572,7718,9270],[1.0,1.0,1.0,1.0,1.0,1.0,1.0]
10746,[822,5181,5304,6125,6547,7652,8638,9523],[1.0,1.0,1.0,1.0,1.0,1.0,1.0,1.0]
10746,[854,3340,6547,6877,7502,9290,9595],[1.0,1.0,1.0,1.0,1.0,1.0,1.0]
10746,[1482,3340,4159,4868,5142,7379,8638,9270,10063],[1.0,1.0,1.0,1.0,1.0,1.0,1.0,1.0,1.0]
10746,[273,4113,4868,6080,6590,7515,7552,9972],[1.0,1.0,1.0,1.0,1.0,1.0,1.0,1.0]
10746,[273,902,3787,4113,5142,6080,6229,6590,7515,7552],[1.0,1.0,1.0,1.0,1.0,1.0,1.0,1.0,1.0,1.0]
10746,[1737,3472,4191,5564,6125,7733,9595,10433],[1.0,1.0,1.0,1.0,1.0,1.0,1.0,1.0]
10746,[896,2123,6166,6547,8638,8729,9289],[1.0,1.0,1.0,1.0,1.0,1.0,1.0]
10746,[273,633,1535,2804,2940,5304,6080,7552,9379],[1.0,1.0,1.0,1.0,1.0,1.0,1.0,1.0,1.0]
10746,[141,1482,2123,3426,5328,6229,7552],[1.0,1.0,1.0,1.0,1.0,1.0,1.0]
10746,[1053,4159,6229,6547,7117,8041,9273],[1.0,1.0,1.0,1.0,1.0,1.0,1.0]
10746,[463,896,4405,5325,6229,6335,7515],[1.0,1.0,1.0,1.0,1.0,1.0,1.0]
10746,[2916,4159,4921,6080,6547,9972,10063,10621],[1.0,1.0,1.0,1.0,1.0,1.0,1.0,1.0]
10746,[1255,4159,4962,6098,6547,6810,10063,10705],[1.0,1.0,1.0,1.0,1.0,1.0,1.0,1.0]
10746,[1262,2070,3783,6985,7515],[1.0,1.0,1.0,1.0,1.0]
10746,[4159,6125,6603,7218,9749,9972,10063],[1.0,1.0,1.0,1.0,1.0,1.0,1.0]
10746,[902,2182,2412,4159,4534,7051,10063],[1.0,1.0,1.0,1.0,1.0,1.0,1.0]
10746,[1099,1706,1920,3327,3783,4066,4217,9972],[1.0,1.0,1.0,1.0,1.0,1.0,1.0,1.0]
10746,[245,2022,3340,4216,4534,5031,6229,8114,9270,10223],[1.0,1.0,1.0,1.0,1.0,1.0,1.0,1.0,1.0,1.0]
10746,[2431,3108,3340,5045,6547,9066,9241,9270],[1.0,1.0,1.0,1.0,1.0,1.0,1.0,1.0]
10746,[1556,3318,3997,4534,6820,7051,7379,9972],[1.0,1.0,1.0,1.0,1.0,1.0,1.0,1.0]
10746,[556,3651,4344,4955,5022,5592,6442,7552],[1.0,1.0,1.0,1.0,1.0,1.0,1.0,1.0]
10746,[2418,4611,4741,5140,6442,6547,7070,7346,8554],[1.0,1.0,1.0,1.0,1.0,1.0,1.0,1.0,1.0]
10746,[26,2418,4191,4405,5304,5737,7070,7105,9851],[1.0,1.0,1.0,1.0,1.0,1.0,1.0,1.0,1.0]
10746,[26,806,5090,6341,7070,8269,10621],[1.0,1.0,1.0,1.0,1.0,1.0,1.0]
10746,[26,1501,6167,7070,8114,8269,10201,10621],[1.0,1.0,1.0,1.0,1.0,1.0,1.0,1.0]
10746,[3532,5769,5845,6819],[1.0,1.0,1.0,1.0]
