10746,[172,3081,3999,4440,4825,6453,10394],[1.0,1.0,1.0,1.0,1.0,1.0,1.0]
10746,[213,1344,1503,1652,2245,4778,5820,7937,7991,10360],[1.0,1.0,1.0,1.0,1.0,1.0,1.0,1.0,1.0,1.0]
10746,[1316,2462,2518,3999,6380,10152,10394,10463],[1.0,1.0,1.0,1.0,1.0,1.0,1.0,1.0]
10746,[936,1316,5918,7031,8323,8494,10054],[1.0,1.0,1.0,1.0,1.0,1.0,1.0]
10746,[4405,5049,5320,5918,6394,10621],[1.0,1.0,1.0,1.0,1.0,1.0]
10746,[1558,2576,2916,2919,5049,5641,5648,6167,7056,9595],[1.0,1.0,1.0,1.0,1.0,1.0,1.0,1.0,1.0,1.0]
10746,[43,2530,3070,3089,6341,8159,8688,10001],[1.0,1.0,1.0,1.0,1.0,1.0,1.0,1.0]
10746,[1255,2472,4113,5049,5651,8274,8524,9290],[1.0,1.0,1.0,1.0,1.0,1.0,1.0,1.0]
10746,[2206,3098,4134,4810,6115,7923,9270],[1.0,1.0,1.0,1.0,1.0,1.0,1.0]
10746,[738,2596,4042,4191,4857,5673,8673,9343,9398],[1.0,1.0,1.0,1.0,1.0,1.0,1.0,1.0,1.0]
10746,[902,1677,2472,3192,6167,6754,9289,10445,10558],[1.0,1.0,1.0,1.0,1.0,1.0,1.0,1.0,1.0]
10746,[500,758,1037,5049,6080,6885,10222,10433],[1.0,1.0,1.0,1.0,1.0,1.0,1.0,1.0]
10746,[257,416,2493,5385,6574,9292,10139],[1.0,1.0,1.0,1.0,1.0,1.0,1.0]
10746,[758,1706,3516,4271,5181,5820,8551,10203],[1.0,1.0,1.0,1.0,1.0,1.0,1.0,1.0]
10746,[27,902,2884,3651,8114,8411,9030,10222,10438],[1.0,1.0,1.0,1.0,1.0,1.0,1.0,1.0,1.0]
10746,[758,940,3965,4534,5049,6167,9139],[1.0,1.0,1.0,1.0,1.0,1.0,1.0]
10746,[547,902,2618,5049,6047,7084,7923,9049,10028],[1.0,1.0,1.0,1.0,1.0,1.0,1.0,1.0,1.0]
10746,[1255,2314,3250,3713,4516,5049,6394],[1.0,1.0,1.0,1.0,1.0,1.0,1.0]
10746,[55,3669,4520,5788,7105,7515,9953],[1.0,1.0,1.0,1.0,1.0,1.0,1.0]
10746,[1240,1622,2916,4534,5939,6109,6756,7552],[1.0,1.0,1.0,1.0,1.0,1.0,1.0,1.0]
10746,[1298,3265,4191,4676,8114,9379,9639],[1.0,1.0,1.0,1.0,1.0,1.0,1.0]
10746,[1298,1622,2251,3730,5191,8041,10621],[1.0,1.0,1.0,1.0,1.0,1.0,1.0]
10746,[1058,1808,3725,4520,6416,7802,8005,9076,10203],[1.0,1.0,1.0,1.0,1.0,1.0,1.0,1.0,1.0]
10746,[547,2747,5069,5127,9639],[1.0,1.0,1.0,1.0,1.0]
10746,[547,2916,4534,4589,4843,5049,9030,9639],[1.0,1.0,1.0,1.0,1.0,1.0,1.0,1.0]
10746,[940,3925,6298,6394,9570,9595,10621],[1.0,1.0,1.0,1.0,1.0,1.0,1.0]
10746,[869,1173,1411,2079,2351,3318,4405],[1.0,1.0,1.0,1.0,1.0,1.0,1.0]
10746,[902,5673,6047,6650,8729,9298,9798,10536],[1.0,1.0,1.0,1.0,1.0,1.0,1.0,1.0]
10746,[463,902,1255,1665,2123,2530,6167,7074,10638],[1.0,1.0,1.0,1.0,1.0,1.0,1.0,1.0,1.0]
10746,[1173,3081,4332,6341,6453,6831,8590,8979,10185],[1.0,1.0,1.0,1.0,1.0,1.0,1.0,1.0,1.0]
10746,[417,3081,3999,4534,8435,10394],[1.0,1.0,1.0,1.0,1.0,1.0]
10746,[242,1438,4698,9465,9641],[1.0,1.0,1.0,1.0,1.0]
