10746,[192,246,932,1310,4213,4440,7019,7384,8700],[1.0,1.0,1.0,1.0,1.0,1.0,1.0,1.0,1.0]
10746,[213,3191,4750,5929,6753,6925,10187,10362,10433],[1.0,1.0,1.0,1.0,1.0,1.0,1.0,1.0,1.0]
10746,[1255,2049,3791,7481,10187,10621],[1.0,1.0,1.0,1.0,1.0,1.0]
10746,[956,3526,3545,5995,7481,7733,8114],[1.0,1.0,1.0,1.0,1.0,1.0,1.0]
10746,[1215,4759,6257,6295,6335,7102,7217,7317,7384,8729],[1.0,1.0,1.0,1.0,1.0,1.0,1.0,1.0,1.0,1.0]
10746,[1255,3545,4191,5343,5420,6184,8114,8673,9056],[1.0,1.0,1.0,1.0,1.0,1.0,1.0,1.0,1.0]
10746,[126,705,5294,6335,7105,8066,8298,8595],[1.0,1.0,1.0,1.0,1.0,1.0,1.0,1.0]
10746,[370,4331,6175,6184,7239,7279,9460],[1.0,1.0,1.0,1.0,1.0,1.0,1.0]
10746,[561,902,936,3318,3426,4217,5101,10419],[1.0,1.0,1.0,1.0,1.0,1.0,1.0,1.0]
10746,[324,330,463,1411,2973,4915,6500,7384,8630],[1.0,1.0,1.0,1.0,1.0,1.0,1.0,1.0,1.0]
10746,[666,1006,2238,5241,6591,6848,9289,9546,10362],[1.0,1.0,1.0,1.0,1.0,1.0,1.0,1.0,1.0]
10746,[3192,3642,3716,5991,8047,8114,8241,10445],[1.0,1.0,1.0,1.0,1.0,1.0,1.0,1.0]
10746,[1310,3545,4349,4755,4974,6047,6500,9289,10362],[1.0,1.0,1.0,1.0,1.0,1.0,1.0,1.0,1.0]
10746,[1478,3491,4290,5069,5154,5943,8416,10265],[1.0,1.0,1.0,1.0,1.0,1.0,1.0,1.0]
10746,[928,2793,3592,4919,5500,9165,10358,10576],[1.0,1.0,1.0,1.0,1.0,1.0,1.0,1.0]
10746,[769,2916,4066,5131,5343,7556,7898],[1.0,1.0,1.0,1.0,1.0,1.0,1.0]
10746,[2036,5207,5343,6341,8961,9000,9270,9630,10621,10714],[1.0,1.0,1.0,1.0,1.0,1.0,1.0,1.0,1.0,1.0]
10746,[171,1205,1255,3399,3586,7545,8077,9270,9819],[1.0,1.0,1.0,1.0,1.0,1.0,1.0,1.0,1.0]
10746,[562,788,843,2728,3399,3511,4035,5046,9273],[1.0,1.0,1.0,1.0,1.0,1.0,1.0,1.0,1.0]
10746,[463,2793,5343,5356,6842,7768,9165,9251,9851],[1.0,1.0,1.0,1.0,1.0,1.0,1.0,1.0,1.0]
10746,[14,4349,4807,5256,5994,6726,7813,8476,9273],[1.0,1.0,1.0,1.0,1.0,1.0,1.0,1.0,1.0]
10746,[562,1094,6620,6741,7926,8476,9273],[1.0,1.0,1.0,1.0,1.0,1.0,1.0]
10746,[1234,2070,2418,2455,4191,4405,6400,6606,9114],[1.0,1.0,1.0,1.0,1.0,1.0,1.0,1.0,1.0]
10746,[365,1255,3399,4578,4700,5994,6354,7451,9273],[1.0,1.0,1.0,1.0,1.0,1.0,1.0,1.0,1.0]
10746,[2493,3899,4479,5046,6419,9290,9632,10024,10627],[1.0,1.0,1.0,1.0,1.0,1.0,1.0,1.0,1.0]
10746,[727,3145,5533,5661,8384,8643,10362,10576],[1.0,1.0,1.0,1.0,1.0,1.0,1.0,1.0]
10746,[14,776,6053,6629,8582,8643,9203,9831],[1.0,1.0,1.0,1.0,1.0,1.0,1.0,1.0]
10746,[2618,4060,4174,5661,8384,8643,9165,10082,10362],[1.0,1.0,1.0,1.0,1.0,1.0,1.0,1.0,1.0]
10746,[2443,2455,2916,3642,3813,4332,8246,8481,9632,10419],[1.0,1.0,1.0,1.0,1.0,1.0,1.0,1.0,1.0,1.0]
10746,[1438,3346,4795,4919,6060,10080,10463],[1.0,1.0,1.0,1.0,1.0,1.0,1.0]
10746,[463,2916,5069,8453,9289,10362,10617],[1.0,1.0,1.0,1.0,1.0,1.0,1.0]
10746,[1375,1377,1762,2973,7114,8582,9040,10362],[1.0,1.0,1.0,1.0,1.0,1.0,1.0,1.0]
10746,[549,705,1852,2455,3651,4589,5505,6500,9185,10419],[1.0,1.0,1.0,1.0,1.0,1.0,1.0,1.0,1.0,1.0]
10746,[306,1054,1375,2576,7105,7316,8211,8554,9040,9480],[1.0,1.0,1.0,1.0,1.0,1.0,1.0,1.0,1.0,1.0]
10746,[1377,4552,5757,7114,10617],[1.0,1.0,1.0,1.0,1.0]
