10746,[324,838,1818,2425,2905,4440,6862],[1.0,1.0,1.0,1.0,1.0,1.0,1.0]
10746,[213,1652,1818,2518,4778,10152,10360,10463],[1.0,1.0,1.0,1.0,1.0,1.0,1.0,1.0]
10746,[936,2272,2876,7101,7381],[1.0,1.0,1.0,1.0,1.0]
10746,[902,936,1818,2905,6862,10463],[1.0,1.0,1.0,1.0,1.0,1.0]
10746,[790,1275,1910,3359,3993,5181,6728],[1.0,1.0,1.0,1.0,1.0,1.0,1.0]
10746,[4888,4944,6172,7317,7334,9841,10362],[1.0,1.0,1.0,1.0,1.0,1.0,1.0]
10746,[545,2992,3106,3359,5142,9025,9886,10433],[1.0,1.0,1.0,1.0,1.0,1.0,1.0,1.0]
10746,[507,1291,2201,4611,4735,5966,6172,10362],[1.0,1.0,1.0,1.0,1.0,1.0,1.0,1.0]
10746,[416,2992,3106,3291,3741,7334,9841,9851,10002],[1.0,1.0,1.0,1.0,1.0,1.0,1.0,1.0,1.0]
10746,[1712,2201,2751,5049,10002,10191],[1.0,1.0,1.0,1.0,1.0,1.0]
10746,[1275,2040,2493,4576,6172,6574,9337],[1.0,1.0,1.0,1.0,1.0,1.0,1.0]
10746,[2627,2916,3106,3359,4534,4735,9528],[1.0,1.0,1.0,1.0,1.0,1.0,1.0]
10746,[199,365,971,2201,6819,7874,8280,10621],[1.0,1.0,1.0,1.0,1.0,1.0,1.0,1.0]
10746,[1534,1712,2201,4576,7325,8582,10191],[1.0,1.0,1.0,1.0,1.0,1.0,1.0]
10746,[1411,1534,3732,5207,7205,7813,8114,9320,10445],[1.0,1.0,1.0,1.0,1.0,1.0,1.0,1.0,1.0]
10746,[115,507,1432,1910,2079,3192,4987,7898,9163],[1.0,1.0,1.0,1.0,1.0,1.0,1.0,1.0,1.0]
10746,[1706,3175,7502,8624,9266,10611],[1.0,1.0,1.0,1.0,1.0,1.0]
10746,[1312,1706,2325,4576,6341,7823,9270,9390,10438],[1.0,1.0,1.0,1.0,1.0,1.0,1.0,1.0,1.0]
10746,[1662,1713,3426,3601,4217,7205,8595,9090,10469],[1.0,1.0,1.0,1.0,1.0,1.0,1.0,1.0,1.0]
