10746,[39,3844,4440,6131,6753,8635,10201],[1.0,1.0,1.0,1.0,1.0,1.0,1.0]
10746,[213,1237,2518,4055,4778,5017,7463,9865,10152,10360],[1.0,1.0,1.0,1.0,1.0,1.0,1.0,1.0,1.0,1.0]
10746,[1657,2200,3277,3502,3844,5090,8540,9282,9996],[1.0,1.0,1.0,1.0,1.0,1.0,1.0,1.0,1.0]
10746,[902,936,1737,2455,4526,5090,5628,5845,9491,9595],[1.0,1.0,1.0,1.0,1.0,1.0,1.0,1.0,1.0,1.0]
10746,[902,1255,3216,4191,4947,7580,9632],[1.0,1.0,1.0,1.0,1.0,1.0,1.0]
10746,[1255,3994,4929,5693,6457,9595,9972],[1.0,1.0,1.0,1.0,1.0,1.0,1.0]
10746,[1270,2162,3340,6564,8114,10281,10621],[1.0,1.0,1.0,1.0,1.0,1.0,1.0]
10746,[2598,3484,3768,6167,7317,9972,9999],[1.0,1.0,1.0,1.0,1.0,1.0,1.0]
10746,[372,2493,6167,6405,6515,8114,10621],[1.0,1.0,1.0,1.0,1.0,1.0,1.0]
10746,[4888,7064,9910,10621],[1.0,1.0,1.0,1.0]
10746,[365,902,4191,4511,6115,6457,7423,9910],[1.0,1.0,1.0,1.0,1.0,1.0,1.0,1.0]
10746,[2182,2465,5641,7792,9523,9910,9972],[1.0,1.0,1.0,1.0,1.0,1.0,1.0]
10746,[822,827,1066,2182,6547,8740,8991,10056],[1.0,1.0,1.0,1.0,1.0,1.0,1.0,1.0]
10746,[779,2232,2312,2915,4576,5181,5988,10617],[1.0,1.0,1.0,1.0,1.0,1.0,1.0,1.0]
10746,[822,6547,7502,7933,7993,8715],[1.0,1.0,1.0,1.0,1.0,1.0]
10746,[822,2260,2366,3926,5142,6547,9863],[1.0,1.0,1.0,1.0,1.0,1.0,1.0]
10746,[13,2162,3318,4498,7084,7890,8345,10621],[1.0,1.0,1.0,1.0,1.0,1.0,1.0,1.0]
10746,[92,556,2162,2407,4349,6341,6590,8281,8476,9273],[1.0,1.0,1.0,1.0,1.0,1.0,1.0,1.0,1.0,1.0]
10746,[6146,6515,6872,7218,7791],[1.0,1.0,1.0,1.0,1.0]
10746,[170,758,822,1005,2162,3249,4801,7423,9632],[1.0,1.0,1.0,1.0,1.0,1.0,1.0,1.0,1.0]
10746,[1255,5150,6002,6952,7423,7502,10222,10621],[1.0,1.0,1.0,1.0,1.0,1.0,1.0,1.0]
10746,[822,2916,3318,6457,7649,9270,9632,9972],[1.0,1.0,1.0,1.0,1.0,1.0,1.0,1.0]
10746,[902,2333,2799,4191,6457,8904,9632,9972],[1.0,1.0,1.0,1.0,1.0,1.0,1.0,1.0]
10746,[567,747,2162,2182,6335,9632],[1.0,1.0,1.0,1.0,1.0,1.0]
10746,[2162,2455,2769,2799,5641,8065,8729],[1.0,1.0,1.0,1.0,1.0,1.0,1.0]
10746,[822,1413,2822,4066,4344,5181,6547,7084,7890,9364],[1.0,1.0,1.0,1.0,1.0,1.0,1.0,1.0,1.0,1.0]
10746,[822,1225,1233,3260,7423,8398],[1.0,1.0,1.0,1.0,1.0,1.0]
10746,[5628,6084,6229,6547,6564,7649,8114,9927],[1.0,1.0,1.0,1.0,1.0,1.0,1.0,1.0]
10746,[1275,4534,6335,8480,9292,10714],[1.0,1.0,1.0,1.0,1.0,1.0]
10746,[2162,6119,6457,6753,7204,7643,8837,10201],[1.0,1.0,1.0,1.0,1.0,1.0,1.0,1.0]
10746,[956,5090,5845,6119,6172,7205],[1.0,1.0,1.0,1.0,1.0,1.0]
10746,[463,822,1706,2407,2443,4113,4349,5641,9972,10028],[1.0,1.0,1.0,1.0,1.0,1.0,1.0,1.0,1.0,1.0]
10746,[747,2162,2618,3340,6341,6379,10621],[1.0,1.0,1.0,1.0,1.0,1.0,1.0]
10746,[1102,2162,3079,3679,4885,6172,8956],[1.0,1.0,1.0,1.0,1.0,1.0,1.0]
10746,[120,822,1099,3965,4393,5641,5739,6457,7718],[1.0,1.0,1.0,1.0,1.0,1.0,1.0,1.0,1.0]
10746,[766,1657,3304,3373,4393,5156,6090,6753,7917],[1.0,1.0,1.0,1.0,1.0,1.0,1.0,1.0,1.0]
