10746,[1237,3695,4440,4750,6753,8635,9632,10187],[1.0,1.0,1.0,1.0,1.0,1.0,1.0,1.0]
10746,[213,1193,1652,2518,2661,3669,4681,4778,10152,10360],[1.0,1.0,1.0,1.0,1.0,1.0,1.0,1.0,1.0,1.0]
10746,[39,3844,5358,6753,10187,10463],[1.0,1.0,1.0,1.0,1.0,1.0]
10746,[936,4374,4611,6131,6298,6536,6753,7580,10201],[1.0,1.0,1.0,1.0,1.0,1.0,1.0,1.0,1.0]
10746,[1108,3695,4405,4801,5181,6193,7218,9325],[1.0,1.0,1.0,1.0,1.0,1.0,1.0,1.0]
10746,[463,3442,3941,7317,8114,9851,10224,10621],[1.0,1.0,1.0,1.0,1.0,1.0,1.0,1.0]
10746,[2524,3695,5181,6145,7506,9687],[1.0,1.0,1.0,1.0,1.0,1.0]
10746,[2074,3941,4042,5102,5181,7716,8748,9903],[1.0,1.0,1.0,1.0,1.0,1.0,1.0,1.0]
10746,[869,3473,3661,3695,4362,4934,9851,9903],[1.0,1.0,1.0,1.0,1.0,1.0,1.0,1.0]
10746,[1516,2206,2364,2422,3941,8424,9851,10313],[1.0,1.0,1.0,1.0,1.0,1.0,1.0,1.0]
10746,[2260,3547,4934,6819,7213,9361],[1.0,1.0,1.0,1.0,1.0,1.0]
10746,[2493,3089,4149,4420,5803,8917,8997,10621],[1.0,1.0,1.0,1.0,1.0,1.0,1.0,1.0]
10746,[902,1256,2310,3695,4605,4801,7635,9328],[1.0,1.0,1.0,1.0,1.0,1.0,1.0,1.0]
10746,[1099,3121,3535,4552,6205,6630,7127,7649,8041],[1.0,1.0,1.0,1.0,1.0,1.0,1.0,1.0,1.0]
10746,[1275,3110,3257,3515,4294,5368,8580,9818,10275],[1.0,1.0,1.0,1.0,1.0,1.0,1.0,1.0,1.0]
10746,[1005,1099,1706,3340,3695,8842,9270,9708,10082],[1.0,1.0,1.0,1.0,1.0,1.0,1.0,1.0,1.0]
10746,[1005,1406,3941,4605,4961,7653,8997],[1.0,1.0,1.0,1.0,1.0,1.0,1.0]
10746,[14,3890,4534,5604,6442,8416,9564,9611,10419],[1.0,1.0,1.0,1.0,1.0,1.0,1.0,1.0,1.0]
10746,[4787,4934,6098,6985,9273],[1.0,1.0,1.0,1.0,1.0]
