10746,[242,838,3006,3474,4405,4440,5355,7953,9491],[1.0,1.0,1.0,1.0,1.0,1.0,1.0,1.0,1.0]
10746,[209,2518,2827,3277,4778,5279,9113,9491,10152,10360],[1.0,1.0,1.0,1.0,1.0,1.0,1.0,1.0,1.0,1.0]
10746,[213,2651,3474,5581,5845,7478,7776,9693,9945],[1.0,1.0,1.0,1.0,1.0,1.0,1.0,1.0,1.0]
10746,[513,2200,3277,5090,9491,9996,10326,10463],[1.0,1.0,1.0,1.0,1.0,1.0,1.0,1.0]
10746,[143,936,2146,3864,6335,10326,10714],[1.0,1.0,1.0,1.0,1.0,1.0,1.0]
10746,[356,838,1291,2916,3946,5390,8934,9249],[1.0,1.0,1.0,1.0,1.0,1.0,1.0,1.0]
10746,[902,2530,3007,5966,8114,9337],[1.0,1.0,1.0,1.0,1.0,1.0]
10746,[838,1411,2123,2916,4280,4934,7874,9289],[1.0,1.0,1.0,1.0,1.0,1.0,1.0,1.0]
10746,[252,304,356,1706,2916,6171,7083,9708],[1.0,1.0,1.0,1.0,1.0,1.0,1.0,1.0]
10746,[1255,1310,1535,1817,2974,3677,7390,7890,9249,10307],[1.0,1.0,1.0,1.0,1.0,1.0,1.0,1.0,1.0,1.0]
10746,[567,838,5069,6660,7379,10353,10419],[1.0,1.0,1.0,1.0,1.0,1.0,1.0]
10746,[838,1791,2407,3561,4735,7381,7874,8280,9289],[1.0,1.0,1.0,1.0,1.0,1.0,1.0,1.0,1.0]
10746,[55,1291,1376,3741,3755,4217,7359,8647],[1.0,1.0,1.0,1.0,1.0,1.0,1.0,1.0]
10746,[838,1237,3561,3741,5845,5983,10490],[1.0,1.0,1.0,1.0,1.0,1.0,1.0]
10746,[463,2407,2916,4193,4534,6002,6341,8371],[1.0,1.0,1.0,1.0,1.0,1.0,1.0,1.0]
10746,[3082,3532,3741,4649,8114,8524,9498,9831],[1.0,1.0,1.0,1.0,1.0,1.0,1.0,1.0]
10746,[359,1237,1783,2146,2708,4534,5390,9273,9733],[1.0,1.0,1.0,1.0,1.0,1.0,1.0,1.0,1.0]
10746,[463,1237,1706,1783,4534,8642,9851],[1.0,1.0,1.0,1.0,1.0,1.0,1.0]
10746,[252,838,4242,4611,5628,6952,7874,9851,10082,10734],[1.0,1.0,1.0,1.0,1.0,1.0,1.0,1.0,1.0,1.0]
10746,[121,838,1783,4175,5702,9025,9977,10536],[1.0,1.0,1.0,1.0,1.0,1.0,1.0,1.0]
10746,[896,1099,2119,3886,7813,8114,9289,9818,10621],[1.0,1.0,1.0,1.0,1.0,1.0,1.0,1.0,1.0]
10746,[3426,4217,4534,9281,9406,9407,10433],[1.0,1.0,1.0,1.0,1.0,1.0,1.0]
10746,[3212,7302],[1.0,1.0]
