10746,[1237,2505,2727,3798,4440,4814,6463,8900],[1.0,1.0,1.0,1.0,1.0,1.0,1.0,1.0]
10746,[213,242,772,902,936,1237,1988,3192,5355],[1.0,1.0,1.0,1.0,1.0,1.0,1.0,1.0,1.0]
10746,[325,869,1255,2618,3442,3685,7199,8176,8904],[1.0,1.0,1.0,1.0,1.0,1.0,1.0,1.0,1.0]
10746,[703,896,1598,5119,6344,8170,8904,9632],[1.0,1.0,1.0,1.0,1.0,1.0,1.0,1.0]
10746,[242,2505,3798,4405,7117,7751,8114,9265,10415],[1.0,1.0,1.0,1.0,1.0,1.0,1.0,1.0,1.0]
10746,[932,2751,4205,4400,5355,5628,7751,8554],[1.0,1.0,1.0,1.0,1.0,1.0,1.0,1.0]
10746,[1222,1910,3956,7202,7751,7962,8729,10082,10670],[1.0,1.0,1.0,1.0,1.0,1.0,1.0,1.0,1.0]
10746,[1388,5875,6930,6963,8767,9270,9635],[1.0,1.0,1.0,1.0,1.0,1.0,1.0]
10746,[902,1534,3258,4534,6167,6985,7079,7105,9635],[1.0,1.0,1.0,1.0,1.0,1.0,1.0,1.0,1.0]
10746,[860,956,2914,5886,8729,10580,10621],[1.0,1.0,1.0,1.0,1.0,1.0,1.0]
10746,[2505,3257,3798,6930,6963,7019,7519,7751],[1.0,1.0,1.0,1.0,1.0,1.0,1.0,1.0]
10746,[902,2455,4259,4576,4618,6047,6494,7796],[1.0,1.0,1.0,1.0,1.0,1.0,1.0,1.0]
10746,[2093,4191,5628,8002,10220,10419,10489,10518],[1.0,1.0,1.0,1.0,1.0,1.0,1.0,1.0]
