10746,[1706,4440,6341,8177,8323,9342,10054,10360],[1.0,1.0,1.0,1.0,1.0,1.0,1.0,1.0]
10746,[213,1652,2785,3093,4677,5351,5486,6980,10463],[1.0,1.0,1.0,1.0,1.0,1.0,1.0,1.0,1.0]
10746,[936,2785,5486,10463],[1.0,1.0,1.0,1.0]
10746,[761,936,1706,6341,9342],[1.0,1.0,1.0,1.0,1.0]
10746,[2530,5995,6330,6995,7339,8614,9183,9270],[1.0,1.0,1.0,1.0,1.0,1.0,1.0,1.0]
10746,[896,2119,2238,3070,6257,8630,10381],[1.0,1.0,1.0,1.0,1.0,1.0,1.0]
10746,[1537,1668,3671,4865,6257,8261,9273,9863,10381],[1.0,1.0,1.0,1.0,1.0,1.0,1.0,1.0,1.0]
10746,[2785,4191,4213,5486,6565,7105,10617],[1.0,1.0,1.0,1.0,1.0,1.0,1.0]
10746,[392,2840,5486,6104,6730,7013,9790,10068,10433],[1.0,1.0,1.0,1.0,1.0,1.0,1.0,1.0,1.0]
10746,[2771,4527,5069,5484,8690,9831,10419,10473],[1.0,1.0,1.0,1.0,1.0,1.0,1.0,1.0]
10746,[10054,10363],[1.0,1.0]
