10746,[1853,2030,3450,3608,4440,7159,9305,9491,9632],[1.0,1.0,1.0,1.0,1.0,1.0,1.0,1.0,1.0]
10746,[213,242,936,3474,5355,9491,9693,10463],[1.0,1.0,1.0,1.0,1.0,1.0,1.0,1.0]
10746,[1309,2245,2651,3093,4534,6003,6220,8790],[1.0,1.0,1.0,1.0,1.0,1.0,1.0,1.0]
10746,[1099,2530,3768,5221,7923,8917,9273,9365,10537],[1.0,1.0,1.0,1.0,1.0,1.0,1.0,1.0,1.0]
10746,[1098,1706,2530,4606,5181,7813,9365,10716],[1.0,1.0,1.0,1.0,1.0,1.0,1.0,1.0]
10746,[1098,3768,4606,6277,8475,9273,9289],[1.0,1.0,1.0,1.0,1.0,1.0,1.0]
10746,[1948,4888,5142,5946,6468,7649,10621],[1.0,1.0,1.0,1.0,1.0,1.0,1.0]
10746,[631,2530,4888,5978,6002,6468,9595,10617],[1.0,1.0,1.0,1.0,1.0,1.0,1.0,1.0]
10746,[27,2030,2747,3340,4188,4899,4985,5181,5828],[1.0,1.0,1.0,1.0,1.0,1.0,1.0,1.0,1.0]
10746,[1706,2030,3098,4888,5142,5978,8041],[1.0,1.0,1.0,1.0,1.0,1.0,1.0]
10746,[506,631,1865,2232,3070,6002,9159,9855,10082],[1.0,1.0,1.0,1.0,1.0,1.0,1.0,1.0,1.0]
10746,[417,603,1315,1865,2493,5173,8347],[1.0,1.0,1.0,1.0,1.0,1.0,1.0]
10746,[2645,3602,4899,7339,7379,8729,9626,10222],[1.0,1.0,1.0,1.0,1.0,1.0,1.0,1.0]
10746,[869,1315,1535,5928,7363,8729],[1.0,1.0,1.0,1.0,1.0,1.0]
10746,[365,1099,4225,5592,5738,6460,7502],[1.0,1.0,1.0,1.0,1.0,1.0,1.0]
10746,[1218,1814,1865,5992,6468,6749,8114,8347],[1.0,1.0,1.0,1.0,1.0,1.0,1.0,1.0]
10746,[1233,3026,3602,4332,6910,8135,8729],[1.0,1.0,1.0,1.0,1.0,1.0,1.0]
10746,[1960,2232,5645,6255,7024,8110,10001],[1.0,1.0,1.0,1.0,1.0,1.0,1.0]
10746,[365,1099,1315,1535,3902,6460,9644],[1.0,1.0,1.0,1.0,1.0,1.0,1.0]
10746,[4797,4899,5762,7379,8114,9455,9611],[1.0,1.0,1.0,1.0,1.0,1.0,1.0]
10746,[4132,6590,7032,7923,8398,10082],[1.0,1.0,1.0,1.0,1.0,1.0]
10746,[902,1099,3089,3516,5207,6952,9289,10185],[1.0,1.0,1.0,1.0,1.0,1.0,1.0,1.0]
10746,[894,1099,1299,4487,4899,5877,7379,10438,10621],[1.0,1.0,1.0,1.0,1.0,1.0,1.0,1.0,1.0]
10746,[567,1099,1315,6295,6952,7653,8476,8851],[1.0,1.0,1.0,1.0,1.0,1.0,1.0,1.0]
10746,[288,1099,4225,4332,4688,8398,8690,8733],[1.0,1.0,1.0,1.0,1.0,1.0,1.0,1.0]
10746,[894,2530,4132,4332,4899,6098,6590,7032,8422],[1.0,1.0,1.0,1.0,1.0,1.0,1.0,1.0,1.0]
10746,[1275,1315,1706,2074,3098,4606,8114,9273,9831,10539],[1.0,1.0,1.0,1.0,1.0,1.0,1.0,1.0,1.0,1.0]
10746,[847,1099,5221,6365,6368,7898,10621],[1.0,1.0,1.0,1.0,1.0,1.0,1.0]
10746,[1211,1284,2030,4191,4393,10193,10616],[1.0,1.0,1.0,1.0,1.0,1.0,1.0]
