10746,[677,970,1844,4191,4440,4561,7370,10360],[1.0,1.0,1.0,1.0,1.0,1.0,1.0,1.0]
10746,[213,265,7367,7582,7818,10463],[1.0,1.0,1.0,1.0,1.0,1.0]
10746,[172,365,567,728,936,1249,2238,4069,8904],[1.0,1.0,1.0,1.0,1.0,1.0,1.0,1.0,1.0]
10746,[463,1438,1706,7074,8810,10621],[1.0,1.0,1.0,1.0,1.0,1.0]
10746,[463,2074,2079,2708,2916,4042,8729,9595,10433],[1.0,1.0,1.0,1.0,1.0,1.0,1.0,1.0,1.0]
10746,[1673,5236,6138,6257,6394,6522,7914,8070],[1.0,1.0,1.0,1.0,1.0,1.0,1.0,1.0]
10746,[372,936,1613,3216,4258,8070,8114,8941],[1.0,1.0,1.0,1.0,1.0,1.0,1.0,1.0]
10746,[5324,6368,7074,7494,7826,7922,8073,9448,9632],[1.0,1.0,1.0,1.0,1.0,1.0,1.0,1.0,1.0]
10746,[4281,6819,7379,7733,9632,10433],[1.0,1.0,1.0,1.0,1.0,1.0]
10746,[902,2455,2492,6341,6952,7117,7733,9255,9534],[1.0,1.0,1.0,1.0,1.0,1.0,1.0,1.0,1.0]
10746,[683,902,4268,6341,7934,8401,8716],[1.0,1.0,1.0,1.0,1.0,1.0,1.0]
10746,[878,2530,4405,7183,7218,8070,8524,9632],[1.0,1.0,1.0,1.0,1.0,1.0,1.0,1.0]
10746,[51,1298,3651,6335,8114,8595,10068,10422],[1.0,1.0,1.0,1.0,1.0,1.0,1.0,1.0]
10746,[463,1706,5341,6035,8280,10320,10621],[1.0,1.0,1.0,1.0,1.0,1.0,1.0]
10746,[1291,1706,3813,7117,7390,8070,9528],[1.0,1.0,1.0,1.0,1.0,1.0,1.0]
10746,[878,946,3732,4552,5236,7506,9632],[1.0,1.0,1.0,1.0,1.0,1.0,1.0]
10746,[769,1299,4191,4244,7751,8875,9290,9632,10433],[1.0,1.0,1.0,1.0,1.0,1.0,1.0,1.0,1.0]
10746,[1099,1662,4389,5236,7506,8580,10397,10433],[1.0,1.0,1.0,1.0,1.0,1.0,1.0,1.0]
10746,[2627,4217,4389,5236,5978,7506,8580,9632],[1.0,1.0,1.0,1.0,1.0,1.0,1.0,1.0]
10746,[907,1662,2930,4772,6374,6445,6652,10082],[1.0,1.0,1.0,1.0,1.0,1.0,1.0,1.0]
10746,[1099,2627,3921,4568,5978,7218,8476,8749],[1.0,1.0,1.0,1.0,1.0,1.0,1.0,1.0]
10746,[589,3426,5236,7421,9029,9632,10621],[1.0,1.0,1.0,1.0,1.0,1.0,1.0]
10746,[1706,4042,4848,7205,8671,8673,9298,10621],[1.0,1.0,1.0,1.0,1.0,1.0,1.0,1.0]
10746,[860,1910,2438,3651,4217,7204,8673,9695],[1.0,1.0,1.0,1.0,1.0,1.0,1.0,1.0]
10746,[14,206,1841,3327,3727,5328,8476,9632,10433],[1.0,1.0,1.0,1.0,1.0,1.0,1.0,1.0,1.0]
10746,[902,2140,3563,4217,8114,8595,8917,9023,10108],[1.0,1.0,1.0,1.0,1.0,1.0,1.0,1.0,1.0]
10746,[14,6877,7105,7502,8239,9273,10381,10580],[1.0,1.0,1.0,1.0,1.0,1.0,1.0,1.0]
10746,[4202,5109,5207,6492,6701,7390,7653,9409,9632],[1.0,1.0,1.0,1.0,1.0,1.0,1.0,1.0,1.0]
10746,[1099,2455,3036,3602,3859,5328,7914,9632,10419,10433],[1.0,1.0,1.0,1.0,1.0,1.0,1.0,1.0,1.0,1.0]
10746,[102,946,1057,1440,2114,2182,6943,7649,7843],[1.0,1.0,1.0,1.0,1.0,1.0,1.0,1.0,1.0]
10746,[2919,3563,3859,4217,4640,7019,7502,7751,10433],[1.0,1.0,1.0,1.0,1.0,1.0,1.0,1.0,1.0]
10746,[172,1534,5236,6603,6754,7019,7751,9188,9262,10433],[1.0,1.0,1.0,1.0,1.0,1.0,1.0,1.0,1.0,1.0]
10746,[14,896,2123,5142,6257,6394,7914],[1.0,1.0,1.0,1.0,1.0,1.0,1.0]
10746,[3235,3340,5437,7644,7645,7914,9270,9292,10203],[1.0,1.0,1.0,1.0,1.0,1.0,1.0,1.0,1.0]
10746,[244,956,4191,4294,5592,5705,6044,6645,8008],[1.0,1.0,1.0,1.0,1.0,1.0,1.0,1.0,1.0]
10746,[4060,5289,5532,5850,9213,9273,10228],[1.0,1.0,1.0,1.0,1.0,1.0,1.0]
10746,[597,869,1255,5001,5513,5710,6335,6341],[1.0,1.0,1.0,1.0,1.0,1.0,1.0,1.0]
10746,[4066,4217,5628,6229,6335,7074,8690,10539,10621,10714],[1.0,1.0,1.0,1.0,1.0,1.0,1.0,1.0,1.0,1.0]
10746,[3257,4713,7084,7502,9316,9528,10621,10682],[1.0,1.0,1.0,1.0,1.0,1.0,1.0,1.0]
10746,[172,1275,3824,4576,5735,6229,8817,10203,10617],[1.0,1.0,1.0,1.0,1.0,1.0,1.0,1.0,1.0]
10746,[631,2530,5179,5207,7266,8580,9819,10617],[1.0,1.0,1.0,1.0,1.0,1.0,1.0,1.0]
10746,[2530,4534,4950,6368,7423,7511,8421,9393,9831],[1.0,1.0,1.0,1.0,1.0,1.0,1.0,1.0,1.0]
10746,[567,4066,4217,5770,6257,6335,7384,8673],[1.0,1.0,1.0,1.0,1.0,1.0,1.0,1.0]
10746,[1099,2278,3545,7005,7074,8114,8280,9298],[1.0,1.0,1.0,1.0,1.0,1.0,1.0,1.0]
10746,[289,869,2576,3791,5950,6335,6685,7653,9522,10478],[1.0,1.0,1.0,1.0,1.0,1.0,1.0,1.0,1.0,1.0]
10746,[769,1829,2916,4145,4576,6298,7826,9270,9465],[1.0,1.0,1.0,1.0,1.0,1.0,1.0,1.0,1.0]
10746,[631,766,869,1535,1829,3784,4217,4857,8126,8902],[1.0,1.0,1.0,1.0,1.0,1.0,1.0,1.0,1.0,1.0]
10746,[869,1948,2530,3075,4106,4332,4576,5231,5294],[1.0,1.0,1.0,1.0,1.0,1.0,1.0,1.0,1.0]
10746,[1255,1535,1706,1810,4036,10139,10617],[1.0,1.0,1.0,1.0,1.0,1.0,1.0]
10746,[1363,4804,5328,6335,9045,10093],[1.0,1.0,1.0,1.0,1.0,1.0]
10746,[460,1676,3398,5505,5876,5996,8416,10068,10086],[1.0,1.0,1.0,1.0,1.0,1.0,1.0,1.0,1.0]
10746,[1844,3318,4611,5027,5628,6295,7370,8576,10433],[1.0,1.0,1.0,1.0,1.0,1.0,1.0,1.0,1.0]
10746,[4719,8476,9851],[1.0,1.0,1.0]
