10746,[902,1284,3370,4440,5142,7998,8083,9724,10233],[1.0,1.0,1.0,1.0,1.0,1.0,1.0,1.0,1.0]
10746,[213,1284,3006,3370,5550,7998,8083,10463],[1.0,1.0,1.0,1.0,1.0,1.0,1.0,1.0]
10746,[936,2356,5164,5550,7508,7978],[1.0,1.0,1.0,1.0,1.0,1.0]
10746,[975,3089,3343,4066,7328,7423,9988,10173],[1.0,1.0,1.0,1.0,1.0,1.0,1.0,1.0]
10746,[126,175,1037,3206,5443,5505,5747,7649,8114],[1.0,1.0,1.0,1.0,1.0,1.0,1.0,1.0,1.0]
10746,[285,4113,4599,4986,7379,7407,7794,9925,10554],[1.0,1.0,1.0,1.0,1.0,1.0,1.0,1.0,1.0]
10746,[285,1154,2971,5478,10057,10208,10522],[1.0,1.0,1.0,1.0,1.0,1.0,1.0]
10746,[175,837,2182,2382,5117,6332,6530,9523],[1.0,1.0,1.0,1.0,1.0,1.0,1.0,1.0]
10746,[4240,6332,8917,9611,10233],[1.0,1.0,1.0,1.0,1.0]
10746,[1417,1535,5816,6607],[1.0,1.0,1.0,1.0]
10746,[1535,2592,3803,4925,5592,9135,10139,10235],[1.0,1.0,1.0,1.0,1.0,1.0,1.0,1.0]
10746,[1096,1275,1649,2247,2708,3545,4240,5065,5205,9298],[1.0,1.0,1.0,1.0,1.0,1.0,1.0,1.0,1.0,1.0]
10746,[428,1268,2418,3082,4405,5885,6893,8280,10115,10479],[1.0,1.0,1.0,1.0,1.0,1.0,1.0,1.0,1.0,1.0]
10746,[126,631,4310,6047,7794,8614,10093,10233],[1.0,1.0,1.0,1.0,1.0,1.0,1.0,1.0]
10746,[141,2472,3265,3741,5885,6295,7423,8307,8578],[1.0,1.0,1.0,1.0,1.0,1.0,1.0,1.0,1.0]
10746,[902,1255,1261,1706,3426,10082],[1.0,1.0,1.0,1.0,1.0,1.0]
10746,[1284,2752,3734,6901,7998,10699],[1.0,1.0,1.0,1.0,1.0,1.0]
