10746,[1469,4191,4440,4561,5336,7858,8448,9491,9654],[1.0,1.0,1.0,1.0,1.0,1.0,1.0,1.0,1.0]
10746,[728,956,4069,4223,5592,7123,7928,10360],[1.0,1.0,1.0,1.0,1.0,1.0,1.0,1.0]
10746,[213,1673,3656,7317,8917],[1.0,1.0,1.0,1.0,1.0]
10746,[783,4332,4389,5236,5886,7914,8286],[1.0,1.0,1.0,1.0,1.0,1.0,1.0]
10746,[828,3106,3426,3532,5181,5236,6802,7914],[1.0,1.0,1.0,1.0,1.0,1.0,1.0,1.0]
10746,[956,1587,4332,8895,9383],[1.0,1.0,1.0,1.0,1.0]
10746,[498,1052,1962,2493,5871,6170,9558],[1.0,1.0,1.0,1.0,1.0,1.0,1.0]
10746,[1673,3895,4971,5628,6035,8070,9383,9558,9611],[1.0,1.0,1.0,1.0,1.0,1.0,1.0,1.0,1.0]
10746,[2182,4343,4998,5236,6229,6536,7914,8286],[1.0,1.0,1.0,1.0,1.0,1.0,1.0,1.0]
10746,[1673,2425,3532,3656,4149,5628,6503],[1.0,1.0,1.0,1.0,1.0,1.0,1.0]
10746,[35,193,849,3532,4640,5098,7654,9036,9270,10139],[1.0,1.0,1.0,1.0,1.0,1.0,1.0,1.0,1.0,1.0]
10746,[1469,2708,2836,5639,6844,7858,8448,10669],[1.0,1.0,1.0,1.0,1.0,1.0,1.0,1.0]
10746,[1840,1880,4095,4621,4891,5336,6750,7463,9491,10030],[1.0,1.0,1.0,1.0,1.0,1.0,1.0,1.0,1.0,1.0]
10746,[535,1377,1920,4268,6335,10670],[1.0,1.0,1.0,1.0,1.0,1.0]
