10746,[4440,4686,6212,8177,8323,9420,9433,10054,10360],[1.0,1.0,1.0,1.0,1.0,1.0,1.0,1.0,1.0]
10746,[213,1175,1317,1652,2953,3422,5351,6980,9130,10463],[1.0,1.0,1.0,1.0,1.0,1.0,1.0,1.0,1.0,1.0]
10746,[936,1317,4191,5444,5990,6219,9420,10658],[1.0,1.0,1.0,1.0,1.0,1.0,1.0,1.0]
10746,[2455,3950,4649,8519,8766,9770,10419],[1.0,1.0,1.0,1.0,1.0,1.0,1.0]
10746,[4066,4556,6229,8374,8519,8729],[1.0,1.0,1.0,1.0,1.0,1.0]
10746,[143,991,1237,1299,5946,7116,9770,10682],[1.0,1.0,1.0,1.0,1.0,1.0,1.0,1.0]
10746,[365,661,772,7085,8114,8343,10461,10479],[1.0,1.0,1.0,1.0,1.0,1.0,1.0,1.0]
10746,[1388,2771,5990,7205,8374,9008,10433,10670],[1.0,1.0,1.0,1.0,1.0,1.0,1.0,1.0]
10746,[2721,4268,4405,5131,9270,9330,10721],[1.0,1.0,1.0,1.0,1.0,1.0,1.0]
10746,[1099,1275,3371,3783,3966,5641,10322],[1.0,1.0,1.0,1.0,1.0,1.0,1.0]
10746,[975,1036,3651,3741,4942,5639,8343],[1.0,1.0,1.0,1.0,1.0,1.0,1.0]
10746,[122,869,5661,10054],[1.0,1.0,1.0,1.0]
