10746,[50,73,389,4440,6398,6753,10201],[1.0,1.0,1.0,1.0,1.0,1.0,1.0]
10746,[213,590,3844,4078,4494,5358,10360,10370,10463],[1.0,1.0,1.0,1.0,1.0,1.0,1.0,1.0,1.0]
10746,[39,936,3844,6131,6753,8114,9460,10201],[1.0,1.0,1.0,1.0,1.0,1.0,1.0,1.0]
10746,[795,871,4217,9364,10539],[1.0,1.0,1.0,1.0,1.0]
10746,[869,936,1181,1291,7069,7259,7746,8280],[1.0,1.0,1.0,1.0,1.0,1.0,1.0,1.0]
10746,[3257,3356,4072,6229,7069,8319,8893],[1.0,1.0,1.0,1.0,1.0,1.0,1.0]
10746,[871,1776,3768,5820,8576,9364,9770],[1.0,1.0,1.0,1.0,1.0,1.0,1.0]
10746,[2530,2856,3257,3981,7144,7325,9528,10433],[1.0,1.0,1.0,1.0,1.0,1.0,1.0,1.0]
10746,[2114,2123,4149,5628,7187,7390,7646,8630,9770,9882],[1.0,1.0,1.0,1.0,1.0,1.0,1.0,1.0,1.0,1.0]
10746,[389,1493,3545,3768,6398,6753,7862,8416,9270],[1.0,1.0,1.0,1.0,1.0,1.0,1.0,1.0,1.0]
10746,[50,73,241,1304,1934,2186,3125,4017,6702,8510],[1.0,1.0,1.0,1.0,1.0,1.0,1.0,1.0,1.0,1.0]
10746,[50,1538,2186,4017,6939,9727,10128],[1.0,1.0,1.0,1.0,1.0,1.0,1.0]
10746,[26,50,342,473,1975,6617,7390,7857,8630,8729],[1.0,1.0,1.0,1.0,1.0,1.0,1.0,1.0,1.0,1.0]
10746,[446,1933,2530,4930,7202,10381,10714],[1.0,1.0,1.0,1.0,1.0,1.0,1.0]
10746,[1170,1284,1293,2261,4191,8497,9491,10421],[1.0,1.0,1.0,1.0,1.0,1.0,1.0,1.0]
