10746,[927,1169,2049,4440,5026,5493,7481],[1.0,1.0,1.0,1.0,1.0,1.0,1.0]
10746,[213,646,1652,2582,5646,6827,7481,8956,9677,10360],[1.0,1.0,1.0,1.0,1.0,1.0,1.0,1.0,1.0,1.0]
10746,[568,936,2728,4024,5328,6827,7019,8175],[1.0,1.0,1.0,1.0,1.0,1.0,1.0,1.0]
10746,[646,2582,3661,4020,4191,6167,8114,9298,9677],[1.0,1.0,1.0,1.0,1.0,1.0,1.0,1.0,1.0]
10746,[1255,2366,4217,5786,6229,7610,9188,10068,10139,10621],[1.0,1.0,1.0,1.0,1.0,1.0,1.0,1.0,1.0,1.0]
10746,[457,724,869,1237,1269,2075,4405,5885,7506],[1.0,1.0,1.0,1.0,1.0,1.0,1.0,1.0,1.0]
10746,[902,1255,2427,5069,5592,5710,8941,9270],[1.0,1.0,1.0,1.0,1.0,1.0,1.0,1.0]
10746,[4576,4671,4992,7384,8070,10333,10741],[1.0,1.0,1.0,1.0,1.0,1.0,1.0]
10746,[191,372,2075,4217,7506,7590,8614,8842],[1.0,1.0,1.0,1.0,1.0,1.0,1.0,1.0]
10746,[147,251,869,6222,6689,10536],[1.0,1.0,1.0,1.0,1.0,1.0]
10746,[2247,2455,4405,5226,6689,7492,8582,10621],[1.0,1.0,1.0,1.0,1.0,1.0,1.0,1.0]
10746,[57,245,1269,2047,3499,4611,5885,6229,7826],[1.0,1.0,1.0,1.0,1.0,1.0,1.0,1.0,1.0]
10746,[126,1920,2455,5181,6508,7649,8228,8694,9575],[1.0,1.0,1.0,1.0,1.0,1.0,1.0,1.0,1.0]
10746,[705,1005,1776,3741,4154,4439,4922,5328,8070],[1.0,1.0,1.0,1.0,1.0,1.0,1.0,1.0,1.0]
10746,[5026],[1.0]
