10746,[442,838,3206,3875,4440,5477,5733],[1.0,1.0,1.0,1.0,1.0,1.0,1.0]
10746,[213,1652,4682,5477,7153,8859,9632,9829,9920,10360],[1.0,1.0,1.0,1.0,1.0,1.0,1.0,1.0,1.0,1.0]
10746,[1449,2813,3516,5435,8159,8571,9000,9920],[1.0,1.0,1.0,1.0,1.0,1.0,1.0,1.0]
10746,[1683,2201,5710,7045,8070,9988],[1.0,1.0,1.0,1.0,1.0,1.0]
10746,[126,752,4051,5262,5821,6845,8693,9628,9632],[1.0,1.0,1.0,1.0,1.0,1.0,1.0,1.0,1.0]
10746,[126,3206,5604,5626,8114,8917,9494,10232,10621],[1.0,1.0,1.0,1.0,1.0,1.0,1.0,1.0,1.0]
10746,[1255,2074,2920,3265,3359,4244,5834,7502],[1.0,1.0,1.0,1.0,1.0,1.0,1.0,1.0]
10746,[463,1255,4405,6043,8476,9851,9988,10082,10621],[1.0,1.0,1.0,1.0,1.0,1.0,1.0,1.0,1.0]
10746,[362,869,1706,2557,3713,7813,9851,9988,10082],[1.0,1.0,1.0,1.0,1.0,1.0,1.0,1.0,1.0]
10746,[379,1718,2351,5181,5820,5985,7941,8476,9273,9632],[1.0,1.0,1.0,1.0,1.0,1.0,1.0,1.0,1.0,1.0]
10746,[372,766,3250,9494,9632,10232,10621],[1.0,1.0,1.0,1.0,1.0,1.0,1.0]
10746,[463,2455,3250,3586,4405,8476,8694,9632,9988],[1.0,1.0,1.0,1.0,1.0,1.0,1.0,1.0,1.0]
10746,[6574,7820,8917,9494,9831,10232],[1.0,1.0,1.0,1.0,1.0,1.0]
10746,[896,1099,2040,2509,2920,3890,4870,4885],[1.0,1.0,1.0,1.0,1.0,1.0,1.0,1.0]
10746,[1225,2240,3339,7771,8476,9494,10232,10621],[1.0,1.0,1.0,1.0,1.0,1.0,1.0,1.0]
10746,[1673,2185,5985,5996,8070,8710,9379],[1.0,1.0,1.0,1.0,1.0,1.0,1.0]
10746,[650,1127,2770,4239,5710,6159,7316,8070,10292],[1.0,1.0,1.0,1.0,1.0,1.0,1.0,1.0,1.0]
10746,[3651,4244,5641,5710,6673,7643,9395,9988],[1.0,1.0,1.0,1.0,1.0,1.0,1.0,1.0]
10746,[1706,4682,4796,5239,5634,6159,10068],[1.0,1.0,1.0,1.0,1.0,1.0,1.0]
10746,[852,1177,2427,3669,5343,5628,6901,8554],[1.0,1.0,1.0,1.0,1.0,1.0,1.0,1.0]
10746,[1255,4244,4344,4962,5634,6673,8570,9632,9988],[1.0,1.0,1.0,1.0,1.0,1.0,1.0,1.0,1.0]
10746,[898,2493,8218,9632,10296,10508],[1.0,1.0,1.0,1.0,1.0,1.0]
10746,[493,1623,2182,2596,5634,5710,8056],[1.0,1.0,1.0,1.0,1.0,1.0,1.0]
10746,[1706,3110,3472,3482,4975,8842,9364,10585],[1.0,1.0,1.0,1.0,1.0,1.0,1.0,1.0]
10746,[355,3658,5217,5634,9831,10068,10103],[1.0,1.0,1.0,1.0,1.0,1.0,1.0]
10746,[2066,2828,2986,3110,3192,4332,4340,7390,10508],[1.0,1.0,1.0,1.0,1.0,1.0,1.0,1.0,1.0]
10746,[3944,5219,5885,7317,8114,8582,9433],[1.0,1.0,1.0,1.0,1.0,1.0,1.0]
10746,[1255,4244,4258,4962,5634,7843,8041,8114,9988],[1.0,1.0,1.0,1.0,1.0,1.0,1.0,1.0,1.0]
10746,[869,956,1255,2016,3094,4962,5071,8398,10555],[1.0,1.0,1.0,1.0,1.0,1.0,1.0,1.0,1.0]
10746,[2123,4083,5564,5885,6199,8070,8280,9292],[1.0,1.0,1.0,1.0,1.0,1.0,1.0,1.0]
10746,[4611,5142,5634,5804,7197,8476,9298],[1.0,1.0,1.0,1.0,1.0,1.0,1.0]
10746,[869,902,1712,1943,4405,4948,6167,9632,10082,10682],[1.0,1.0,1.0,1.0,1.0,1.0,1.0,1.0,1.0,1.0]
10746,[2708,2728,4534,5634,9799,9977,10398],[1.0,1.0,1.0,1.0,1.0,1.0,1.0]
10746,[2123,4405,5320,5719,6574,8070,10621],[1.0,1.0,1.0,1.0,1.0,1.0,1.0]
10746,[1948,2199,5983,6172,8002,8554,10401],[1.0,1.0,1.0,1.0,1.0,1.0,1.0]
10746,[442,1538,3842,4191,5477,5733,7039],[1.0,1.0,1.0,1.0,1.0,1.0,1.0]
