10746,[1237,1818,3105,4440,6193,6862,8635,9325,9632],[1.0,1.0,1.0,1.0,1.0,1.0,1.0,1.0,1.0]
10746,[1323,1652,1818,2518,4778,4865,5820,7937,10360],[1.0,1.0,1.0,1.0,1.0,1.0,1.0,1.0,1.0]
10746,[1818,1853,3006,3027,4954,9117,9305,10152],[1.0,1.0,1.0,1.0,1.0,1.0,1.0,1.0]
10746,[213,1853,2651,2653,3450,3608,5868,9305,9491],[1.0,1.0,1.0,1.0,1.0,1.0,1.0,1.0,1.0]
10746,[578,936,1853,2957,3450,3608,8904,9491],[1.0,1.0,1.0,1.0,1.0,1.0,1.0,1.0]
10746,[15,74,578,1255,3908,6193,9325,10415],[1.0,1.0,1.0,1.0,1.0,1.0,1.0,1.0]
10746,[758,779,2425,3514,6341,6952,7955,8936,9399],[1.0,1.0,1.0,1.0,1.0,1.0,1.0,1.0,1.0]
10746,[274,463,2123,7382,7566,7711,9556],[1.0,1.0,1.0,1.0,1.0,1.0,1.0]
10746,[3249,6271,7955,8647,8904,9424,9528],[1.0,1.0,1.0,1.0,1.0,1.0,1.0]
10746,[144,436,1299,2916,3089,6193,7212,7218],[1.0,1.0,1.0,1.0,1.0,1.0,1.0,1.0]
10746,[299,902,956,1380,3249,4445,6136,8729,10492],[1.0,1.0,1.0,1.0,1.0,1.0,1.0,1.0,1.0]
10746,[902,1099,6193,8398,8752,8956,9325,10082],[1.0,1.0,1.0,1.0,1.0,1.0,1.0,1.0]
10746,[1099,1144,2411,7538,7955,8647,9273,10627],[1.0,1.0,1.0,1.0,1.0,1.0,1.0,1.0]
10746,[2278,2493,3426,3908,6471,8041,8904,9102,10082],[1.0,1.0,1.0,1.0,1.0,1.0,1.0,1.0,1.0]
10746,[1099,3669,3779,3908,4280,4405,10621],[1.0,1.0,1.0,1.0,1.0,1.0,1.0]
10746,[1099,1150,2718,3426,4280,6872,7379,9399],[1.0,1.0,1.0,1.0,1.0,1.0,1.0,1.0]
10746,[2185,2282,4042,6193,8280,9325,10281],[1.0,1.0,1.0,1.0,1.0,1.0,1.0]
10746,[737,902,3651,4801,5877,6229,6546,9407,10433],[1.0,1.0,1.0,1.0,1.0,1.0,1.0,1.0,1.0]
10746,[126,1255,3532,5913,6872,8114,9399,10433],[1.0,1.0,1.0,1.0,1.0,1.0,1.0,1.0]
10746,[130,1099,2398,3993,5356,6418,7145,7390,7881],[1.0,1.0,1.0,1.0,1.0,1.0,1.0,1.0,1.0]
10746,[2946,3249,4004,4576,7379,9784,10433],[1.0,1.0,1.0,1.0,1.0,1.0,1.0]
10746,[567,1438,2618,3257,4424,4801,6335,8421,10433],[1.0,1.0,1.0,1.0,1.0,1.0,1.0,1.0,1.0]
10746,[1099,1323,3105,4308,4865,6862,9042,10734],[1.0,1.0,1.0,1.0,1.0,1.0,1.0,1.0]
10746,[1818],[1.0]
