10746,[3139,4440,6777,7813,8295,10032,10270],[1.0,1.0,1.0,1.0,1.0,1.0,1.0]
10746,[463,1652,4534,7074,8460,9972,10360,10411,10445],[1.0,1.0,1.0,1.0,1.0,1.0,1.0,1.0,1.0]
10746,[213,3093,5115,6220,7019,9218],[1.0,1.0,1.0,1.0,1.0,1.0]
10746,[936,1538,3758,6385,6536,7379,7813,9609,10536],[1.0,1.0,1.0,1.0,1.0,1.0,1.0,1.0,1.0]
10746,[677,902,3651,4603,7317,7518,9595,10433],[1.0,1.0,1.0,1.0,1.0,1.0,1.0,1.0]
10746,[529,769,2127,4576,8114,8887,9364,10082,10694],[1.0,1.0,1.0,1.0,1.0,1.0,1.0,1.0,1.0]
10746,[1847,3783,4389,4576,6080,8041,9270,10152],[1.0,1.0,1.0,1.0,1.0,1.0,1.0,1.0]
10746,[2486,3690,4715,4944,5181,8828,9448,9539],[1.0,1.0,1.0,1.0,1.0,1.0,1.0,1.0]
10746,[1193,1294,2010,3755,9611],[1.0,1.0,1.0,1.0,1.0]
10746,[1375,2178,3139,3732,4335,7225,8610,10115],[1.0,1.0,1.0,1.0,1.0,1.0,1.0,1.0]
10746,[1652,2047,4080,5668,6820,7341,8460,9222],[1.0,1.0,1.0,1.0,1.0,1.0,1.0,1.0]
10746,[1255,3139,4953,6777,7063,8295,9989,10032,10411],[1.0,1.0,1.0,1.0,1.0,1.0,1.0,1.0,1.0]
10746,[433,435,2009,3601,4755,5123,7205,9222],[1.0,1.0,1.0,1.0,1.0,1.0,1.0,1.0]
