10746,[654,806,1310,2455,4440,6626,6753,10187],[1.0,1.0,1.0,1.0,1.0,1.0,1.0,1.0]
10746,[1193,1652,2518,2661,3669,4681,4750,4778,10152,10360],[1.0,1.0,1.0,1.0,1.0,1.0,1.0,1.0,1.0,1.0]
10746,[213,3501,5118,7829,10187,10463],[1.0,1.0,1.0,1.0,1.0,1.0]
10746,[11,252,936,1726,3741,4888,8700,10259,10617,10621],[1.0,1.0,1.0,1.0,1.0,1.0,1.0,1.0,1.0,1.0]
10746,[356,463,1817,2114,5023,8576,9851,10433],[1.0,1.0,1.0,1.0,1.0,1.0,1.0,1.0]
10746,[1255,2123,3179,3196,3877,3944,4393,8280],[1.0,1.0,1.0,1.0,1.0,1.0,1.0,1.0]
10746,[66,356,838,2812,2916,4258,5592,6042,9708,10433],[1.0,1.0,1.0,1.0,1.0,1.0,1.0,1.0,1.0,1.0]
10746,[838,2123,2182,3018,3755,3904,10115,10683],[1.0,1.0,1.0,1.0,1.0,1.0,1.0,1.0]
10746,[356,1310,2812,2916,3179,6660,7079,8390,9634],[1.0,1.0,1.0,1.0,1.0,1.0,1.0,1.0,1.0]
10746,[838,2123,2916,3698,4149,9289,9460,9748],[1.0,1.0,1.0,1.0,1.0,1.0,1.0,1.0]
10746,[838,2518,5763,7255,7325,7877,9595,9841,10621],[1.0,1.0,1.0,1.0,1.0,1.0,1.0,1.0,1.0]
10746,[356,860,2443,2916,3741,4536,4669,6184],[1.0,1.0,1.0,1.0,1.0,1.0,1.0,1.0]
10746,[1785,2123,2443,2916,4534,4669,8673,10433],[1.0,1.0,1.0,1.0,1.0,1.0,1.0,1.0]
10746,[252,1099,1783,2799,3621,6167,9379,10003,10433],[1.0,1.0,1.0,1.0,1.0,1.0,1.0,1.0,1.0]
10746,[852,1038,2618,4058,7611,8145],[1.0,1.0,1.0,1.0,1.0,1.0]
10746,[1776,2272,2530,2708,2876,7101,7381,9851,10621],[1.0,1.0,1.0,1.0,1.0,1.0,1.0,1.0,1.0]
