10746,[4111,4440,4660,5086,5258,7800,7944,9491],[1.0,1.0,1.0,1.0,1.0,1.0,1.0,1.0]
10746,[1308,4302,4878,6736,7937,8956,9096,10053,10360],[1.0,1.0,1.0,1.0,1.0,1.0,1.0,1.0,1.0]
10746,[192,213,4063,4683,7594,7800,9591,10463],[1.0,1.0,1.0,1.0,1.0,1.0,1.0,1.0]
10746,[192,658,936,3469,4344,4382,7279,9591,10694],[1.0,1.0,1.0,1.0,1.0,1.0,1.0,1.0,1.0]
10746,[561,2455,7032,7279,8033,8532,8635,9556,10419],[1.0,1.0,1.0,1.0,1.0,1.0,1.0,1.0,1.0]
10746,[144,1073,1160,1502,3312,4421,5637,7480,8729],[1.0,1.0,1.0,1.0,1.0,1.0,1.0,1.0,1.0]
10746,[13,3369,4534,4549,5079,6248,8575,9851,10053],[1.0,1.0,1.0,1.0,1.0,1.0,1.0,1.0,1.0]
10746,[1186,3944,4660,5086,5258,7643,7907],[1.0,1.0,1.0,1.0,1.0,1.0,1.0]
10746,[2978,3133,3763,4340,4683,6955,7800,8126,9491],[1.0,1.0,1.0,1.0,1.0,1.0,1.0,1.0,1.0]
10746,[3421],[1.0]
