10746,[189,4440,4444,4638,5228,6634,8022],[1.0,1.0,1.0,1.0,1.0,1.0,1.0]
10746,[189,213,654,1652,2518,2924,4778,5228,10152,10360],[1.0,1.0,1.0,1.0,1.0,1.0,1.0,1.0,1.0,1.0]
10746,[189,513,936,3864,10326,10463],[1.0,1.0,1.0,1.0,1.0,1.0]
10746,[3283,4143,4485,5897,10463,10722],[1.0,1.0,1.0,1.0,1.0,1.0]
10746,[513,936,3864,5641,10326,10463],[1.0,1.0,1.0,1.0,1.0,1.0]
10746,[206,356,4650,6342,9438,9891],[1.0,1.0,1.0,1.0,1.0,1.0]
10746,[1099,4534,6317,7646,9118,9270,10714],[1.0,1.0,1.0,1.0,1.0,1.0,1.0]
10746,[356,654,2455,3426,4159,4344,7306,8041,10419],[1.0,1.0,1.0,1.0,1.0,1.0,1.0,1.0,1.0]
10746,[838,1683,4191,4848,5885,9019,9632,9708],[1.0,1.0,1.0,1.0,1.0,1.0,1.0,1.0]
10746,[869,2942,3740,3748,4534,8453,8817,9595,9676,9814],[1.0,1.0,1.0,1.0,1.0,1.0,1.0,1.0,1.0,1.0]
10746,[47,245,1920,2079,3864,9237],[1.0,1.0,1.0,1.0,1.0,1.0]
10746,[168,1315,1706,2201,4984,10426],[1.0,1.0,1.0,1.0,1.0,1.0]
10746,[168,2286,2493,5764,5772,6368,8114,9031],[1.0,1.0,1.0,1.0,1.0,1.0,1.0,1.0]
10746,[168,365,3192,7325,8158,8897,9289,9379,9575],[1.0,1.0,1.0,1.0,1.0,1.0,1.0,1.0,1.0]
10746,[1910,2596,3604,6526,7384,9718,9921],[1.0,1.0,1.0,1.0,1.0,1.0,1.0]
10746,[168,595,2455,2664,3571,3874,5200,9724],[1.0,1.0,1.0,1.0,1.0,1.0,1.0,1.0]
10746,[463,2410,3327,3890,4191,4525,5771,8675,10419],[1.0,1.0,1.0,1.0,1.0,1.0,1.0,1.0,1.0]
10746,[168,266,838,3864,4998,7205,7384,7428,9290],[1.0,1.0,1.0,1.0,1.0,1.0,1.0,1.0,1.0]
10746,[1284,10554],[1.0,1.0]
