10746,[1652,2785,3093,3993,4677,5486,10360,10731],[1.0,1.0,1.0,1.0,1.0,1.0,1.0,1.0]
10746,[213,4440,4954,6890,7074,9972,10032,10463],[1.0,1.0,1.0,1.0,1.0,1.0,1.0,1.0]
10746,[3139,6777,6890,8295,10032,10270],[1.0,1.0,1.0,1.0,1.0,1.0]
10746,[1291,2013,5201,8751,8779,9491],[1.0,1.0,1.0,1.0,1.0,1.0]
10746,[242,373,936,3139,4954,6557,6890,10032,10463],[1.0,1.0,1.0,1.0,1.0,1.0,1.0,1.0,1.0]
10746,[747,936,2530,3139,5737,6777,8295,10032,10270],[1.0,1.0,1.0,1.0,1.0,1.0,1.0,1.0,1.0]
10746,[357,766,869,8038,8729,8979,9076,10691],[1.0,1.0,1.0,1.0,1.0,1.0,1.0,1.0]
10746,[998,7099,7728,9143,9183,9258,9273,10621],[1.0,1.0,1.0,1.0,1.0,1.0,1.0,1.0]
10746,[2836,7099,7843,9143,9270,10580],[1.0,1.0,1.0,1.0,1.0,1.0]
10746,[2836,5069,5928,6638,8114,8595,10530],[1.0,1.0,1.0,1.0,1.0,1.0,1.0]
10746,[2070,2519,3391,3873,5407,8509,9273,10419],[1.0,1.0,1.0,1.0,1.0,1.0,1.0,1.0]
10746,[372,770,980,1255,2305,2493,3192,4755,10445],[1.0,1.0,1.0,1.0,1.0,1.0,1.0,1.0,1.0]
10746,[1255,3055,5102,7325,7437,7931,9823,10115],[1.0,1.0,1.0,1.0,1.0,1.0,1.0,1.0]
10746,[2178,2986,3426,4066,4362,5983,7325],[1.0,1.0,1.0,1.0,1.0,1.0,1.0]
10746,[957,1428,3257,4452,8924,10433],[1.0,1.0,1.0,1.0,1.0,1.0]
10746,[191,1150,4258,4405,6287,9724,10621],[1.0,1.0,1.0,1.0,1.0,1.0,1.0]
10746,[172,869,2530,2828,3251,5320,5978,7390,7480],[1.0,1.0,1.0,1.0,1.0,1.0,1.0,1.0,1.0]
10746,[145,844,2206,3042,3192,5207,5885,7105,9534],[1.0,1.0,1.0,1.0,1.0,1.0,1.0,1.0,1.0]
10746,[1706,1910,2752,3156,3192,3677,4205,9379,9724,10621],[1.0,1.0,1.0,1.0,1.0,1.0,1.0,1.0,1.0,1.0]
10746,[902,4881,6223,7099,8893,9143,9595,9755],[1.0,1.0,1.0,1.0,1.0,1.0,1.0,1.0]
10746,[809,1255,4927,6732,6952,7202,7733],[1.0,1.0,1.0,1.0,1.0,1.0,1.0]
10746,[8673],[1.0]
