10746,[1249,3844,4440,6689,8451,9510,10260],[1.0,1.0,1.0,1.0,1.0,1.0,1.0]
10746,[175,213,2518,4055,4778,5017,5820,7463,7937,10360],[1.0,1.0,1.0,1.0,1.0,1.0,1.0,1.0,1.0,1.0]
10746,[1398,3844,4954,6352,9117,9769,10152,10260,10463],[1.0,1.0,1.0,1.0,1.0,1.0,1.0,1.0,1.0]
10746,[241,3393,5691,6224,7019,7245,9007],[1.0,1.0,1.0,1.0,1.0,1.0,1.0]
10746,[936,3844,8451,9510,10260,10463],[1.0,1.0,1.0,1.0,1.0,1.0]
10746,[121,936,1249,3658,3779,7044,10621],[1.0,1.0,1.0,1.0,1.0,1.0,1.0]
10746,[121,3393,6229,6385,7502,8170,10309],[1.0,1.0,1.0,1.0,1.0,1.0,1.0]
10746,[2235,2493,2518,3318,4815,7199,9632],[1.0,1.0,1.0,1.0,1.0,1.0,1.0]
10746,[2418,2646,4925,8582,8907,9150,9157,9465],[1.0,1.0,1.0,1.0,1.0,1.0,1.0,1.0]
10746,[112,2110,2206,2305,7384,7907,9298,9816,10139],[1.0,1.0,1.0,1.0,1.0,1.0,1.0,1.0,1.0]
10746,[2291,4671,7165,8907,9268,9851,10617],[1.0,1.0,1.0,1.0,1.0,1.0,1.0]
10746,[431,1255,3407,3754,3844,8451,9510],[1.0,1.0,1.0,1.0,1.0,1.0,1.0]
