10746,[253,1691,1707,2319,4440,5830,6412,6912],[1.0,1.0,1.0,1.0,1.0,1.0,1.0,1.0]
10746,[213,2086,4613,4954,6060,7735,9162,9562,9966,10360],[1.0,1.0,1.0,1.0,1.0,1.0,1.0,1.0,1.0,1.0]
10746,[253,936,1464,1691,2319,4607,9966,10463],[1.0,1.0,1.0,1.0,1.0,1.0,1.0,1.0]
10746,[936,1237,1691,2201,2319,5946,6912],[1.0,1.0,1.0,1.0,1.0,1.0,1.0]
10746,[143,2916,4133,4534,4611,5985,7917,9458],[1.0,1.0,1.0,1.0,1.0,1.0,1.0,1.0]
10746,[902,4217,4332,6394,7502,8114,10433],[1.0,1.0,1.0,1.0,1.0,1.0,1.0]
10746,[463,1237,9555,9851,10621],[1.0,1.0,1.0,1.0,1.0]
10746,[1275,2201,3514,3741,4934,8524,9851,10534],[1.0,1.0,1.0,1.0,1.0,1.0,1.0,1.0]
10746,[1382,2263,3965,4963,4998,5345,6033,6170,6271],[1.0,1.0,1.0,1.0,1.0,1.0,1.0,1.0,1.0]
10746,[1237,4486,4970,5505,5885,6639,10536],[1.0,1.0,1.0,1.0,1.0,1.0,1.0]
10746,[1255,2201,2588,3824,5091,5946,6401],[1.0,1.0,1.0,1.0,1.0,1.0,1.0]
10746,[1706,4611,5447,8842,10534],[1.0,1.0,1.0,1.0,1.0]
10746,[1009,2182,2665,3075,4149,5836,6033,6170,8842],[1.0,1.0,1.0,1.0,1.0,1.0,1.0,1.0,1.0]
10746,[1054,3257,4332,5924,8842,9431,9851],[1.0,1.0,1.0,1.0,1.0,1.0,1.0]
10746,[1833,2068,2123,3257,3478,5205,8917,9598,9851],[1.0,1.0,1.0,1.0,1.0,1.0,1.0,1.0,1.0]
10746,[51,956,2397,4888,8729,9851],[1.0,1.0,1.0,1.0,1.0,1.0]
10746,[121,223,902,3075,3558,3741,4230,4606,4611],[1.0,1.0,1.0,1.0,1.0,1.0,1.0,1.0,1.0]
10746,[223,1187,4223,4948,5676,6033,6392,9733],[1.0,1.0,1.0,1.0,1.0,1.0,1.0,1.0]
10746,[463,2665,3602,3741,5222,6144,8026,9523,9851],[1.0,1.0,1.0,1.0,1.0,1.0,1.0,1.0,1.0]
10746,[1275,1427,4344,5307,5962,6080,6497,7612,9338],[1.0,1.0,1.0,1.0,1.0,1.0,1.0,1.0,1.0]
10746,[2981,4133,6370,9851,9882],[1.0,1.0,1.0,1.0,1.0]
10746,[121,143,1098,2123,3340,5985,9262,9851],[1.0,1.0,1.0,1.0,1.0,1.0,1.0,1.0]
10746,[956,3514,4223,4280,4604,4649,7843,10419,10534],[1.0,1.0,1.0,1.0,1.0,1.0,1.0,1.0,1.0]
10746,[121,1098,1706,2493,3478,3741,4217,4280,4534],[1.0,1.0,1.0,1.0,1.0,1.0,1.0,1.0,1.0]
10746,[2083,4223,8073,9303,9851,9882],[1.0,1.0,1.0,1.0,1.0,1.0]
10746,[1776,2201,2937,3669,4332,4405,5146,10028],[1.0,1.0,1.0,1.0,1.0,1.0,1.0,1.0]
10746,[143,2664,4133,5592,5946,6784,7584,8114],[1.0,1.0,1.0,1.0,1.0,1.0,1.0,1.0]
10746,[121,902,2455,2916,4925,5793,6229,7932,10419],[1.0,1.0,1.0,1.0,1.0,1.0,1.0,1.0,1.0]
10746,[1691,9458],[1.0,1.0]
