10746,[513,654,2455,3864,4440,6626,10326],[1.0,1.0,1.0,1.0,1.0,1.0,1.0]
10746,[213,806,1310,1652,3261,3812,4955,5622,10360,10463],[1.0,1.0,1.0,1.0,1.0,1.0,1.0,1.0,1.0,1.0]
10746,[2200,3277,5090,5279,5845,9113,9491,9996],[1.0,1.0,1.0,1.0,1.0,1.0,1.0,1.0]
10746,[513,936,3864,5090,10326,10463],[1.0,1.0,1.0,1.0,1.0,1.0]
10746,[956,1310,3216,4533,5181,7898,7930,8280,10151,10419],[1.0,1.0,1.0,1.0,1.0,1.0,1.0,1.0,1.0,1.0]
10746,[223,356,2737,3651,4603,9213,9738],[1.0,1.0,1.0,1.0,1.0,1.0,1.0]
10746,[365,3290,3864,4215,6303,7033,9460,9883,10177],[1.0,1.0,1.0,1.0,1.0,1.0,1.0,1.0,1.0]
10746,[1700,2069,5522,5592,7328,9292,9555,9903],[1.0,1.0,1.0,1.0,1.0,1.0,1.0,1.0]
10746,[59,549,607,2708,2799,4332,6394],[1.0,1.0,1.0,1.0,1.0,1.0,1.0]
10746,[1488,2182,5328,6341,7295,7930,8939,9632,10621],[1.0,1.0,1.0,1.0,1.0,1.0,1.0,1.0,1.0]
10746,[836,1310,2751,6257,7677,7930,9851,10665],[1.0,1.0,1.0,1.0,1.0,1.0,1.0,1.0]
10746,[838,2326,2443,5181,7548,7930,8455,10194],[1.0,1.0,1.0,1.0,1.0,1.0,1.0,1.0]
10746,[549,1255,3669,7874,7930,9632],[1.0,1.0,1.0,1.0,1.0,1.0]
10746,[2618,4533,4576,5205,7296,7506,8917,9738,10139],[1.0,1.0,1.0,1.0,1.0,1.0,1.0,1.0,1.0]
10746,[957,1535,3513,3866,4533,4681,5044,10203,10419],[1.0,1.0,1.0,1.0,1.0,1.0,1.0,1.0,1.0]
10746,[343,3513,4533,4789,7325,7930,9632],[1.0,1.0,1.0,1.0,1.0,1.0,1.0]
10746,[956,1060,1255,2878,3592,7742,8121,8922,9831],[1.0,1.0,1.0,1.0,1.0,1.0,1.0,1.0,1.0]
10746,[1266,1920,4614,4891,5409,6335,7586,9115],[1.0,1.0,1.0,1.0,1.0,1.0,1.0,1.0]
10746,[172,365,1535,1706,4998,5001,5294,5314,6341],[1.0,1.0,1.0,1.0,1.0,1.0,1.0,1.0,1.0]
10746,[869,2425,3251,3515,4215,4576,9379,9381,9460],[1.0,1.0,1.0,1.0,1.0,1.0,1.0,1.0,1.0]
10746,[902,916,3013,3189,4332,8131,9614,10203,10419],[1.0,1.0,1.0,1.0,1.0,1.0,1.0,1.0,1.0]
10746,[1310,1515,2916,4976,5181,5820,7742,8211,10438],[1.0,1.0,1.0,1.0,1.0,1.0,1.0,1.0,1.0]
10746,[567,2418,4405,4534,7742,10000],[1.0,1.0,1.0,1.0,1.0,1.0]
10746,[14,1706,2163,2856,3864,4217,7742,10433],[1.0,1.0,1.0,1.0,1.0,1.0,1.0,1.0]
