10746,[1310,2013,4440,5201,6022,7254,8751,8779,9491],[1.0,1.0,1.0,1.0,1.0,1.0,1.0,1.0,1.0]
10746,[213,242,1456,1714,3501,6557,7416,10360,10463],[1.0,1.0,1.0,1.0,1.0,1.0,1.0,1.0,1.0]
10746,[11,936,3501,5118,7353,7829,8700,10139],[1.0,1.0,1.0,1.0,1.0,1.0,1.0,1.0]
10746,[956,1817,1862,2649,4165,4223,4465,5793,7316],[1.0,1.0,1.0,1.0,1.0,1.0,1.0,1.0,1.0]
10746,[588,1255,2649,3713,5447,8293,9754],[1.0,1.0,1.0,1.0,1.0,1.0,1.0]
10746,[4202,4338,4606,4688,6255,7959,8041,8729,9420],[1.0,1.0,1.0,1.0,1.0,1.0,1.0,1.0,1.0]
10746,[4239,6298,7649,8114,8554,10042,10591],[1.0,1.0,1.0,1.0,1.0,1.0,1.0]
10746,[81,172,305,935,4217,4534,8893],[1.0,1.0,1.0,1.0,1.0,1.0,1.0]
10746,[3075,3940,6171,7959,8729,9420,10391],[1.0,1.0,1.0,1.0,1.0,1.0,1.0]
10746,[450,705,1099,2974,4332,4336,4475,9851,9988,10082],[1.0,1.0,1.0,1.0,1.0,1.0,1.0,1.0,1.0,1.0]
10746,[1255,3558,4475,4955,5499,6172,8436,9270,9831],[1.0,1.0,1.0,1.0,1.0,1.0,1.0,1.0,1.0]
10746,[172,436,2455,2826,4344,5641,5885,8798,9270],[1.0,1.0,1.0,1.0,1.0,1.0,1.0,1.0,1.0]
10746,[501,3492,4149,5641,6033,6664,9270],[1.0,1.0,1.0,1.0,1.0,1.0,1.0]
10746,[463,1099,1706,5391,6335,10082,10309],[1.0,1.0,1.0,1.0,1.0,1.0,1.0]
10746,[2309,3276,4405,5660,5741,6587,9386],[1.0,1.0,1.0,1.0,1.0,1.0,1.0]
10746,[3545,3997,4223,4292,7423,8558,8672,8971,10003],[1.0,1.0,1.0,1.0,1.0,1.0,1.0,1.0,1.0]
10746,[819,1939,2013,2919,5201,6557,8751,8779,9270,10694],[1.0,1.0,1.0,1.0,1.0,1.0,1.0,1.0,1.0,1.0]
10746,[2266,7114,7379,8116,9290,9491,9851],[1.0,1.0,1.0,1.0,1.0,1.0,1.0]
10746,[365,4996,5809,6754,9663,10692],[1.0,1.0,1.0,1.0,1.0,1.0]
