10746,[172,1284,2261,4440,4825,9491,10360,10421],[1.0,1.0,1.0,1.0,1.0,1.0,1.0,1.0]
10746,[213,2261,2311,2518,4589,4778,7303,7416,9491,10152],[1.0,1.0,1.0,1.0,1.0,1.0,1.0,1.0,1.0,1.0]
10746,[936,1316,5918,6380,7031,8494,10463],[1.0,1.0,1.0,1.0,1.0,1.0,1.0]
10746,[348,1517,4397,5918,8494,9953,10143,10445],[1.0,1.0,1.0,1.0,1.0,1.0,1.0,1.0]
10746,[141,153,3192,3741,4831,5181,6211,6657,9364,10091],[1.0,1.0,1.0,1.0,1.0,1.0,1.0,1.0,1.0,1.0]
10746,[237,1141,2022,5207,9273,9290,9953,10636],[1.0,1.0,1.0,1.0,1.0,1.0,1.0,1.0]
10746,[141,902,4258,5540,6229,10617],[1.0,1.0,1.0,1.0,1.0,1.0]
10746,[141,143,902,6167,6819,8114,10091],[1.0,1.0,1.0,1.0,1.0,1.0,1.0]
10746,[501,3509,3713,3732,8046,9653,10617],[1.0,1.0,1.0,1.0,1.0,1.0,1.0]
10746,[141,463,902,1154,2318,2708,4113,4606,9289],[1.0,1.0,1.0,1.0,1.0,1.0,1.0,1.0,1.0]
10746,[464,1657,2799,2861,6609,9270,9595],[1.0,1.0,1.0,1.0,1.0,1.0,1.0]
10746,[121,307,1197,1706,3327,5181,5928],[1.0,1.0,1.0,1.0,1.0,1.0,1.0]
10746,[141,464,4929,9595,10508],[1.0,1.0,1.0,1.0,1.0]
10746,[902,956,2799,5928,6002,10419],[1.0,1.0,1.0,1.0,1.0,1.0]
10746,[501,1255,3509,4129,5928,7523,8162,9569],[1.0,1.0,1.0,1.0,1.0,1.0,1.0,1.0]
10746,[501,3509,4534,4772,5885,6918,7649,7959,9298],[1.0,1.0,1.0,1.0,1.0,1.0,1.0,1.0,1.0]
10746,[245,4046,5146,8114,9272,9933,10091,10203,10419],[1.0,1.0,1.0,1.0,1.0,1.0,1.0,1.0,1.0]
10746,[529,3106,4042,6172,7898,8114,9270,9585],[1.0,1.0,1.0,1.0,1.0,1.0,1.0,1.0]
10746,[360,1284,4202,4980,5662,6335,8467,9270],[1.0,1.0,1.0,1.0,1.0,1.0,1.0,1.0]
10746,[2261,4589,6850,7303,7416,9491,10139,10421],[1.0,1.0,1.0,1.0,1.0,1.0,1.0,1.0]
10746,[2792,4534,5415,7057,7857,9851],[1.0,1.0,1.0,1.0,1.0,1.0]
