10746,[2417,3373,3944,4440,6385,7543,9496,9632],[1.0,1.0,1.0,1.0,1.0,1.0,1.0,1.0]
10746,[2417,3006,4091,6037,6385,7543,7655,9297,10360],[1.0,1.0,1.0,1.0,1.0,1.0,1.0,1.0,1.0]
10746,[213,936,1813,1853,3450,3608,4188,6341,9305,9491],[1.0,1.0,1.0,1.0,1.0,1.0,1.0,1.0,1.0,1.0]
10746,[956,1482,2206,2530,3438,10093,10336,10433],[1.0,1.0,1.0,1.0,1.0,1.0,1.0,1.0]
10746,[1706,2530,2997,5683,5737,6341,6547,6638,7643,9262],[1.0,1.0,1.0,1.0,1.0,1.0,1.0,1.0,1.0,1.0]
10746,[1948,2771,3334,4066,5274,6341,8114],[1.0,1.0,1.0,1.0,1.0,1.0,1.0]
10746,[739,1981,3318,3329,3772,4188,8941,9032,10621],[1.0,1.0,1.0,1.0,1.0,1.0,1.0,1.0,1.0]
10746,[1275,2067,2455,3965,5181,7592,8653,9292,10419],[1.0,1.0,1.0,1.0,1.0,1.0,1.0,1.0,1.0]
10746,[365,407,2582,4414,6172,6673,8114,9883,10054],[1.0,1.0,1.0,1.0,1.0,1.0,1.0,1.0,1.0]
10746,[3329,5683,5737,6341,6626,8476,8480,9365],[1.0,1.0,1.0,1.0,1.0,1.0,1.0,1.0]
10746,[1965,2079,4669,8114,8917,9031,10068],[1.0,1.0,1.0,1.0,1.0,1.0,1.0]
10746,[846,1632,3651,4216,5181,5538,7842,9632,9686],[1.0,1.0,1.0,1.0,1.0,1.0,1.0,1.0,1.0]
10746,[896,3057,3329,4058,4240,5601,7718,8114,8917,9632],[1.0,1.0,1.0,1.0,1.0,1.0,1.0,1.0,1.0,1.0]
10746,[2530,3327,4921,6341,8280,8476,10621],[1.0,1.0,1.0,1.0,1.0,1.0,1.0]
10746,[700,902,1965,3329,4784,5710,6098,8582],[1.0,1.0,1.0,1.0,1.0,1.0,1.0,1.0]
10746,[1366,2828,4376,4405,5737,6341,7033,7390],[1.0,1.0,1.0,1.0,1.0,1.0,1.0,1.0]
10746,[7613,7813,7843,8041,8114,9032,9298],[1.0,1.0,1.0,1.0,1.0,1.0,1.0]
10746,[1706,2492,2916,3824,5650,5808,7105,8595],[1.0,1.0,1.0,1.0,1.0,1.0,1.0,1.0]
10746,[426,5737,5808,6341,7649,8114,9190,9289],[1.0,1.0,1.0,1.0,1.0,1.0,1.0,1.0]
10746,[896,1324,2067,3329,4229,5819,7205,9632,9918,9953],[1.0,1.0,1.0,1.0,1.0,1.0,1.0,1.0,1.0,1.0]
10746,[896,2067,3329,3890,7379,8476,8480,8917,9365],[1.0,1.0,1.0,1.0,1.0,1.0,1.0,1.0,1.0]
10746,[28,4202,4868,5662,6129,7379,9273,9365],[1.0,1.0,1.0,1.0,1.0,1.0,1.0,1.0]
10746,[869,1098,2417,4669,6385,7543,8904],[1.0,1.0,1.0,1.0,1.0,1.0,1.0]
10746,[8096,8617,10223],[1.0,1.0,1.0]
