10746,[1754,3282,3993,4616,6495,6502,6528,7536,8867],[1.0,1.0,1.0,1.0,1.0,1.0,1.0,1.0,1.0]
10746,[1237,2200,3277,4440,5090,5279,8635,9491,9996],[1.0,1.0,1.0,1.0,1.0,1.0,1.0,1.0,1.0]
10746,[2200,3277,4778,5090,5845,9491,9996,10360],[1.0,1.0,1.0,1.0,1.0,1.0,1.0,1.0]
10746,[213,2200,2518,3277,3844,5358,9491,9996,10152,10463],[1.0,1.0,1.0,1.0,1.0,1.0,1.0,1.0,1.0,1.0]
10746,[39,936,3502,3844,6131,6753,10201],[1.0,1.0,1.0,1.0,1.0,1.0,1.0]
10746,[936,1657,2200,3277,5090,5845,9282,9491,9996],[1.0,1.0,1.0,1.0,1.0,1.0,1.0,1.0,1.0]
10746,[902,1255,1737,2455,3216,4526,5628,7580,9595],[1.0,1.0,1.0,1.0,1.0,1.0,1.0,1.0,1.0]
10746,[902,4191,4947,6457,9632,9972],[1.0,1.0,1.0,1.0,1.0,1.0]
10746,[1255,2162,3340,3994,4929,5693,6564,9595,10281],[1.0,1.0,1.0,1.0,1.0,1.0,1.0,1.0,1.0]
10746,[1270,2162,3484,3768,8114,9999,10621],[1.0,1.0,1.0,1.0,1.0,1.0,1.0]
10746,[372,2493,2598,6167,6405,7317,8114,9972],[1.0,1.0,1.0,1.0,1.0,1.0,1.0,1.0]
10746,[372,6167,6515,9910,10621],[1.0,1.0,1.0,1.0,1.0]
10746,[902,4191,4888,6457,7064,9910],[1.0,1.0,1.0,1.0,1.0,1.0]
10746,[365,902,2465,4511,5641,6115,7423,7792],[1.0,1.0,1.0,1.0,1.0,1.0,1.0,1.0]
10746,[827,1066,2182,9523,9910,9972],[1.0,1.0,1.0,1.0,1.0,1.0]
10746,[3545,3586,4525,4888,7898,8991,9910,10621],[1.0,1.0,1.0,1.0,1.0,1.0,1.0,1.0]
10746,[112,175,1482,4888,5845,6335,9910,10222],[1.0,1.0,1.0,1.0,1.0,1.0,1.0,1.0]
