10746,[728,4191,4440,4561,5901,6537,7318,9405,9654],[1.0,1.0,1.0,1.0,1.0,1.0,1.0,1.0,1.0]
10746,[213,1652,3006,4069,5901,6235,6537,7318,9405,10360],[1.0,1.0,1.0,1.0,1.0,1.0,1.0,1.0,1.0,1.0]
10746,[2348,4582,7367,7582,10463],[1.0,1.0,1.0,1.0,1.0]
10746,[936,1598,4891,7898,7997,8673,9465,9534],[1.0,1.0,1.0,1.0,1.0,1.0,1.0,1.0]
10746,[758,4582,5641,6098,6391,8673,9831,10530],[1.0,1.0,1.0,1.0,1.0,1.0,1.0,1.0]
10746,[271,303,529,1255,1706,1722,3532,4582,9289],[1.0,1.0,1.0,1.0,1.0,1.0,1.0,1.0,1.0]
10746,[1255,2719,4042,5181,8108,8673,8729,9030],[1.0,1.0,1.0,1.0,1.0,1.0,1.0,1.0]
10746,[2708,3528,5142,5807,5893,8476,8655,9289,9420],[1.0,1.0,1.0,1.0,1.0,1.0,1.0,1.0,1.0]
10746,[631,664,7923,8908,9273,9290,9632],[1.0,1.0,1.0,1.0,1.0,1.0,1.0]
10746,[1099,4217,5150,6295,8673,8889,8917,9289],[1.0,1.0,1.0,1.0,1.0,1.0,1.0,1.0]
10746,[1460,3532,3651,4084,5592,8960,9273,9632],[1.0,1.0,1.0,1.0,1.0,1.0,1.0,1.0]
10746,[1237,1920,5325,7494,7826,8595,9298,9632,9814],[1.0,1.0,1.0,1.0,1.0,1.0,1.0,1.0,1.0]
10746,[2596,2916,5592,5868,6341,8673,9273],[1.0,1.0,1.0,1.0,1.0,1.0,1.0]
10746,[1340,1673,6066,7406,8917,9090,9983],[1.0,1.0,1.0,1.0,1.0,1.0,1.0]
10746,[515,1099,1566,2574,2918,4096,9289,10458],[1.0,1.0,1.0,1.0,1.0,1.0,1.0,1.0]
10746,[32,2123,3934,6165,6484,6537,9405,9420,10138],[1.0,1.0,1.0,1.0,1.0,1.0,1.0,1.0,1.0]
10746,[2131,2865,4644,5901,7318],[1.0,1.0,1.0,1.0,1.0]
