10746,[1853,1960,3450,3608,4440,6838,9305,9491],[1.0,1.0,1.0,1.0,1.0,1.0,1.0,1.0]
10746,[213,851,936,1586,4590,7450,8935,9697,10463],[1.0,1.0,1.0,1.0,1.0,1.0,1.0,1.0,1.0]
10746,[1651,6603,6685,6952,7323,8971,9290,9458],[1.0,1.0,1.0,1.0,1.0,1.0,1.0,1.0]
10746,[209,1626,1651,3585,3586,4389,5055,6229],[1.0,1.0,1.0,1.0,1.0,1.0,1.0,1.0]
10746,[1255,3532,6047,6838,8476,9270,9749],[1.0,1.0,1.0,1.0,1.0,1.0,1.0]
10746,[1299,1438,1960,3592,8690,9270,9298,10203],[1.0,1.0,1.0,1.0,1.0,1.0,1.0,1.0]
10746,[189,3164,3741,3898,5820,9724,10146,10617],[1.0,1.0,1.0,1.0,1.0,1.0,1.0,1.0]
10746,[48,309,956,3937,4154,4956,5614,6721,8729,10350],[1.0,1.0,1.0,1.0,1.0,1.0,1.0,1.0,1.0,1.0]
10746,[4358,5069,7323,7694,9458,10068,10419],[1.0,1.0,1.0,1.0,1.0,1.0,1.0]
10746,[309,405,3586,3898,3937,6952,10068,10222],[1.0,1.0,1.0,1.0,1.0,1.0,1.0,1.0]
10746,[902,1053,1597,2778,3321,6315,7747],[1.0,1.0,1.0,1.0,1.0,1.0,1.0]
10746,[48,275,1424,2509,3898,4956,7832,9528,10082],[1.0,1.0,1.0,1.0,1.0,1.0,1.0,1.0,1.0]
10746,[48,1578,3679,3835,3898,4885,6497,10191],[1.0,1.0,1.0,1.0,1.0,1.0,1.0,1.0]
10746,[1829,1960,2022,2509,3898,6721,6838],[1.0,1.0,1.0,1.0,1.0,1.0,1.0]
10746,[666,902,2114,4312,7384,8114,9595,10082],[1.0,1.0,1.0,1.0,1.0,1.0,1.0,1.0]
10746,[405,869,3898,4888,4934,5614,5906],[1.0,1.0,1.0,1.0,1.0,1.0,1.0]
10746,[792,1755,1965,4191,4650,4921,5173,5328],[1.0,1.0,1.0,1.0,1.0,1.0,1.0,1.0]
10746,[172,365,1192,1335,3602,3898,4869,5598,8114,10425],[1.0,1.0,1.0,1.0,1.0,1.0,1.0,1.0,1.0,1.0]
10746,[1099,1199,3602,4191,5401,7835,8443,9851],[1.0,1.0,1.0,1.0,1.0,1.0,1.0,1.0]
10746,[143,2043,3236,5401,5985,7835,9270],[1.0,1.0,1.0,1.0,1.0,1.0,1.0]
10746,[365,4549,4956,5630,6721,8630,8935,10433,10621],[1.0,1.0,1.0,1.0,1.0,1.0,1.0,1.0,1.0]
10746,[55,2088,3678,5328,5630,7001,7384,8935,9333,10621],[1.0,1.0,1.0,1.0,1.0,1.0,1.0,1.0,1.0,1.0]
10746,[758,956,1099,1706,2206,4331,4994,8935,10433],[1.0,1.0,1.0,1.0,1.0,1.0,1.0,1.0,1.0]
10746,[125,2493,6616,7182,7710,8114,8698],[1.0,1.0,1.0,1.0,1.0,1.0,1.0]
10746,[340,951,1960,2916,4205,7379,10433],[1.0,1.0,1.0,1.0,1.0,1.0,1.0]
10746,[1099,1103,1706,2588,3324,7182,8635,9066],[1.0,1.0,1.0,1.0,1.0,1.0,1.0,1.0]
10746,[55,1411,1438,2088,3826,4060,7252,8343,8667],[1.0,1.0,1.0,1.0,1.0,1.0,1.0,1.0,1.0]
10746,[4420,4707,5244,5630,5641,8935,9270,10621],[1.0,1.0,1.0,1.0,1.0,1.0,1.0,1.0]
10746,[1903,3590,3835,4576,7384,7993,8935,9289],[1.0,1.0,1.0,1.0,1.0,1.0,1.0,1.0]
10746,[1903,2455,4576,4888,7993,8114,10419],[1.0,1.0,1.0,1.0,1.0,1.0,1.0]
10746,[1005,3768,4424,5931,7993,8580,10203,10419],[1.0,1.0,1.0,1.0,1.0,1.0,1.0,1.0]
10746,[55,609,1255,4520,5630,7317,8935,9289,10613],[1.0,1.0,1.0,1.0,1.0,1.0,1.0,1.0,1.0]
10746,[3257,4066,7450,8935,9298,9328,9851,10433],[1.0,1.0,1.0,1.0,1.0,1.0,1.0,1.0]
10746,[55,1099,2708,3532,4520,8729,8965],[1.0,1.0,1.0,1.0,1.0,1.0,1.0]
10746,[365,1255,2618,2668,5630,6808,8935,9851,10185],[1.0,1.0,1.0,1.0,1.0,1.0,1.0,1.0,1.0]
10746,[1255,1706,3257,5079,7523,7654,8121,9419,9933],[1.0,1.0,1.0,1.0,1.0,1.0,1.0,1.0,1.0]
10746,[51,143,4522,6395,8032,8114,9066,9851],[1.0,1.0,1.0,1.0,1.0,1.0,1.0,1.0]
10746,[675,1706,2022,3651,4310,5985,8812,9851],[1.0,1.0,1.0,1.0,1.0,1.0,1.0,1.0]
10746,[144,1706,5112,6376,8862,8935,10381,10433,10621],[1.0,1.0,1.0,1.0,1.0,1.0,1.0,1.0,1.0]
10746,[1,2407,2477,5555,6395,7423,10433,10659],[1.0,1.0,1.0,1.0,1.0,1.0,1.0,1.0]
10746,[869,2278,3216,3484,5200,9379,9419,9933],[1.0,1.0,1.0,1.0,1.0,1.0,1.0,1.0]
10746,[851,4358,4590,6167,7857,7923,8856,9697,10616],[1.0,1.0,1.0,1.0,1.0,1.0,1.0,1.0,1.0]
10746,[1284],[1.0]
