10746,[2417,3006,4440,4649,6385,7543],[1.0,1.0,1.0,1.0,1.0,1.0]
10746,[213,2748,4091,5373,6037,6385,6522,9297,10360],[1.0,1.0,1.0,1.0,1.0,1.0,1.0,1.0,1.0]
10746,[936,2278,3484,4205,4649,5440,5885,8908],[1.0,1.0,1.0,1.0,1.0,1.0,1.0,1.0]
10746,[365,902,1237,1255,2278,3754,5146,6760,8729],[1.0,1.0,1.0,1.0,1.0,1.0,1.0,1.0,1.0]
10746,[1237,2278,2627,3586,4534,6385,9509,10742],[1.0,1.0,1.0,1.0,1.0,1.0,1.0,1.0]
10746,[121,1237,2640,4205,6116,6229,8170,10285],[1.0,1.0,1.0,1.0,1.0,1.0,1.0,1.0]
10746,[121,2185,2278,2640,5003,5604,5877,5885],[1.0,1.0,1.0,1.0,1.0,1.0,1.0,1.0]
10746,[121,464,1237,1965,2278,6354,6385,7087],[1.0,1.0,1.0,1.0,1.0,1.0,1.0,1.0]
10746,[2530,2916,6229,6524,6590,8475,8595,10642],[1.0,1.0,1.0,1.0,1.0,1.0,1.0,1.0]
10746,[463,902,1542,2846,4810,5872,7515,10278,10621],[1.0,1.0,1.0,1.0,1.0,1.0,1.0,1.0,1.0]
10746,[2278,2640,4731,5641,7643],[1.0,1.0,1.0,1.0,1.0]
10746,[121,2433,2493,2640,4534,4589,5022,5499,9071],[1.0,1.0,1.0,1.0,1.0,1.0,1.0,1.0,1.0]
10746,[2278,2916,4649,5022,5440,5499,5662,7379],[1.0,1.0,1.0,1.0,1.0,1.0,1.0,1.0]
10746,[2278,2493,3783,4149,4649,5440,8394,8595],[1.0,1.0,1.0,1.0,1.0,1.0,1.0,1.0]
10746,[1005,1673,2707,5326,8482,8729,8740,9420,9882],[1.0,1.0,1.0,1.0,1.0,1.0,1.0,1.0,1.0]
10746,[2530,2961,3532,4943,8170,8475,9590],[1.0,1.0,1.0,1.0,1.0,1.0,1.0]
10746,[14,2728,3285,7277,8397,8742,9420,10222,10438],[1.0,1.0,1.0,1.0,1.0,1.0,1.0,1.0,1.0]
10746,[14,1956,2728,3340,6626,7105,8124,10222],[1.0,1.0,1.0,1.0,1.0,1.0,1.0,1.0]
10746,[245,844,2893,3198,4950,5181,5803,6784,9364],[1.0,1.0,1.0,1.0,1.0,1.0,1.0,1.0,1.0]
10746,[372,596,2530,3429,4198,7079,7857,10678],[1.0,1.0,1.0,1.0,1.0,1.0,1.0,1.0]
10746,[2417,3592,4374,4440,4597,7543,8114,10617],[1.0,1.0,1.0,1.0,1.0,1.0,1.0,1.0]
10746,[6385,8096,8617,10223],[1.0,1.0,1.0,1.0]
