10746,[3139,4440,6777,7074,8295,10032,10270],[1.0,1.0,1.0,1.0,1.0,1.0,1.0]
10746,[213,1652,5201,8460,8751,8779,9491,9972,10360,10411],[1.0,1.0,1.0,1.0,1.0,1.0,1.0,1.0,1.0,1.0]
10746,[242,373,936,2013,5201,6557,8751,8779,9491,10463],[1.0,1.0,1.0,1.0,1.0,1.0,1.0,1.0,1.0,1.0]
10746,[3139,4954,6777,6890,8295,10032,10270],[1.0,1.0,1.0,1.0,1.0,1.0,1.0]
10746,[936,2013,3139,5201,8751,8779,9491],[1.0,1.0,1.0,1.0,1.0,1.0,1.0]
10746,[121,242,936,1299,3018,3965,6557,9491],[1.0,1.0,1.0,1.0,1.0,1.0,1.0,1.0]
10746,[1237,1535,2067,2530,6335,8475,8595,8729],[1.0,1.0,1.0,1.0,1.0,1.0,1.0,1.0]
10746,[896,2447,2618,3018,3965,4611,8979,9083,10068],[1.0,1.0,1.0,1.0,1.0,1.0,1.0,1.0,1.0]
10746,[747,1099,1535,2067,6301,7506],[1.0,1.0,1.0,1.0,1.0,1.0]
10746,[357,747,869,2530,5737,5946,8729,8979],[1.0,1.0,1.0,1.0,1.0,1.0,1.0,1.0]
10746,[766,998,7728,8038,9076,9183,9273,10691],[1.0,1.0,1.0,1.0,1.0,1.0,1.0,1.0]
10746,[7099,9143,9258,10580,10621],[1.0,1.0,1.0,1.0,1.0]
10746,[2836,6301,6638,7843,9270],[1.0,1.0,1.0,1.0,1.0]
10746,[2530,2627,4611,5440,6335,8595],[1.0,1.0,1.0,1.0,1.0,1.0]
10746,[4355,4534,5022,5069,9097,9814,10068,10419],[1.0,1.0,1.0,1.0,1.0,1.0,1.0,1.0]
10746,[463,2530,3741,8595,8871,9943,10617],[1.0,1.0,1.0,1.0,1.0,1.0,1.0]
10746,[2728,3862,6952,8673,9407,10203,10445],[1.0,1.0,1.0,1.0,1.0,1.0,1.0]
10746,[515,1862,3546,3732,4191,7917,9534,10056],[1.0,1.0,1.0,1.0,1.0,1.0,1.0,1.0]
10746,[677,2013,5146,5201,6557,8751,8779,9491,9851,10694],[1.0,1.0,1.0,1.0,1.0,1.0,1.0,1.0,1.0,1.0]
10746,[2266,4996,6754,7114,7379,8116,9290,9851],[1.0,1.0,1.0,1.0,1.0,1.0,1.0,1.0]
10746,[365,1375,3139,4335,5809,8610,9663,10692],[1.0,1.0,1.0,1.0,1.0,1.0,1.0,1.0]
10746,[1652,2047,4080,5668,6820,7341,8460,9222],[1.0,1.0,1.0,1.0,1.0,1.0,1.0,1.0]
10746,[1255,3139,4953,6777,7063,8295,9989,10032,10411],[1.0,1.0,1.0,1.0,1.0,1.0,1.0,1.0,1.0]
10746,[433,435,2009,3601,4755,5123,7205,9222],[1.0,1.0,1.0,1.0,1.0,1.0,1.0,1.0]
