10746,[3081,3999,4440,5015,6453,9107,10394],[1.0,1.0,1.0,1.0,1.0,1.0,1.0]
10746,[1344,1503,1652,5820,7937,8842,9096,9632,10360,10463],[1.0,1.0,1.0,1.0,1.0,1.0,1.0,1.0,1.0,1.0]
10746,[213,2245,2518,3999,4778,5957,7991,10152,10394],[1.0,1.0,1.0,1.0,1.0,1.0,1.0,1.0,1.0]
10746,[902,1220,3290,4393,4953,5628,6172,8476,9816],[1.0,1.0,1.0,1.0,1.0,1.0,1.0,1.0,1.0]
10746,[1513,2407,4378,6335,8114,8444,9107,9161,10139,10463],[1.0,1.0,1.0,1.0,1.0,1.0,1.0,1.0,1.0,1.0]
10746,[936,1513,4953,6537,7990,8773,9405,10067],[1.0,1.0,1.0,1.0,1.0,1.0,1.0,1.0]
10746,[1099,1364,3873,5901,7318,8476,8729,9000,9107,9292],[1.0,1.0,1.0,1.0,1.0,1.0,1.0,1.0,1.0,1.0]
10746,[869,1220,1255,1364,3890,7926,8898,9364,9973,10222],[1.0,1.0,1.0,1.0,1.0,1.0,1.0,1.0,1.0,1.0]
10746,[661,776,1735,2885,2919,5820,5904,8497,9851],[1.0,1.0,1.0,1.0,1.0,1.0,1.0,1.0,1.0]
10746,[632,2390,4730,4875,6637,6985,9364],[1.0,1.0,1.0,1.0,1.0,1.0,1.0]
10746,[463,2366,2581,3514,3911,7419,9270,9289,10222],[1.0,1.0,1.0,1.0,1.0,1.0,1.0,1.0,1.0]
10746,[374,1220,4405,5003,5320,7923,8898,9328,9523],[1.0,1.0,1.0,1.0,1.0,1.0,1.0,1.0,1.0]
10746,[175,640,1072,2916,4066,8991,9249,10003],[1.0,1.0,1.0,1.0,1.0,1.0,1.0,1.0]
10746,[1706,2366,3257,3835,5003,6335,10433],[1.0,1.0,1.0,1.0,1.0,1.0,1.0]
10746,[623,2916,3075,5181,6384,7357,7636,8303,8842],[1.0,1.0,1.0,1.0,1.0,1.0,1.0,1.0,1.0]
10746,[365,1275,3704,4596,6298,6724,9646],[1.0,1.0,1.0,1.0,1.0,1.0,1.0]
10746,[3110,3143,3545,4217,4534,5763,7218,9528,10139],[1.0,1.0,1.0,1.0,1.0,1.0,1.0,1.0,1.0]
10746,[776,3741,5683,5978,6341,9186,9851,9973],[1.0,1.0,1.0,1.0,1.0,1.0,1.0,1.0]
10746,[374,2425,2455,3134,7303,8114,9270,10056],[1.0,1.0,1.0,1.0,1.0,1.0,1.0,1.0]
10746,[1232,4534,5142,5683,6603,7222,9612,9851],[1.0,1.0,1.0,1.0,1.0,1.0,1.0,1.0]
10746,[776,4217,4552,5763,8114,9973,10433],[1.0,1.0,1.0,1.0,1.0,1.0,1.0]
10746,[731,844,956,1220,6590,6626,7385,8898,9973,10056],[1.0,1.0,1.0,1.0,1.0,1.0,1.0,1.0,1.0,1.0]
10746,[476,2472,3353,7222,8582,9014],[1.0,1.0,1.0,1.0,1.0,1.0]
10746,[1072,2455,2493,3353,3514,6047,6335,9973],[1.0,1.0,1.0,1.0,1.0,1.0,1.0,1.0]
10746,[457,1220,2366,2791,8748,8991,9851,9857],[1.0,1.0,1.0,1.0,1.0,1.0,1.0,1.0]
10746,[1075,4113,7505,7649,8564,9676,9851,9973],[1.0,1.0,1.0,1.0,1.0,1.0,1.0,1.0]
10746,[869,1706,2099,3741,5641,7339,8269,9620],[1.0,1.0,1.0,1.0,1.0,1.0,1.0,1.0]
10746,[4759,6606,9714,9841,9851,9973],[1.0,1.0,1.0,1.0,1.0,1.0]
10746,[3216,5132,7388,7813,8463,9851,9973],[1.0,1.0,1.0,1.0,1.0,1.0,1.0]
10746,[1948,3075,3342,4688,7338,7649,8898,9973],[1.0,1.0,1.0,1.0,1.0,1.0,1.0,1.0]
10746,[902,1075,4113,4191,5268,6612,8991,9676],[1.0,1.0,1.0,1.0,1.0,1.0,1.0,1.0]
10746,[3075,3368,3426,4113,5641,8114,8898,9973],[1.0,1.0,1.0,1.0,1.0,1.0,1.0,1.0]
10746,[777,1453,3081,4332,6453,8590,8898],[1.0,1.0,1.0,1.0,1.0,1.0,1.0]
10746,[417,3081,3999,4534,8435,10394],[1.0,1.0,1.0,1.0,1.0,1.0]
10746,[242,1438,4698,9465,9641],[1.0,1.0,1.0,1.0,1.0]
