10746,[39,3844,4440,6131,6753,8635,10201],[1.0,1.0,1.0,1.0,1.0,1.0,1.0]
10746,[213,1237,2518,4055,4778,5017,7463,9865,10152,10360],[1.0,1.0,1.0,1.0,1.0,1.0,1.0,1.0,1.0,1.0]
10746,[242,2013,3844,5201,6557,8540,8751,8779,9491],[1.0,1.0,1.0,1.0,1.0,1.0,1.0,1.0,1.0]
10746,[747,936,3249,4801,6335,6819,8114,10068],[1.0,1.0,1.0,1.0,1.0,1.0,1.0,1.0]
10746,[506,872,1099,3950,5069,7570,9831],[1.0,1.0,1.0,1.0,1.0,1.0,1.0]
10746,[54,3242,5328,7856,8509,8642,9270,9463,9465],[1.0,1.0,1.0,1.0,1.0,1.0,1.0,1.0,1.0]
10746,[3925,4217,5388,6053,6626,8509,9379,10068],[1.0,1.0,1.0,1.0,1.0,1.0,1.0,1.0]
10746,[2916,3950,6341,8941,10068],[1.0,1.0,1.0,1.0,1.0]
10746,[872,4349,5524,5803,7117,8476,9420,9463],[1.0,1.0,1.0,1.0,1.0,1.0,1.0,1.0]
10746,[1099,3433,5328,5580,7317,7421,9402,10191],[1.0,1.0,1.0,1.0,1.0,1.0,1.0,1.0]
10746,[297,2018,2916,4202,5388,9465,10554],[1.0,1.0,1.0,1.0,1.0,1.0,1.0]
10746,[2901,3545,3775,4611,4926,8114],[1.0,1.0,1.0,1.0,1.0,1.0]
10746,[2123,2364,2922,3890,5368,5873,7570,10275],[1.0,1.0,1.0,1.0,1.0,1.0,1.0,1.0]
10746,[26,4405,4888,5167,5845,6335,10068],[1.0,1.0,1.0,1.0,1.0,1.0,1.0]
10746,[463,1706,2162,4576,5651,6080,8114],[1.0,1.0,1.0,1.0,1.0,1.0,1.0]
10746,[747,1706,2493,2916,3741,4921,8005,8114],[1.0,1.0,1.0,1.0,1.0,1.0,1.0,1.0]
10746,[1053,2162,3732,4888,6341,9814,10056],[1.0,1.0,1.0,1.0,1.0,1.0,1.0]
10746,[747,1397,1706,2916,4294,4349,8114,10617],[1.0,1.0,1.0,1.0,1.0,1.0,1.0,1.0]
10746,[902,956,1803,6341,6952,8005,10734],[1.0,1.0,1.0,1.0,1.0,1.0,1.0]
10746,[463,1706,3545,4349,6335,7506,7982,8600],[1.0,1.0,1.0,1.0,1.0,1.0,1.0,1.0]
10746,[747,2070,3661,4349,5564,9056,10621],[1.0,1.0,1.0,1.0,1.0,1.0,1.0]
10746,[304,3301,6529,7431,9270,9816],[1.0,1.0,1.0,1.0,1.0,1.0]
10746,[822,1726,1789,2126,2737,4857,4881,5641,6872],[1.0,1.0,1.0,1.0,1.0,1.0,1.0,1.0,1.0]
10746,[2070,3590,4576,6026,6080,7443,7555,9270,10028],[1.0,1.0,1.0,1.0,1.0,1.0,1.0,1.0,1.0]
10746,[2599,3965,5667,6518,6922,7465,8033,9298],[1.0,1.0,1.0,1.0,1.0,1.0,1.0,1.0]
10746,[1470,3192,3651,7848,9733],[1.0,1.0,1.0,1.0,1.0]
10746,[1558,2728,3192,4066,4217,6383,8114],[1.0,1.0,1.0,1.0,1.0,1.0,1.0]
10746,[436,1101,1883,2455,2771,3082,3426,5885,8580],[1.0,1.0,1.0,1.0,1.0,1.0,1.0,1.0,1.0]
10746,[1037,6229,6872,8599,9399,9662,10419],[1.0,1.0,1.0,1.0,1.0,1.0,1.0]
10746,[822,1558,4332,6383,6547,8114,8993],[1.0,1.0,1.0,1.0,1.0,1.0,1.0]
10746,[432,3848,4102,4332,6383,6753,8993,9927],[1.0,1.0,1.0,1.0,1.0,1.0,1.0,1.0]
