10746,[845,4440,4722,5373,9496,9878],[1.0,1.0,1.0,1.0,1.0,1.0]
10746,[213,1749,2763,3244,5265,5373,5724,7153,7979,10360],[1.0,1.0,1.0,1.0,1.0,1.0,1.0,1.0,1.0,1.0]
10746,[483,936,1853,2530,2651,3450,3608,9290,9305,9491],[1.0,1.0,1.0,1.0,1.0,1.0,1.0,1.0,1.0,1.0]
10746,[164,878,2530,4552,4881,9183,9262],[1.0,1.0,1.0,1.0,1.0,1.0,1.0]
10746,[878,2530,5181,5592,6170,6527,9183],[1.0,1.0,1.0,1.0,1.0,1.0,1.0]
10746,[878,979,2530,2746,5181,5592,6170,9262],[1.0,1.0,1.0,1.0,1.0,1.0,1.0,1.0]
10746,[582,631,4640,6619,6819,9183,9463,10734],[1.0,1.0,1.0,1.0,1.0,1.0,1.0,1.0]
10746,[582,906,1653,2059,2455,9262,9270,9430,9463],[1.0,1.0,1.0,1.0,1.0,1.0,1.0,1.0,1.0]
10746,[1683,5592,6619,7105,7316,8904,9256,9383],[1.0,1.0,1.0,1.0,1.0,1.0,1.0,1.0]
10746,[258,582,1683,6619,9262,9463],[1.0,1.0,1.0,1.0,1.0,1.0]
10746,[843,4611,4640,5925,6524,7465,8227],[1.0,1.0,1.0,1.0,1.0,1.0,1.0]
10746,[1099,1284,2182,3106,5595,6524,8032,8904,10716],[1.0,1.0,1.0,1.0,1.0,1.0,1.0,1.0,1.0]
10746,[902,2986,7465,8114,9000,10056,10508,10621],[1.0,1.0,1.0,1.0,1.0,1.0,1.0,1.0]
10746,[582,1683,2472,2916,6619,7105,9463],[1.0,1.0,1.0,1.0,1.0,1.0,1.0]
10746,[582,4722,5181,6524,6819,9262,9463],[1.0,1.0,1.0,1.0,1.0,1.0,1.0]
