10746,[1870,2845,3788,4440,4755,7011,7207,9491],[1.0,1.0,1.0,1.0,1.0,1.0,1.0,1.0]
10746,[52,208,213,1296,1431,3579,4299,9491,10360,10463],[1.0,1.0,1.0,1.0,1.0,1.0,1.0,1.0,1.0,1.0]
10746,[15,172,208,578,3545,4299,4611,9000,9491,10103],[1.0,1.0,1.0,1.0,1.0,1.0,1.0,1.0,1.0,1.0]
10746,[14,549,2123,6080,9632,10381,10536,10690],[1.0,1.0,1.0,1.0,1.0,1.0,1.0,1.0]
10746,[143,1299,4888,6341,9348,10536,10734],[1.0,1.0,1.0,1.0,1.0,1.0,1.0]
10746,[463,1534,4534,5928,8993,9348],[1.0,1.0,1.0,1.0,1.0,1.0]
10746,[902,1255,1275,1791,7506,8673,9460,10103],[1.0,1.0,1.0,1.0,1.0,1.0,1.0,1.0]
10746,[1036,1628,4611,6172,7117,8176,8257,9273,9379],[1.0,1.0,1.0,1.0,1.0,1.0,1.0,1.0,1.0]
10746,[129,869,1018,1255,6341,6616,8114,9364],[1.0,1.0,1.0,1.0,1.0,1.0,1.0,1.0]
10746,[372,902,3532,6229,6335,6341,8109,8729,9273],[1.0,1.0,1.0,1.0,1.0,1.0,1.0,1.0,1.0]
10746,[2916,3677,4191,8040,9273,9393,9675,9758],[1.0,1.0,1.0,1.0,1.0,1.0,1.0,1.0]
10746,[635,1948,4258,5406,9248,9407,10716],[1.0,1.0,1.0,1.0,1.0,1.0,1.0]
10746,[1255,1791,2123,6566,7205,9379,9748],[1.0,1.0,1.0,1.0,1.0,1.0,1.0]
10746,[303,2247,2455,5912,6394,6905,9270,9338,9497],[1.0,1.0,1.0,1.0,1.0,1.0,1.0,1.0,1.0]
10746,[1128,1760,1870,2845,3788,5079,7011,8092,9491,10041],[1.0,1.0,1.0,1.0,1.0,1.0,1.0,1.0,1.0,1.0]
10746,[1479,6597],[1.0,1.0]
