10746,[39,1698,3844,4440,4906,6341,8028],[1.0,1.0,1.0,1.0,1.0,1.0,1.0]
10746,[213,1706,2518,4055,4778,5017,7463,9342,9865,10360],[1.0,1.0,1.0,1.0,1.0,1.0,1.0,1.0,1.0,1.0]
10746,[2785,3844,5486,8540,10152,10463],[1.0,1.0,1.0,1.0,1.0,1.0]
10746,[936,1800,3515,3993,4024,6530,8386,10731],[1.0,1.0,1.0,1.0,1.0,1.0,1.0,1.0]
10746,[121,386,1291,6385,6819,7733,9342,9465],[1.0,1.0,1.0,1.0,1.0,1.0,1.0,1.0]
10746,[55,406,822,4202,4355,5803,9005,10037,10363],[1.0,1.0,1.0,1.0,1.0,1.0,1.0,1.0,1.0]
10746,[3082,5328,7757,8595,9273,9460,9611],[1.0,1.0,1.0,1.0,1.0,1.0,1.0]
10746,[806,1171,1299,2036,2403,2407,3509,4024,5181],[1.0,1.0,1.0,1.0,1.0,1.0,1.0,1.0,1.0]
10746,[217,2785,5486,6005,6914,8298,10263],[1.0,1.0,1.0,1.0,1.0,1.0,1.0]
10746,[121,1853,1969,2218,2785,4202,4389,5803,7606],[1.0,1.0,1.0,1.0,1.0,1.0,1.0,1.0,1.0]
10746,[406,822,3545,4191,5564,7733,9632,10363],[1.0,1.0,1.0,1.0,1.0,1.0,1.0,1.0]
10746,[143,1237,5428,9342,9465,9632],[1.0,1.0,1.0,1.0,1.0,1.0]
10746,[844,3651,5886,6281,9111,10082,10139],[1.0,1.0,1.0,1.0,1.0,1.0,1.0]
10746,[51,635,1255,1516,3599,5886,7907,9632],[1.0,1.0,1.0,1.0,1.0,1.0,1.0,1.0]
10746,[1255,5995,6401,7339,7843,10595],[1.0,1.0,1.0,1.0,1.0,1.0]
10746,[1105,1706,1712,2038,4042,8701,10082,10139],[1.0,1.0,1.0,1.0,1.0,1.0,1.0,1.0]
10746,[1216,3082,5005,5752,6272,7757,9851],[1.0,1.0,1.0,1.0,1.0,1.0,1.0]
10746,[1150,2823,4804,4921,5181,5328,8554,9289,9328,10617],[1.0,1.0,1.0,1.0,1.0,1.0,1.0,1.0,1.0,1.0]
10746,[3651,5928,6999,8328,8582,8701,9379],[1.0,1.0,1.0,1.0,1.0,1.0,1.0]
10746,[2493,2916,4374,4611,7580,8411,8701],[1.0,1.0,1.0,1.0,1.0,1.0,1.0]
10746,[956,1698,4921,4971,6272,10680],[1.0,1.0,1.0,1.0,1.0,1.0]
