10746,[2200,3277,3282,4616,5279,6502,8867,9491,9996],[1.0,1.0,1.0,1.0,1.0,1.0,1.0,1.0,1.0]
10746,[2200,2531,3277,4440,4809,5090,9491,9996],[1.0,1.0,1.0,1.0,1.0,1.0,1.0,1.0]
10746,[2632,2785,3112,3844,5090,5358,5486,5845],[1.0,1.0,1.0,1.0,1.0,1.0,1.0,1.0]
10746,[3277,3844,5279,5358,9113,9491,9746],[1.0,1.0,1.0,1.0,1.0,1.0,1.0]
10746,[2200,2518,3277,4778,9391,9491,9996,10152,10360],[1.0,1.0,1.0,1.0,1.0,1.0,1.0,1.0,1.0]
10746,[39,213,3844,5358,6753,10463],[1.0,1.0,1.0,1.0,1.0,1.0]
10746,[936,2200,3277,5090,5845,6131,9491,9996,10201],[1.0,1.0,1.0,1.0,1.0,1.0,1.0,1.0,1.0]
10746,[871,896,936,1411,1910,2123,7114,9841],[1.0,1.0,1.0,1.0,1.0,1.0,1.0,1.0]
10746,[143,1965,6335,7670,8160,8680,10068],[1.0,1.0,1.0,1.0,1.0,1.0,1.0]
10746,[637,3192,6061,7105,7813,8114,8160,10445],[1.0,1.0,1.0,1.0,1.0,1.0,1.0,1.0]
10746,[1535,2123,2596,5596,7506,7670,7813,10445],[1.0,1.0,1.0,1.0,1.0,1.0,1.0,1.0]
10746,[2466,5181,5320,7022,7419,7634,7757],[1.0,1.0,1.0,1.0,1.0,1.0,1.0]
10746,[871,1389,3437,4405,6639,9799],[1.0,1.0,1.0,1.0,1.0,1.0]
10746,[3102,3545,5991,6167,6585,7419,10419,10445],[1.0,1.0,1.0,1.0,1.0,1.0,1.0,1.0]
10746,[372,631,760,2074,4042,7649,7670,9328],[1.0,1.0,1.0,1.0,1.0,1.0,1.0,1.0]
10746,[4725,5428,5845,8411,8729,9478],[1.0,1.0,1.0,1.0,1.0,1.0]
