10746,[39,2531,3844,4440,6131,6753,10201],[1.0,1.0,1.0,1.0,1.0,1.0,1.0]
10746,[213,2518,4055,4778,4809,5017,7463,9865,10152,10360],[1.0,1.0,1.0,1.0,1.0,1.0,1.0,1.0,1.0,1.0]
10746,[936,2632,3844,8042,8540,9763,10325],[1.0,1.0,1.0,1.0,1.0,1.0,1.0]
10746,[956,2916,3257,5604,6886,7045,9792],[1.0,1.0,1.0,1.0,1.0,1.0,1.0]
10746,[501,860,4217,6167,6886,10555,10621],[1.0,1.0,1.0,1.0,1.0,1.0,1.0]
10746,[365,372,1255,5351,5592,7580,9290,9851],[1.0,1.0,1.0,1.0,1.0,1.0,1.0,1.0]
10746,[210,372,2916,4405,5592,7869,8114,8729,9460,10139],[1.0,1.0,1.0,1.0,1.0,1.0,1.0,1.0,1.0,1.0]
10746,[428,871,2203,5207,5592,9290,9851],[1.0,1.0,1.0,1.0,1.0,1.0,1.0]
10746,[372,1990,2916,3545,5592,6129,8114],[1.0,1.0,1.0,1.0,1.0,1.0,1.0]
10746,[372,871,2590,2916,3257,3268,5592,10222,10388],[1.0,1.0,1.0,1.0,1.0,1.0,1.0,1.0,1.0]
10746,[372,1948,3502,4632,5351,5592,9646,10082],[1.0,1.0,1.0,1.0,1.0,1.0,1.0,1.0]
10746,[902,2916,4217,5351,5592,8114,9290,9871,10082],[1.0,1.0,1.0,1.0,1.0,1.0,1.0,1.0,1.0]
10746,[5592,7379,8729,9290,9851,10082,10139,10381],[1.0,1.0,1.0,1.0,1.0,1.0,1.0,1.0]
10746,[2618,2751,3748,5580,9465,9851,10068,10617],[1.0,1.0,1.0,1.0,1.0,1.0,1.0,1.0]
10746,[424,869,2708,2916,3732,4191,4772,7213,7869,9298],[1.0,1.0,1.0,1.0,1.0,1.0,1.0,1.0,1.0,1.0]
10746,[956,1275,1370,2016,6324,8114,9465],[1.0,1.0,1.0,1.0,1.0,1.0,1.0]
10746,[871,1054,2944,3708,3713,5983,8398,9165,9433],[1.0,1.0,1.0,1.0,1.0,1.0,1.0,1.0,1.0]
10746,[35,1144,3545,3713,9289,9364,9433,9465,10222],[1.0,1.0,1.0,1.0,1.0,1.0,1.0,1.0,1.0]
10746,[2425,2916,3713,3741,4000,5328,9237,9433,10222],[1.0,1.0,1.0,1.0,1.0,1.0,1.0,1.0,1.0]
10746,[871,2916,5031,5069,5592,9841,10082,10222],[1.0,1.0,1.0,1.0,1.0,1.0,1.0,1.0]
10746,[436,871,5069,6229,6335,7513,7813,9851],[1.0,1.0,1.0,1.0,1.0,1.0,1.0,1.0]
10746,[871,1803,1885,4650,6341,7218,8729],[1.0,1.0,1.0,1.0,1.0,1.0,1.0]
10746,[6753,6901],[1.0,1.0]
