10746,[1237,3669,4440,4750,6753,8635,10187,10360],[1.0,1.0,1.0,1.0,1.0,1.0,1.0,1.0]
10746,[213,1193,1652,2518,2661,4681,4778,10152,10187],[1.0,1.0,1.0,1.0,1.0,1.0,1.0,1.0,1.0]
10746,[39,3844,5358,6131,6753,10463],[1.0,1.0,1.0,1.0,1.0,1.0]
10746,[637,902,936,4722,5373,7633,10201],[1.0,1.0,1.0,1.0,1.0,1.0,1.0]
10746,[3423,5660,6518,7211,7749],[1.0,1.0,1.0,1.0,1.0]
10746,[1255,1535,3627,5506,8445,9171,9379],[1.0,1.0,1.0,1.0,1.0,1.0,1.0]
10746,[204,2623,2649,6080,7384,9171,9273,10222,10419,10627],[1.0,1.0,1.0,1.0,1.0,1.0,1.0,1.0,1.0,1.0]
10746,[506,511,1099,1535,2738,3480,7749,9171],[1.0,1.0,1.0,1.0,1.0,1.0,1.0,1.0]
10746,[758,1255,3627,5506,8445,9379],[1.0,1.0,1.0,1.0,1.0,1.0]
10746,[758,2087,2492,2628,5666,7317,9632],[1.0,1.0,1.0,1.0,1.0,1.0,1.0]
10746,[717,971,2916,3507,4603,5575,6394,8571,8842],[1.0,1.0,1.0,1.0,1.0,1.0,1.0,1.0,1.0]
10746,[463,4611,6500,7728,9379,9489,9607],[1.0,1.0,1.0,1.0,1.0,1.0,1.0]
10746,[2455,2618,2876,4042,4204,6500,7381,9607,9748],[1.0,1.0,1.0,1.0,1.0,1.0,1.0,1.0,1.0]
10746,[356,2272,2916,3832,7101,8343,9528],[1.0,1.0,1.0,1.0,1.0,1.0,1.0]
10746,[5820],[1.0]
