10746,[4263,4440,6220,7019,9013,10056,10267],[1.0,1.0,1.0,1.0,1.0,1.0,1.0]
10746,[1316,2651,3006,5868,6394,7031,7478,9769,10360],[1.0,1.0,1.0,1.0,1.0,1.0,1.0,1.0,1.0]
10746,[213,936,1316,1344,5017,5918,6753,7031,8494],[1.0,1.0,1.0,1.0,1.0,1.0,1.0,1.0,1.0]
10746,[35,936,1166,4750,6341,8729,8960,9270],[1.0,1.0,1.0,1.0,1.0,1.0,1.0,1.0]
10746,[975,1036,2532,6341,8729,8764,9270,10508],[1.0,1.0,1.0,1.0,1.0,1.0,1.0,1.0]
10746,[3741,3993,7671,8729,8908,9062],[1.0,1.0,1.0,1.0,1.0,1.0]
10746,[2238,5564,8040,8917,9290,10621],[1.0,1.0,1.0,1.0,1.0,1.0]
10746,[902,1255,1791,3950,4682,5328,5440,5928,9465],[1.0,1.0,1.0,1.0,1.0,1.0,1.0,1.0,1.0]
10746,[1255,1766,4606,4682,5983,8114,9270,9289,9851],[1.0,1.0,1.0,1.0,1.0,1.0,1.0,1.0,1.0]
10746,[14,1637,1948,2799,5440,5918,9270,10122,10222],[1.0,1.0,1.0,1.0,1.0,1.0,1.0,1.0,1.0]
10746,[365,1662,2493,3784,4473,5150,5661,8347],[1.0,1.0,1.0,1.0,1.0,1.0,1.0,1.0]
10746,[633,1036,4258,4611,10082,10122],[1.0,1.0,1.0,1.0,1.0,1.0]
10746,[567,1028,1637,3216,4414,5003,5181,9270],[1.0,1.0,1.0,1.0,1.0,1.0,1.0,1.0]
10746,[2079,3944,4755,5394,6229,10096,10222],[1.0,1.0,1.0,1.0,1.0,1.0,1.0]
10746,[495,1275,2438,4268,5001,6394,9364,10122],[1.0,1.0,1.0,1.0,1.0,1.0,1.0,1.0]
10746,[1712,2493,4205,4374,6341,9676],[1.0,1.0,1.0,1.0,1.0,1.0]
10746,[1625,2956,3515,4268,5440,8729,9292],[1.0,1.0,1.0,1.0,1.0,1.0,1.0]
10746,[3698,4035,4968,6597,6609,6814],[1.0,1.0,1.0,1.0,1.0,1.0]
10746,[14,896,966,2022,3532,3651,5990,6810,8033,10222],[1.0,1.0,1.0,1.0,1.0,1.0,1.0,1.0,1.0,1.0]
10746,[731,869,1619,5031,5586,6590,6683,6985,9851],[1.0,1.0,1.0,1.0,1.0,1.0,1.0,1.0,1.0]
10746,[372,869,1255,6590,7813,8792,10222,10582,10621],[1.0,1.0,1.0,1.0,1.0,1.0,1.0,1.0,1.0]
10746,[162,3545,4191,9290,9651],[1.0,1.0,1.0,1.0,1.0]
10746,[806,1297,4332,5437,7384,9585],[1.0,1.0,1.0,1.0,1.0,1.0]
10746,[3070,3532,4597,5328,5428,5886,6167,9365],[1.0,1.0,1.0,1.0,1.0,1.0,1.0,1.0]
10746,[3089,4374,4389,4440,9338,9841,10331],[1.0,1.0,1.0,1.0,1.0,1.0,1.0]
10746,[578,4263,4755,6650,6915],[1.0,1.0,1.0,1.0,1.0]
