10746,[2530,2750,4314,4440,4778,7751,9491,9608],[1.0,1.0,1.0,1.0,1.0,1.0,1.0,1.0]
10746,[1245,1805,1898,2518,3767,4621,5030,7289,10152,10360],[1.0,1.0,1.0,1.0,1.0,1.0,1.0,1.0,1.0,1.0]
10746,[213,3899,4722,4954,5373,8554],[1.0,1.0,1.0,1.0,1.0,1.0]
10746,[1653,1743,1829,5693,5710,6341,6368,7751,9534],[1.0,1.0,1.0,1.0,1.0,1.0,1.0,1.0,1.0]
10746,[242,936,1653,3474,5355,9491,10463],[1.0,1.0,1.0,1.0,1.0,1.0,1.0]
10746,[213,1712,3257,3547,4098,6401,8280,8904,9313],[1.0,1.0,1.0,1.0,1.0,1.0,1.0,1.0,1.0]
10746,[1910,4098,5181,5619,7365,7384,9632,10222],[1.0,1.0,1.0,1.0,1.0,1.0,1.0,1.0]
10746,[742,1097,1099,2906,5032,6182,8729,9281],[1.0,1.0,1.0,1.0,1.0,1.0,1.0,1.0]
10746,[1255,1517,2079,2662,2916,3523,6341,7751,8476,9724],[1.0,1.0,1.0,1.0,1.0,1.0,1.0,1.0,1.0,1.0]
10746,[1255,2114,2123,3400,4934,7959,8673,10068,10235],[1.0,1.0,1.0,1.0,1.0,1.0,1.0,1.0,1.0]
10746,[1712,2572,3176,7295,7751,9632,10222],[1.0,1.0,1.0,1.0,1.0,1.0,1.0]
10746,[2111,2750,2804,4314,4555,7230,7773,9608],[1.0,1.0,1.0,1.0,1.0,1.0,1.0,1.0]
10746,[2995,3645,6341,6606,7546,9491],[1.0,1.0,1.0,1.0,1.0,1.0]
