10746,[463,2994,3933,4440,4534,7813,7815,10445],[1.0,1.0,1.0,1.0,1.0,1.0,1.0,1.0]
10746,[1601,2994,3006,3933,7074,7815,9972,10360],[1.0,1.0,1.0,1.0,1.0,1.0,1.0,1.0]
10746,[213,1873,3139,4954,6777,6890,7070,10032,10463],[1.0,1.0,1.0,1.0,1.0,1.0,1.0,1.0,1.0]
10746,[936,2802,3139,6121,7481,8295,10032,10270],[1.0,1.0,1.0,1.0,1.0,1.0,1.0,1.0]
10746,[936,2802,3195,4954,6890,7481,9034,10032,10463],[1.0,1.0,1.0,1.0,1.0,1.0,1.0,1.0,1.0]
10746,[936,3139,5443,6777,8295,10032,10270],[1.0,1.0,1.0,1.0,1.0,1.0,1.0]
10746,[902,933,3651,5204,5443,5985,6035],[1.0,1.0,1.0,1.0,1.0,1.0,1.0]
10746,[673,2530,3118,5429,9686,10093],[1.0,1.0,1.0,1.0,1.0,1.0]
10746,[417,1920,2600,4998,6167,7179,7328,9646],[1.0,1.0,1.0,1.0,1.0,1.0,1.0,1.0]
10746,[14,1099,1255,8917,9290,10621],[1.0,1.0,1.0,1.0,1.0,1.0]
10746,[5069,5820,6952,7412,9290,9632,9667,10222],[1.0,1.0,1.0,1.0,1.0,1.0,1.0,1.0]
10746,[902,1514,2745,5195,9632,9890,10093,10222],[1.0,1.0,1.0,1.0,1.0,1.0,1.0,1.0]
10746,[1099,1706,1881,4576,5764,6590,7390],[1.0,1.0,1.0,1.0,1.0,1.0,1.0]
10746,[1099,2090,3061,5443,7105,7179,8114,10426],[1.0,1.0,1.0,1.0,1.0,1.0,1.0,1.0]
10746,[1652,1778,2994,3061,3933,3993,6843,7815,9396],[1.0,1.0,1.0,1.0,1.0,1.0,1.0,1.0,1.0]
10746,[1462,3061,5511,5622,7229,10666],[1.0,1.0,1.0,1.0,1.0,1.0]
