10746,[207,540,563,2910,4440,5737,6547,9096],[1.0,1.0,1.0,1.0,1.0,1.0,1.0,1.0]
10746,[540,1932,2518,3006,4778,4954,8030,9096,10152],[1.0,1.0,1.0,1.0,1.0,1.0,1.0,1.0,1.0]
10746,[213,563,1652,9096,10187,10360,10463],[1.0,1.0,1.0,1.0,1.0,1.0,1.0]
10746,[540,563,936,4750,6753,9096,10187,10463],[1.0,1.0,1.0,1.0,1.0,1.0,1.0,1.0]
10746,[766,936,2910,3768,4732,7330,8584,9096,10621],[1.0,1.0,1.0,1.0,1.0,1.0,1.0,1.0,1.0]
10746,[51,4042,7205,8584,8614,9705,10508,10621],[1.0,1.0,1.0,1.0,1.0,1.0,1.0,1.0]
10746,[896,1706,3741,4476,7700,8690,10017],[1.0,1.0,1.0,1.0,1.0,1.0,1.0]
10746,[282,791,1712,2853,6088,8161,8584,9090,10681],[1.0,1.0,1.0,1.0,1.0,1.0,1.0,1.0,1.0]
10746,[1673,1712,5142,7568,7987,10621],[1.0,1.0,1.0,1.0,1.0,1.0]
10746,[860,1275,1712,5142,7568,8595],[1.0,1.0,1.0,1.0,1.0,1.0]
10746,[282,791,1712,8161,8584,8595,9090,9705,10621],[1.0,1.0,1.0,1.0,1.0,1.0,1.0,1.0,1.0]
10746,[282,1869,5142,7568,8161,8614,9090,9888],[1.0,1.0,1.0,1.0,1.0,1.0,1.0,1.0]
10746,[282,1992,3661,6512,7917,8161,8595,9090],[1.0,1.0,1.0,1.0,1.0,1.0,1.0,1.0]
10746,[51,563,3089,4042,8614,9096,9705,10621],[1.0,1.0,1.0,1.0,1.0,1.0,1.0,1.0]
10746,[452,1187,4548,7857,8908],[1.0,1.0,1.0,1.0,1.0]
