10746,[2049,3791,4440,6193,7481,9325,9632,9867],[1.0,1.0,1.0,1.0,1.0,1.0,1.0,1.0]
10746,[213,1237,1652,5646,7481,8635,8779,8956,10360,10463],[1.0,1.0,1.0,1.0,1.0,1.0,1.0,1.0,1.0,1.0]
10746,[242,2013,5201,6557,8751,8779,9491],[1.0,1.0,1.0,1.0,1.0,1.0,1.0]
10746,[936,2049,3791,7481,9867,10463],[1.0,1.0,1.0,1.0,1.0,1.0]
10746,[936,1965,2193,2455,2916,3669,3890,4405,6872],[1.0,1.0,1.0,1.0,1.0,1.0,1.0,1.0,1.0]
10746,[5207,5246,6193,6279,7307,8280,9325,9701],[1.0,1.0,1.0,1.0,1.0,1.0,1.0,1.0]
10746,[28,135,1299,1453,1535,5181,5205,6442,7390,9424],[1.0,1.0,1.0,1.0,1.0,1.0,1.0,1.0,1.0,1.0]
10746,[1521,3528,6193,6257,8398,9289,9325,9784],[1.0,1.0,1.0,1.0,1.0,1.0,1.0,1.0]
10746,[549,1255,2366,3732,4592,6335,6754,10609,10617],[1.0,1.0,1.0,1.0,1.0,1.0,1.0,1.0,1.0]
10746,[2596,3216,3515,7736,8903,10539],[1.0,1.0,1.0,1.0,1.0,1.0]
10746,[3605,3830,4217,6383,6872,8580,9079,10350],[1.0,1.0,1.0,1.0,1.0,1.0,1.0,1.0]
10746,[296,3249,4801,6169,7649,8795,10082],[1.0,1.0,1.0,1.0,1.0,1.0,1.0]
10746,[14,902,1463,2240,3813,4195,6964,7791],[1.0,1.0,1.0,1.0,1.0,1.0,1.0,1.0]
10746,[2509,4950,6603,6872],[1.0,1.0,1.0,1.0]
10746,[3257,3605,3813,4217,4656,6193,8222,9831],[1.0,1.0,1.0,1.0,1.0,1.0,1.0,1.0]
10746,[191,275,4239,6335,7718,8554,10068],[1.0,1.0,1.0,1.0,1.0,1.0,1.0]
10746,[14,1099,1375,3651,4217,6872,7843,9399],[1.0,1.0,1.0,1.0,1.0,1.0,1.0,1.0]
10746,[365,3372,4004,6193,6603,6856,10308,10350],[1.0,1.0,1.0,1.0,1.0,1.0,1.0,1.0]
10746,[1144,3669,5541,8032,8795,9270,10203],[1.0,1.0,1.0,1.0,1.0,1.0,1.0]
10746,[143,860,2771,3426,5983,6383,8554,9079,10621],[1.0,1.0,1.0,1.0,1.0,1.0,1.0,1.0,1.0]
10746,[126,1639,2013,3592,5069,5641,6557,10617,10694],[1.0,1.0,1.0,1.0,1.0,1.0,1.0,1.0,1.0]
10746,[1639,4258,5069,5201,8288,8729,8751,8779,9491,10621],[1.0,1.0,1.0,1.0,1.0,1.0,1.0,1.0,1.0,1.0]
10746,[3216,4534,4592,4671,5200,7699,9365],[1.0,1.0,1.0,1.0,1.0,1.0,1.0]
10746,[1036,4268,4344,6383,7921,9079,9290,10056,10263,10621],[1.0,1.0,1.0,1.0,1.0,1.0,1.0,1.0,1.0,1.0]
10746,[29,3402,4576,8005,8690,9784],[1.0,1.0,1.0,1.0,1.0,1.0]
10746,[1234,1710,3473,3883,4066,7237,8514],[1.0,1.0,1.0,1.0,1.0,1.0,1.0]
10746,[2619,3754,4217,5651,7219,9851,10433],[1.0,1.0,1.0,1.0,1.0,1.0,1.0]
10746,[1706,2771,4154,4223,4424,5181,6035,7379,10350],[1.0,1.0,1.0,1.0,1.0,1.0,1.0,1.0,1.0]
10746,[62,1099,2455,3586,3680,5181,9328],[1.0,1.0,1.0,1.0,1.0,1.0,1.0]
10746,[1706,4197,4217,4554,6689,7965,8421,9534],[1.0,1.0,1.0,1.0,1.0,1.0,1.0,1.0]
10746,[372,1804,3653,4149,5592,6284,6335,8729,9298,10350],[1.0,1.0,1.0,1.0,1.0,1.0,1.0,1.0,1.0,1.0]
10746,[242,5928,9641],[1.0,1.0,1.0]
