10746,[2916,4440,4695,4934,6720,8104],[1.0,1.0,1.0,1.0,1.0,1.0]
10746,[2493,3900,4277,5653,6843,8104,8372,10247,10360,10647],[1.0,1.0,1.0,1.0,1.0,1.0,1.0,1.0,1.0,1.0]
10746,[172,213,1316,4825,6380,7031,9632,10463],[1.0,1.0,1.0,1.0,1.0,1.0,1.0,1.0]
10746,[141,902,936,2022,5207,5918,8494,9290],[1.0,1.0,1.0,1.0,1.0,1.0,1.0,1.0]
10746,[902,4258,5540,6167,6229,10617],[1.0,1.0,1.0,1.0,1.0,1.0]
10746,[141,143,3713,3732,6819,8114,10091],[1.0,1.0,1.0,1.0,1.0,1.0,1.0]
10746,[463,501,3509,4113,4606,8046,9653,10617],[1.0,1.0,1.0,1.0,1.0,1.0,1.0,1.0]
10746,[463,896,2123,2318,2708,3257,4534,5564,10433],[1.0,1.0,1.0,1.0,1.0,1.0,1.0,1.0,1.0]
10746,[347,549,860,1284,3257,7744,10433],[1.0,1.0,1.0,1.0,1.0,1.0,1.0]
10746,[1222,3267,5948,9270],[1.0,1.0,1.0,1.0]
