10746,[2200,2531,3277,4440,5090,5845,9491,9996],[1.0,1.0,1.0,1.0,1.0,1.0,1.0,1.0]
10746,[213,2200,2518,3277,4778,4809,5820,7937,10152,10360],[1.0,1.0,1.0,1.0,1.0,1.0,1.0,1.0,1.0,1.0]
10746,[39,3277,3844,5358,6753,9491,9996,10463],[1.0,1.0,1.0,1.0,1.0,1.0,1.0,1.0]
10746,[936,2632,6131,6753,8042,9763,10201,10325],[1.0,1.0,1.0,1.0,1.0,1.0,1.0,1.0]
10746,[936,2916,3257,5604,6886,7045,8042],[1.0,1.0,1.0,1.0,1.0,1.0,1.0]
10746,[501,860,956,4217,9792,10555,10621],[1.0,1.0,1.0,1.0,1.0,1.0,1.0]
10746,[365,1255,5351,6167,6886,7580,9290,9851],[1.0,1.0,1.0,1.0,1.0,1.0,1.0,1.0]
10746,[372,2916,4405,5592,7869,8114,8729,9460,10139],[1.0,1.0,1.0,1.0,1.0,1.0,1.0,1.0,1.0]
10746,[210,428,2203,5207,5592,9290,9851],[1.0,1.0,1.0,1.0,1.0,1.0,1.0]
10746,[372,871,2916,3545,5592,6129,8114],[1.0,1.0,1.0,1.0,1.0,1.0,1.0]
10746,[372,871,1990,2916,3257,3268,5592,10222],[1.0,1.0,1.0,1.0,1.0,1.0,1.0,1.0]
10746,[372,1948,2590,3502,5592,9646,10082,10388],[1.0,1.0,1.0,1.0,1.0,1.0,1.0,1.0]
10746,[902,4217,4632,5351,5592,9290,9871,10082],[1.0,1.0,1.0,1.0,1.0,1.0,1.0,1.0]
10746,[2916,7379,8114,8729,9290,9851,10082,10139,10381],[1.0,1.0,1.0,1.0,1.0,1.0,1.0,1.0,1.0]
10746,[2751,5580,5592,9465,9851,10068,10617],[1.0,1.0,1.0,1.0,1.0,1.0,1.0]
10746,[424,869,2618,2708,2916,3732,3748,4772,7869,9298],[1.0,1.0,1.0,1.0,1.0,1.0,1.0,1.0,1.0,1.0]
10746,[1370,2016,4191,6492,7213,8114,9528],[1.0,1.0,1.0,1.0,1.0,1.0,1.0]
10746,[544,1055,2916,4114,7316,7382,9632,10203,10528],[1.0,1.0,1.0,1.0,1.0,1.0,1.0,1.0,1.0]
10746,[381,822,956,5641,7182,7826,9632,9841],[1.0,1.0,1.0,1.0,1.0,1.0,1.0,1.0]
10746,[3075,3603,4430,4671,5351,8698,9648,10082],[1.0,1.0,1.0,1.0,1.0,1.0,1.0,1.0]
10746,[1438,2588,4871,7419,7649,10082,10139],[1.0,1.0,1.0,1.0,1.0,1.0,1.0]
10746,[2974,4552,5181,5209,5938,6170,8114,8576,9850],[1.0,1.0,1.0,1.0,1.0,1.0,1.0,1.0,1.0]
10746,[2588,5604,5845,5971,9632,9740],[1.0,1.0,1.0,1.0,1.0,1.0]
